ADXL345 X,ADXL345 Y,ADXL345 Z,rotation X,rotation Y,rotation Z,MMA8451Q X,MMA8451Q Y,MMA8451Q Z
-13,-258,42,1,62,-2,-27,-1031,143
-11,-262,44,0,62,0,-20,-1035,149
-11,-262,42,-1,64,-2,-21,-1033,147
-13,-260,45,0,63,-1,-23,-1026,146
-11,-261,40,0,64,-1,-26,-1031,149
-21,-257,35,-3,64,-1,-22,-1035,148
-10,-261,44,-4,64,-2,-24,-1033,148
-10,-263,43,-2,63,-3,-23,-1029,149
-14,-262,45,-4,63,-3,-23,-1036,146
-12,-261,46,-3,63,-3,-23,-1029,150
-10,-264,45,-4,66,-2,-23,-1031,143
-11,-263,44,-4,67,-3,-22,-1028,141
-11,-264,42,-4,68,-3,-26,-1036,146
-12,-259,44,-6,68,-3,-26,-1034,142
-13,-262,42,-7,69,-4,-22,-1038,143
-12,-263,42,-7,69,-2,-21,-1037,144
-11,-261,43,-6,69,-3,-25,-1035,142
-13,-265,46,-7,73,-4,-25,-1037,146
-13,-262,43,-8,74,-4,-21,-1034,147
-15,-260,42,-8,75,-3,-27,-1034,150
-12,-261,46,-12,75,-4,-24,-1030,145
-14,-263,46,-12,73,-5,-24,-1030,145
-10,-263,41,-15,72,-5,-28,-1034,144
-12,-260,43,-16,73,-6,-13,-1032,143
-11,-266,43,-16,72,-5,-23,-1035,142
-13,-263,45,-17,72,-6,-28,-1050,143
-12,-266,46,-17,73,-5,-25,-1033,145
-13,-265,41,-15,73,-6,-28,-1037,148
-13,-262,45,-14,72,-8,-31,-1038,145
-15,-262,45,-10,71,-7,-31,-1034,147
-14,-262,42,-4,71,-7,-33,-1043,143
-16,-264,43,3,70,-6,-32,-1037,144
-12,-261,42,9,71,-6,-27,-1034,137
-10,-262,43,11,71,-7,-29,-1031,144
-14,-260,44,10,68,-8,-25,-1026,144
-13,-265,42,11,69,-6,-22,-1030,150
-13,-262,44,10,70,-6,-25,-1028,153
-13,-260,48,10,72,-4,-21,-1032,152
-11,-259,47,11,73,-5,-23,-1031,151
-10,-262,47,10,73,-5,-18,-1030,150
-13,-261,47,7,74,-6,-23,-1032,148
-10,-263,41,6,73,-7,-21,-1037,151
-11,-262,43,4,74,-7,-20,-1035,145
-12,-262,45,2,74,-7,-24,-1032,150
-14,-262,41,1,76,-6,-21,-1037,148
-13,-263,44,-1,76,-3,-26,-1037,148
-12,-264,46,-4,75,-5,-27,-1034,151
-13,-260,44,-5,76,-5,-25,-1037,144
-15,-261,44,-7,76,-4,-29,-1038,146
-17,-264,45,-8,77,-3,-31,-1030,151
-16,-262,44,-10,77,-3,-31,-1038,151
-14,-262,44,-10,77,-4,-34,-1037,150
-13,-263,44,-10,76,-3,-33,-1038,147
-13,-265,45,-8,76,-4,-33,-1040,150
-15,-265,44,-6,74,-5,-25,-1035,149
-14,-263,44,-6,74,-4,-29,-1034,149
-12,-263,46,-4,75,-6,-28,-1031,149
-12,-264,49,-5,75,-5,-29,-1028,148
-13,-262,45,-5,75,-4,-25,-1031,148
-13,-261,44,-5,74,-5,-26,-1037,148
-11,-264,45,-7,72,-4,-31,-1034,150
-13,-263,42,-8,72,-5,-31,-1044,147
-13,-263,45,-9,71,-5,-33,-1036,147
-15,-265,43,-8,71,-4,-29,-1038,147
-15,-260,44,-10,70,-4,-36,-1036,144
-14,-264,42,-10,70,-3,-33,-1036,150
-14,-261,43,-8,69,-3,-27,-1033,146
-15,-263,45,-8,69,-3,-34,-1033,150
-13,-261,44,-8,67,-3,-30,-1031,152
-12,-262,49,-7,68,-2,-31,-1027,147
-12,-261,46,-9,67,-2,-33,-1028,153
-11,-263,46,-10,67,-3,-25,-1030,148
-13,-262,45,-13,68,-1,-29,-1035,149
-13,-264,43,-14,68,-1,-28,-1034,152
-16,-260,44,-14,69,1,-23,-1041,151
-13,-264,43,-14,67,2,-26,-1032,142
-11,-261,40,-13,67,2,-28,-1032,144
-12,-262,43,-13,66,2,-24,-1036,147
-12,-261,46,-11,65,2,-20,-1036,145
-15,-260,46,-9,66,2,-24,-1035,144
-10,-260,45,-8,66,1,-21,-1031,143
-11,-260,42,-8,65,1,-20,-1028,144
-14,-264,42,-8,67,0,-24,-1031,148
-13,-260,43,-7,67,1,-23,-1031,145
-14,-263,42,-8,67,0,-26,-1036,147
-13,-259,45,-9,67,-1,-25,-1030,148
-15,-259,43,-9,68,-2,-21,-1031,146
-14,-261,40,-9,68,-1,-28,-1036,145
-13,-262,44,-10,67,-1,-24,-1036,145
-12,-260,43,-9,68,-3,-29,-1040,145
-12,-262,45,-10,69,-2,-28,-1036,144
-13,-260,42,-10,69,-3,-25,-1030,143
-12,-261,43,-8,71,-5,-23,-1034,142
-14,-263,45,-8,70,-4,-26,-1028,142
-13,-262,43,-8,71,-4,-26,-1031,143
-10,-262,40,-6,71,-4,-22,-1033,140
-15,-262,48,-7,71,-5,-27,-1033,141
-13,-264,41,-7,72,-5,-19,-1035,144
-11,-264,42,-7,70,-6,-26,-1037,148
-12,-262,43,-6,69,-7,-25,-1044,145
-12,-263,41,-8,71,-7,-24,-1033,142
-11,-262,46,-9,70,-6,-23,-1036,146
-14,-261,44,-10,69,-6,-22,-1031,144
-12,-259,43,-9,69,-8,-27,-1035,147
-13,-262,44,-10,71,-6,-27,-1033,144
-13,-264,46,-11,72,-7,-26,-1038,144
-14,-262,46,-11,71,-6,-23,-1034,145
-10,-261,46,-11,71,-6,-25,-1037,146
-14,-264,44,-11,69,-7,-23,-1038,143
-12,-264,41,-10,68,-5,-25,-1031,146
-14,-264,45,-8,68,-4,-24,-1026,139
-19,-259,43,-8,69,-5,-21,-1033,144
-12,-261,46,-6,70,-5,-27,-1032,149
-14,-261,41,-8,70,-4,-30,-1032,146
-11,-262,48,-10,71,-4,-26,-1036,148
-12,-262,44,-11,71,-3,-20,-1031,147
-11,-258,46,-11,70,-4,-24,-1028,145
-12,-259,43,-13,69,-5,-28,-1029,142
-10,-263,45,-13,69,-6,-26,-1034,145
-12,-264,45,-15,69,-7,-22,-1033,145
-12,-263,43,-16,70,-7,-22,-1036,147
-14,-263,44,-18,71,-6,-27,-1036,147
-13,-261,44,-20,71,-6,-25,-1032,146
-13,-259,44,-21,72,-7,-23,-1031,147
-13,-263,43,-23,72,-7,-25,-1033,148
-10,-261,44,-24,73,-6,-25,-1036,145
-13,-263,45,-26,73,-6,-25,-1032,143
-13,-262,39,-27,73,-6,-31,-1037,141
-12,-264,43,-28,73,-6,-29,-1049,143
-12,-263,44,-28,72,-6,-29,-1038,146
-16,-263,42,-28,71,-5,-30,-1038,144
-17,-262,44,-26,70,-6,-32,-1040,145
-14,-262,42,-21,67,-7,-28,-1035,141
-13,-260,41,-15,66,-9,-27,-1039,145
-11,-263,46,-9,68,-9,-21,-1032,140
-14,-259,44,-8,69,-10,-23,-1032,143
-10,-258,41,-8,70,-12,-24,-1025,146
-11,-260,41,-10,67,-11,-25,-1029,147
-14,-260,46,-10,70,-11,-25,-1031,151
-10,-263,43,-9,72,-10,-25,-1026,152
-13,-262,46,-9,73,-9,-18,-1035,151
-13,-261,44,-8,74,-10,-24,-1036,148
-10,-261,46,-8,74,-9,-22,-1042,151
-14,-265,43,-9,73,-8,-19,-1031,149
-10,-263,40,-8,72,-7,-21,-1037,146
-13,-261,45,-6,71,-8,-22,-1035,151
-12,-264,41,-7,74,-9,-30,-1028,144
-13,-260,46,-9,73,-8,-31,-1035,151
-15,-262,46,-11,71,-8,-26,-1034,146
-13,-261,43,-12,71,-7,-28,-1037,148
-12,-258,43,-15,70,-6,-30,-1034,151
-15,-260,45,-17,71,-6,-30,-1039,150
-15,-261,46,-17,74,-7,-28,-1034,150
-12,-261,46,-17,73,-6,-27,-1034,151
-16,-260,46,-20,74,-3,-32,-1035,148
-10,-262,44,-22,77,-3,-30,-1034,152
-13,-263,44,-22,77,-2,-27,-1040,150
-13,-262,46,-20,78,-2,-24,-1045,154
-10,-263,45,-18,79,-4,-23,-1034,154
-11,-263,48,-17,80,-5,-16,-1031,153
-9,-260,42,-15,80,-6,-19,-1039,150
-9,-261,46,-13,82,-7,-23,-1032,147
-9,-265,48,-11,81,-7,-20,-1035,146
-11,-259,44,-8,80,-9,-20,-1035,149
-12,-262,43,-7,79,-10,-23,-1033,150
-12,-264,45,-9,78,-10,-27,-1035,151
-12,-262,47,-9,77,-10,-21,-1031,155
-13,-262,47,-9,74,-12,-22,-1028,153
-11,-261,45,-8,73,-13,-23,-1029,154
-12,-261,45,-8,73,-12,-18,-1024,151
-11,-260,48,-8,76,-13,-19,-1020,156
-9,-259,46,-12,79,-14,-23,-1020,154
-14,-257,48,-17,84,-16,-27,-1014,158
-14,-256,47,-19,86,-16,-37,-1016,154
-15,-252,42,-20,86,-19,-35,-1004,159
-15,-255,43,-24,84,-25,-26,-1011,143
-9,-256,38,-35,79,-28,-20,-1003,135
-9,-256,37,-55,80,-36,-9,-1007,129
-7,-258,36,-80,90,-41,-2,-1034,123
-5,-268,41,-111,103,-42,3,-1061,109
-1,-276,34,-139,118,-42,6,-1093,116
-9,-286,37,-157,129,-39,8,-1126,118
-9,-291,36,-159,133,-36,2,-1149,126
-5,-296,36,-138,127,-35,5,-1169,132
0,-304,40,-103,113,-37,26,-1187,133
0,-301,42,-61,108,-42,32,-1178,134
-5,-297,46,-15,118,-51,12,-1166,141
-2,-290,48,32,129,-64,6,-1146,167
-7,-285,60,77,126,-82,2,-1118,194
-13,-272,60,115,115,-105,-21,-1075,215
-17,-262,65,140,101,-125,-39,-1025,236
-17,-249,72,151,93,-141,-40,-981,248
-14,-244,70,154,95,-151,-43,-949,259
-13,-234,70,147,111,-157,-43,-923,252
-13,-228,73,130,141,-157,-34,-902,266
-13,-224,77,105,173,-153,-26,-888,285
-12,-224,86,72,195,-147,-31,-886,312
-14,-224,88,36,205,-139,-32,-891,326
-10,-230,91,8,203,-131,-29,-909,336
-11,-234,93,-14,191,-123,-26,-918,337
-13,-240,83,-28,170,-114,-33,-941,310
-12,-242,76,-29,147,-102,-25,-957,268
-6,-247,60,-27,122,-89,-12,-963,226
0,-249,52,-22,111,-75,12,-969,185
0,-248,47,-18,114,-61,24,-972,160
3,-253,47,-13,129,-48,31,-985,161
1,-254,50,-16,140,-36,26,-989,166
-2,-255,58,-21,137,-27,14,-992,185
-9,-254,62,-32,120,-18,0,-997,209
-9,-253,59,-47,94,-9,-11,-998,224
-10,-252,64,-68,63,-5,-14,-1004,221
-9,-255,58,-96,39,0,-20,-1006,213
-7,-255,59,-125,28,4,-13,-1004,208
-9,-257,62,-151,26,9,-14,-1007,210
-9,-253,61,-172,28,11,-14,-998,212
-9,-255,63,-195,33,11,-3,-990,212
-4,-251,61,-213,36,11,5,-988,212
-6,-253,62,-233,38,12,10,-985,209
-1,-250,51,-251,39,13,15,-991,207
-2,-253,61,-269,37,16,15,-995,199
0,-255,62,-281,33,16,26,-997,203
1,-257,56,-283,26,18,25,-1009,209
3,-260,60,-281,19,18,32,-1018,204
2,-260,60,-277,15,18,37,-1030,200
3,-264,58,-268,9,17,40,-1031,192
3,-265,56,-258,8,15,45,-1037,190
8,-266,55,-245,14,12,43,-1038,185
6,-264,54,-232,21,9,43,-1040,183
2,-263,55,-219,32,5,45,-1042,189
4,-262,58,-204,40,3,38,-1046,197
1,-262,62,-186,42,4,36,-1028,211
3,-262,64,-166,38,4,37,-1027,220
2,-256,64,-149,28,5,39,-1024,229
8,-255,67,-140,19,5,47,-1013,234
8,-254,64,-138,14,6,57,-1008,235
8,-252,66,-141,16,7,64,-1003,232
7,-252,63,-150,24,9,66,-992,225
9,-252,64,-161,35,11,68,-994,216
11,-253,60,-173,46,14,74,-993,212
9,-254,61,-186,55,17,76,-989,208
11,-253,57,-196,65,20,67,-993,196
8,-248,51,-207,72,20,69,-982,191
10,-253,51,-220,78,21,66,-984,183
7,-253,51,-235,89,23,58,-979,176
7,-251,52,-254,105,19,54,-976,178
5,-248,56,-272,121,16,49,-978,193
10,-252,58,-287,132,11,54,-985,195
5,-250,58,-300,136,7,52,-983,201
7,-251,56,-317,140,2,54,-989,198
8,-253,55,-333,145,-4,62,-992,197
11,-254,55,-350,156,-12,64,-997,191
10,-256,58,-366,170,-17,70,-1005,191
10,-256,55,-380,181,-21,69,-1016,188
9,-263,50,-390,192,-26,61,-1027,177
8,-266,53,-399,195,-26,61,-1047,180
6,-265,49,-400,198,-26,55,-1057,176
4,-268,48,-393,202,-25,52,-1064,172
5,-268,46,-381,204,-23,46,-1069,169
5,-270,47,-363,210,-17,41,-1070,161
5,-270,48,-341,219,-10,42,-1064,160
1,-267,45,-317,235,-4,47,-1057,159
6,-266,43,-298,253,1,48,-1045,152
4,-262,43,-285,272,6,42,-1035,148
4,-260,40,-276,288,11,47,-1025,147
3,-258,43,-270,303,16,50,-1019,146
5,-259,39,-261,310,24,51,-1012,142
10,-258,42,-248,316,29,53,-1009,137
4,-255,39,-238,323,35,68,-1011,121
10,-256,36,-231,328,41,71,-1010,111
9,-256,30,-230,334,47,72,-1008,95
10,-256,24,-235,333,54,68,-1005,78
8,-255,19,-242,327,60,59,-1000,53
4,-253,13,-253,314,67,51,-995,29
0,-252,10,-266,293,72,42,-990,10
1,-248,0,-282,263,72,32,-970,-24
-5,-242,-12,-301,222,71,23,-962,-91
-4,-240,-33,-329,178,65,2,-931,-148
-12,-235,-46,-363,138,49,-24,-909,-213
-19,-223,-55,-399,107,27,-47,-885,-265
-26,-216,-64,-429,73,-1,-83,-860,-288
-34,-213,-64,-444,37,-31,-120,-838,-305
-48,-204,-68,-444,7,-57,-160,-800,-297
-61,-198,-58,-427,-20,-80,-209,-782,-275
-70,-193,-55,-396,-52,-100,-255,-765,-228
-78,-191,-30,-361,-77,-119,-292,-750,-165
-89,-190,-9,-325,-97,-127,-334,-752,-77
-95,-196,22,-289,-109,-127,-348,-774,42
-91,-206,49,-248,-122,-119,-346,-825,142
-88,-219,60,-209,-143,-110,-327,-866,213
-78,-234,72,-169,-163,-105,-293,-912,264
-65,-245,79,-127,-169,-99,-250,-969,288
-54,-260,72,-90,-156,-89,-207,-1027,261
-41,-272,58,-75,-122,-79,-156,-1088,196
-32,-287,39,-90,-66,-63,-102,-1136,140
-21,-297,21,-113,9,-42,-60,-1166,77
-12,-303,17,-117,91,-12,-41,-1182,36
-11,-305,17,-81,153,29,-19,-1196,33
-6,-304,26,-1,181,79,3,-1173,68
-1,-296,30,118,181,129,26,-1146,103
4,-286,46,261,162,175,46,-1107,145
16,-268,53,395,145,216,85,-1049,183
20,-253,65,501,145,247,97,-975,230
17,-232,74,560,171,274,95,-922,272
14,-224,90,559,209,296,72,-898,321
2,-222,93,503,248,308,30,-879,361
-9,-218,101,410,279,319,-12,-890,383
-23,-227,100,286,303,327,-71,-909,369
-32,-238,85,152,332,335,-111,-953,311
-40,-253,64,17,370,345,-135,-1035,218
-44,-274,45,-116,413,351,-148,-1114,144
-51,-295,29,-236,459,354,-162,-1196,80
-52,-318,16,-335,500,375,-177,-1276,43
-61,-343,20,-403,535,407,-225,-1344,68
-80,-351,42,-452,549,443,-283,-1403,140
-95,-362,60,-508,538,471,-333,-1446,215
-106,-361,82,-591,518,500,-365,-1455,292
-99,-365,90,-696,515,550,-361,-1457,332
-85,-369,87,-816,533,611,-327,-1473,322
-74,-381,84,-966,579,682,-276,-1505,307
-59,-399,86,-1126,653,746,-213,-1597,304
-46,-429,89,-1271,733,797,-154,-1701,332
-35,-458,101,-1393,792,837,-103,-1807,372
-27,-486,111,-1488,820,868,-53,-1928,416
-23,-518,133,-1537,814,870,-28,-2028,485
-16,-541,146,-1528,786,847,-9,-2123,549
-18,-568,157,-1468,750,822,-8,-2206,599
-7,-584,167,-1372,723,806,-23,-2296,628
-34,-604,174,-1256,712,779,-58,-2365,661
-61,-613,182,-1121,696,747,-166,-2378,696
-101,-616,188,-944,668,718,-291,-2399,707
-136,-606,191,-708,607,697,-493,-2340,726
-170,-588,181,-410,523,707,-593,-2294,685
-188,-575,166,-105,426,749,-679,-2243,633
-198,-557,154,138,337,814,-735,-2193,573
-210,-539,132,308,277,895,-783,-2123,496
-225,-513,111,435,229,984,-836,-2030,404
-240,-491,72,540,155,1079,-877,-1950,274
-252,-452,42,603,38,1132,-919,-1805,150
-250,-402,18,612,-147,1127,-928,-1618,50
-237,-344,-7,558,-354,1066,-897,-1398,-66
-214,-284,-28,440,-492,991,-834,-1180,-139
-185,-243,-27,270,-528,913,-708,-969,-130
-166,-217,-7,73,-499,817,-626,-898,-43
-146,-213,34,-123,-463,689,-570,-877,95
-126,-231,58,-290,-441,525,-507,-920,191
-105,-255,62,-381,-410,318,-408,-990,223
-88,-267,59,-379,-359,73,-345,-1049,204
-78,-274,44,-279,-305,-182,-294,-1054,163
-65,-265,30,-90,-268,-416,-241,-1014,112
-46,-252,23,156,-277,-609,-160,-960,70
-30,-223,6,413,-342,-767,-84,-881,7
-11,-200,-12,646,-433,-889,-25,-791,-78
14,-176,-26,820,-502,-987,66,-668,-132
18,-145,-49,949,-555,-1093,94,-569,-216
41,-111,-52,1021,-575,-1186,163,-422,-240
58,-82,-53,1070,-544,-1272,223,-285,-221
69,-50,-45,1133,-479,-1336,273,-171,-200
67,-15,-36,1209,-389,-1385,266,-59,-172
60,16,-28,1278,-297,-1399,233,56,-145
42,42,-23,1329,-230,-1361,175,165,-128
15,68,-35,1354,-201,-1276,89,253,-160
-9,90,-56,1347,-233,-1154,-12,332,-224
-32,102,-80,1322,-315,-1012,-99,381,-371
-54,102,-118,1264,-423,-881,-194,364,-518
-68,92,-152,1138,-549,-790,-263,326,-657
-83,74,-181,969,-683,-744,-324,258,-774
-83,49,-192,781,-795,-721,-333,163,-827
-81,17,-195,593,-861,-698,-321,23,-820
-67,-21,-172,402,-887,-640,-259,-117,-742
-53,-52,-147,211,-904,-538,-168,-268,-624
-24,-108,-113,33,-938,-393,-73,-437,-501
-2,-166,-78,-134,-968,-222,2,-620,-392
12,-204,-56,-283,-974,-20,47,-782,-278
32,-255,-18,-416,-945,216,118,-992,-123
52,-300,5,-530,-882,429,217,-1178,-4
53,-333,28,-627,-802,569,235,-1313,93
68,-377,45,-714,-718,660,288,-1470,165
82,-421,52,-786,-646,666,334,-1643,181
86,-465,47,-830,-551,589,365,-1796,186
78,-513,48,-786,-406,489,331,-1953,173
66,-553,38,-590,-256,405,315,-2087,131
58,-586,22,-284,-191,314,309,-2229,68
56,-591,7,53,-269,182,300,-2276,4
28,-554,-7,389,-440,-51,206,-2164,-55
19,-478,2,644,-552,-360,102,-1854,-30
0,-399,2,699,-523,-654,7,-1608,-13
-42,-337,10,483,-399,-889,-138,-1397,8
-67,-313,8,88,-282,-1060,-250,-1295,8
-80,-311,20,-359,-239,-1199,-281,-1271,36
-88,-319,17,-753,-256,-1319,-311,-1302,57
-91,-345,14,-1057,-291,-1392,-327,-1381,48
-88,-383,24,-1284,-306,-1422,-325,-1513,68
-87,-438,41,-1442,-290,-1424,-314,-1711,129
-79,-500,76,-1513,-249,-1415,-280,-1938,249
-67,-576,119,-1444,-221,-1402,-217,-2207,477
-56,-656,160,-1240,-248,-1381,-142,-2578,623
-56,-729,207,-947,-345,-1370,-97,-2863,804
-43,-804,258,-527,-515,-1357,-65,-3096,1002
-25,-819,205,49,-738,-1369,-3,-3168,760
30,-784,97,494,-777,-1419,164,-3057,339
82,-681,20,657,-583,-1503,321,-2735,94
112,-583,-1,672,-341,-1552,454,-2368,-10
134,-493,-14,676,-174,-1530,543,-1983,-91
161,-403,-24,685,-68,-1458,639,-1646,-125
183,-329,-31,627,12,-1411,723,-1366,-125
187,-269,-17,469,120,-1385,753,-1140,-102
161,-222,1,239,282,-1344,646,-891,-26
136,-190,24,12,446,-1253,542,-758,64
114,-172,41,-142,544,-1134,467,-666,135
99,-162,50,-203,548,-981,415,-619,168
83,-147,51,-193,499,-820,359,-575,176
56,-133,56,-160,462,-633,251,-519,201
27,-123,78,-81,458,-422,133,-475,264
-5,-107,97,68,459,-215,13,-398,365
-25,-90,113,294,429,-27,-58,-346,425
-37,-75,118,540,375,136,-117,-284,433
-39,-64,103,773,305,252,-131,-251,390
-45,-52,91,980,238,317,-150,-191,323
-42,-36,80,1144,170,345,-149,-125,291
-46,-15,69,1290,80,342,-154,-50,254
-47,11,62,1426,-29,333,-173,56,217
-57,44,57,1566,-132,333,-213,188,193
-67,82,40,1705,-208,373,-258,313,136
-65,115,11,1792,-240,449,-284,426,26
-76,149,-26,1779,-218,550,-326,532,-119
-84,175,-75,1668,-162,653,-350,610,-311
-85,186,-129,1397,-95,743,-361,648,-533
-81,179,-192,1003,-24,827,-343,585,-832
-72,140,-238,546,46,900,-312,495,-991
-62,97,-252,92,82,954,-246,351,-1049
-21,50,-250,-262,89,1002,-102,203,-1061
30,-3,-243,-489,97,1040,88,4,-1029
71,-58,-221,-626,141,1044,253,-191,-946
95,-117,-182,-727,272,1021,337,-419,-805
90,-174,-127,-850,457,966,349,-646,-590
63,-243,-70,-1001,637,881,281,-913,-364
18,-315,-6,-1182,758,748,132,-1206,-109
-19,-386,61,-1382,800,576,2,-1489,153
-41,-459,110,-1544,737,427,-87,-1821,412
-51,-530,119,-1623,582,259,-106,-2077,453
-49,-597,92,-1621,406,132,-147,-2321,341
-45,-660,57,-1543,311,86,-128,-2545,208
-17,-706,33,-1343,340,101,-25,-2696,105
48,-731,28,-930,423,118,257,-2746,75
69,-677,45,-243,422,60,357,-2518,118
28,-548,50,663,381,-7,158,-2090,159
2,-424,73,1427,427,31,61,-1692,253
-21,-320,105,1774,470,146,-33,-1337,379
-37,-243,114,1707,487,317,-120,-1076,435
-34,-192,110,1315,508,532,-96,-852,423
-17,-171,104,735,522,749,-27,-778,394
-18,-177,85,117,497,932,-48,-774,314
-31,-198,51,-475,462,1097,-99,-875,184
-57,-239,23,-1041,461,1252,-210,-1041,82
-74,-308,17,-1543,533,1397,-293,-1285,22
-102,-397,23,-1948,646,1523,-382,-1611,63
-134,-523,76,-2219,742,1621,-443,-1988,216
-162,-623,121,-2316,757,1662,-541,-2368,382
-190,-708,182,-2256,641,1652,-642,-2670,616
-195,-779,211,-1999,412,1648,-675,-2931,784
-192,-811,204,-1546,141,1578,-675,-3111,790
-191,-788,155,-963,-98,1426,-669,-3048,601
-174,-716,88,-383,-273,1239,-610,-2783,343
-143,-625,34,110,-404,1051,-519,-2451,124
-104,-542,-15,490,-481,913,-384,-2126,-87
-64,-456,-64,727,-498,803,-231,-1831,-273
-40,-387,-88,795,-490,662,-137,-1568,-386
-36,-319,-88,709,-494,475,-106,-1323,-398
-39,-275,-69,526,-502,258,-149,-1129,-343
-62,-240,-56,350,-485,46,-212,-969,-248
-88,-224,-25,202,-452,-156,-331,-902,-126
-110,-217,2,118,-431,-374,-428,-836,-4
-130,-196,38,159,-440,-583,-502,-752,115
-143,-186,44,339,-487,-748,-545,-695,149
-147,-166,32,618,-548,-850,-557,-630,98
-139,-145,-3,910,-591,-908,-528,-558,-20
-124,-115,-26,1155,-614,-931,-467,-456,-131
-103,-88,-51,1344,-613,-937,-394,-342,-229
-78,-54,-65,1484,-601,-940,-321,-210,-288
-54,-19,-70,1586,-581,-949,-211,-82,-299
-19,11,-66,1649,-566,-967,-95,49,-295
5,48,-63,1666,-541,-992,7,174,-274
23,84,-62,1640,-493,-998,103,325,-266
46,110,-59,1561,-437,-972,177,408,-249
63,126,-48,1432,-398,-946,248,458,-216
69,126,-42,1271,-396,-913,286,485,-205
68,135,-61,1094,-432,-868,292,494,-236
49,125,-87,885,-507,-818,224,455,-351
41,114,-119,646,-599,-740,167,419,-474
32,91,-144,431,-671,-656,131,358,-583
28,73,-161,262,-690,-566,107,300,-663
33,53,-164,144,-662,-473,120,217,-690
47,14,-151,58,-600,-399,161,51,-649
63,-20,-130,-28,-527,-353,244,-91,-580
63,-51,-104,-153,-469,-321,258,-217,-471
56,-87,-79,-334,-425,-237,222,-379,-361
43,-132,-51,-586,-387,-59,196,-565,-235
36,-194,-20,-897,-371,193,164,-792,-111
49,-270,13,-1236,-363,495,215,-1089,9
71,-362,35,-1550,-329,761,289,-1421,115
98,-460,46,-1815,-229,888,396,-1787,152
92,-559,48,-2023,-87,810,406,-2155,156
68,-647,58,-2121,47,613,334,-2461,196
46,-730,81,-2021,127,418,258,-2795,274
50,-800,98,-1617,147,261,281,-3040,330
77,-840,96,-907,115,58,379,-3133,322
17,-773,79,62,75,-255,76,-2860,269
-43,-651,71,993,227,-589,-165,-2494,262
-95,-548,96,1384,446,-838,-345,-2214,338
-118,-479,123,1239,568,-997,-391,-1972,451
-99,-434,134,799,543,-1074,-331,-1790,525
-62,-412,139,313,441,-1090,-184,-1685,540
-11,-405,129,-97,337,-1092,-33,-1637,513
18,-424,114,-413,273,-1105,81,-1662,442
33,-437,109,-642,270,-1119,161,-1729,401
51,-464,109,-784,312,-1120,233,-1816,402
63,-483,96,-832,363,-1086,292,-1885,379
76,-492,81,-803,421,-1050,334,-1908,291
80,-483,61,-725,494,-1034,355,-1895,228
85,-482,71,-610,555,-1048,369,-1858,245
77,-458,69,-433,606,-1106,346,-1767,254
68,-416,68,-217,665,-1196,313,-1631,244
64,-365,57,-4,698,-1264,297,-1446,216
57,-296,31,152,670,-1285,266,-1204,119
56,-235,-3,216,608,-1254,250,-962,-49
59,-177,-46,158,540,-1169,252,-721,-202
64,-142,-70,-19,492,-1026,261,-581,-298
66,-120,-69,-262,494,-830,270,-500,-309
70,-123,-46,-489,592,-578,280,-497,-213
71,-146,-3,-635,759,-299,283,-572,-49
46,-168,47,-683,902,-55,208,-655,132
15,-188,83,-649,956,157,101,-724,296
-6,-200,120,-541,900,348,25,-760,440
-14,-205,146,-367,749,509,1,-773,537
-8,-202,146,-120,542,621,23,-761,551
1,-186,125,174,328,668,51,-696,463
11,-160,91,491,154,667,77,-576,313
17,-123,48,787,42,631,95,-430,160
19,-83,10,1045,-1,582,89,-291,5
15,-47,-15,1271,24,538,48,-133,-99
-2,8,-31,1461,89,515,3,10,-156
-18,47,-42,1606,149,514,-58,162,-175
-35,84,-42,1687,178,539,-113,282,-197
-47,116,-52,1690,163,594,-190,406,-226
-47,140,-63,1627,134,670,-205,486,-263
-34,157,-88,1483,121,737,-165,555,-362
-8,158,-119,1264,119,790,-88,559,-501
14,146,-158,992,135,844,40,530,-677
36,127,-182,671,168,899,120,454,-774
52,99,-197,371,226,944,187,356,-827
73,63,-189,120,267,970,279,241,-811
93,19,-177,-76,288,962,360,84,-752
105,-35,-161,-230,324,924,402,-126,-686
109,-97,-139,-387,411,862,412,-375,-608
95,-177,-109,-589,555,754,371,-676,-504
65,-246,-68,-859,727,561,284,-960,-341
32,-315,-15,-1187,850,309,185,-1235,-118
-15,-396,43,-1516,878,55,17,-1633,170
-74,-478,104,-1818,828,-138,-239,-1950,381
-119,-568,128,-2038,725,-255,-397,-2281,486
-154,-651,110,-2174,589,-289,-550,-2608,398
-198,-759,66,-2241,473,-196,-703,-2983,238
-177,-851,51,-2170,404,27,-608,-3288,161
-114,-914,68,-1754,315,242,-330,-3444,213
-91,-881,93,-799,159,299,-278,-3216,308
-78,-725,119,610,56,321,-233,-2690,420
-34,-598,141,1776,-45,464,-73,-2307,522
-35,-476,129,2342,-104,636,-96,-1938,511
-43,-354,102,2295,-38,804,-145,-1527,403
-35,-292,94,1746,93,991,-115,-1307,370
-22,-262,83,901,175,1148,-66,-1191,331
-16,-259,64,-22,150,1244,-20,-1149,240
-18,-283,26,-861,96,1294,-43,-1198,119
-39,-330,4,-1540,112,1341,-121,-1334,14
-68,-390,12,-2020,208,1405,-234,-1533,11
-107,-447,61,-2277,317,1451,-357,-1707,170
-144,-510,108,-2257,351,1461,-496,-1922,355
-159,-553,146,-1980,258,1472,-532,-2073,523
-139,-578,146,-1507,41,1479,-490,-2200,553
-111,-581,124,-981,-189,1448,-359,-2238,464
-64,-548,82,-502,-362,1368,-192,-2121,297
-20,-489,31,-116,-461,1271,-29,-1899,98
4,-423,-43,124,-508,1144,44,-1638,-156
21,-345,-85,191,-509,982,117,-1373,-382
34,-277,-103,110,-492,775,162,-1116,-463
27,-219,-106,-9,-458,527,133,-885,-459
-4,-185,-97,-156,-386,260,-8,-727,-421
-36,-162,-82,-249,-267,15,-131,-641,-368
-59,-157,-50,-271,-166,-204,-206,-602,-246
-76,-156,-7,-222,-145,-403,-260,-606,-60
-82,-165,14,-103,-178,-551,-304,-635,10
-80,-169,17,80,-212,-668,-300,-638,53
-77,-161,29,304,-228,-779,-309,-596,84
-84,-147,35,559,-233,-879,-312,-536,110
-82,-126,41,836,-229,-960,-315,-455,130
-75,-106,46,1128,-223,-1009,-285,-377,142
-62,-86,44,1438,-208,-1041,-234,-306,144
-49,-57,33,1724,-191,-1070,-186,-232,124
-40,-35,31,1945,-181,-1091,-151,-158,104
-29,-10,34,2094,-161,-1102,-113,-59,116
-20,19,31,2190,-132,-1099,-82,41,109
-6,45,24,2234,-120,-1094,-25,144,84
1,69,14,2193,-148,-1088,21,230,40
14,93,-9,2053,-197,-1076,63,317,-34
11,126,-29,1828,-257,-1062,47,430,-128
-1,147,-69,1550,-323,-1019,9,498,-283
-13,149,-104,1204,-415,-951,-41,511,-450
-14,145,-123,795,-529,-864,-51,509,-541
0,128,-154,406,-616,-741,-22,460,-657
6,97,-182,75,-649,-594,13,368,-752
17,64,-185,-165,-599,-462,41,261,-809
30,28,-176,-290,-513,-369,107,116,-748
44,-14,-155,-296,-425,-304,189,-47,-652
55,-59,-121,-248,-368,-267,235,-229,-511
48,-98,-85,-219,-370,-234,215,-403,-370
39,-140,-45,-252,-419,-129,187,-587,-203
37,-196,-2,-364,-471,75,176,-824,-49
51,-272,25,-598,-481,343,229,-1130,86
70,-365,62,-970,-449,568,302,-1498,211
78,-454,90,-1431,-380,650,336,-1831,333
62,-534,110,-1872,-257,563,276,-2118,416
45,-602,118,-2192,-83,423,214,-2352,451
46,-663,123,-2262,64,320,247,-2557,452
38,-712,104,-1922,73,235,227,-2677,344
2,-740,69,-1149,-57,148,62,-2702,213
-9,-693,47,-39,-147,-15,-4,-2655,129
-53,-618,28,897,-74,-289,-164,-2468,85
-74,-541,25,1275,75,-520,-236,-2241,91
-71,-479,45,1116,163,-714,-231,-2016,133
-54,-429,56,645,153,-867,-184,-1788,187
-33,-387,66,94,88,-992,-95,-1625,234
-16,-374,69,-421,11,-1097,-35,-1533,259
11,-378,75,-872,-27,-1182,52,-1519,271
44,-397,87,-1245,-15,-1252,165,-1588,333
64,-433,117,-1500,26,-1298,282,-1708,421
71,-487,148,-1609,69,-1293,318,-1884,570
75,-555,189,-1528,103,-1224,339,-2111,716
70,-631,207,-1234,128,-1143,337,-2381,790
78,-689,193,-788,128,-1082,359,-2628,754
99,-692,123,-343,128,-1079,428,-2682,512
120,-643,68,-25,182,-1146,488,-2514,266
121,-563,32,188,274,-1224,505,-2214,105
110,-469,2,341,369,-1295,478,-1869,-7
89,-371,-16,431,430,-1367,398,-1496,-80
72,-285,-14,433,426,-1404,323,-1102,-95
56,-215,-21,327,350,-1391,260,-862,-119
47,-172,-23,112,256,-1296,232,-686,-128
58,-137,-30,-180,217,-1105,240,-586,-149
71,-137,-36,-484,282,-817,273,-575,-163
80,-158,-18,-745,452,-505,292,-643,-100
66,-182,15,-936,672,-222,265,-729,15
39,-197,49,-1038,844,7,185,-773,162
2,-200,92,-1036,903,193,84,-776,303
-14,-196,115,-910,843,352,1,-748,410
-20,-187,117,-673,713,494,-34,-703,431
-14,-165,102,-380,569,592,-33,-609,379
-2,-141,84,-83,449,641,11,-530,314
-4,-114,66,171,347,655,8,-426,248
-3,-81,51,372,277,649,-2,-330,179
-9,-60,33,547,238,630,-30,-232,123
-12,-34,16,702,229,607,-59,-124,63
-19,-6,6,841,233,599,-54,-37,4
-18,17,-4,954,234,594,-74,62,-35
-24,49,-19,1031,231,600,-86,158,-89
-30,74,-26,1055,222,625,-118,266,-125
-38,104,-33,1029,216,688,-149,362,-154
-49,128,-34,974,220,768,-195,476,-170
-49,144,-46,904,229,849,-210,522,-223
-41,153,-65,828,234,898,-185,555,-302
-38,151,-94,732,227,915,-153,559,-407
-14,146,-124,636,216,907,-61,546,-525
14,134,-156,521,208,894,49,504,-645
54,119,-183,373,238,900,185,431,-760
88,90,-198,177,330,928,316,326,-836
125,40,-202,-53,486,946,447,156,-850
148,-23,-182,-310,676,907,547,-93,-787
139,-93,-144,-580,849,812,556,-420,-610
119,-162,-114,-833,961,694,460,-728,-475
80,-245,-73,-1119,1011,578,332,-1042,-310
50,-335,-26,-1425,1010,467,236,-1374,-112
17,-419,30,-1694,965,324,104,-1698,106
-36,-521,89,-1860,892,144,-56,-2009,287
-83,-593,127,-1910,794,-25,-223,-2277,448
-127,-649,142,-1846,678,-135,-389,-2487,528
-161,-701,114,-1675,542,-137,-545,-2674,468
-191,-745,65,-1426,442,-20,-678,-2860,267
-178,-764,39,-1088,413,206,-671,-2918,120
-140,-767,39,-543,354,453,-477,-2864,94
-176,-664,61,342,215,585,-620,-2473,176
-138,-539,99,1377,47,691,-485,-2072,332
-99,-431,110,2090,-169,845,-340,-1731,405
-78,-337,92,2280,-304,1001,-320,-1449,357
-64,-258,65,1963,-240,1142,-263,-1182,267
-41,-208,66,1278,-55,1256,-166,-967,249
-19,-184,64,444,89,1333,-67,-847,236
-7,-190,37,-354,127,1384,-15,-838,143
-2,-228,-1,-1056,141,1417,-12,-951,9
-6,-296,-6,-1634,221,1440,-23,-1180,-50
-23,-379,-6,-2056,355,1447,-76,-1539,-33
-43,-467,33,-2324,459,1444,-122,-1858,108
-68,-564,89,-2378,480,1429,-214,-2192,320
-90,-647,134,-2170,410,1422,-262,-2503,503
-107,-712,171,-1741,250,1426,-322,-2740,645
-108,-751,182,-1162,57,1442,-344,-2866,671
-109,-741,169,-534,-140,1411,-344,-2827,626
-119,-687,139,66,-344,1307,-370,-2643,508
-114,-614,87,576,-516,1185,-388,-2380,328
-91,-540,27,924,-586,1093,-328,-2131,104
-70,-473,-16,1074,-588,1018,-244,-1883,-78
-73,-389,-63,1037,-619,914,-251,-1584,-268
-76,-327,-94,864,-692,778,-269,-1333,-387
-65,-269,-120,606,-743,612,-273,-1109,-496
-66,-220,-136,311,-698,418,-261,-924,-573
-60,-183,-110,-16,-576,196,-237,-767,-497
-61,-163,-65,-294,-435,-38,-238,-674,-316
-64,-159,-10,-443,-305,-243,-247,-620,-104
-72,-156,31,-448,-230,-404,-272,-599,81
-81,-157,44,-339,-219,-537,-292,-589,149
-91,-152,48,-150,-254,-669,-330,-577,167
-98,-145,45,96,-340,-791,-349,-544,145
-97,-139,29,392,-437,-896,-363,-511,103
-88,-129,24,720,-500,-983,-333,-482,61
-67,-123,15,1044,-517,-1047,-256,-451,21
-42,-110,3,1337,-498,-1105,-160,-403,-2
-22,-90,1,1594,-476,-1158,-74,-337,-28
-3,-58,0,1805,-464,-1198,-10,-230,-20
3,-29,3,1971,-464,-1208,32,-100,-10
11,14,8,2086,-463,-1167,51,54,10
28,55,4,2142,-460,-1100,95,201,5
38,94,3,2107,-464,-1029,150,327,-10
48,132,-7,1995,-471,-972,193,440,-43
51,157,-22,1813,-481,-924,194,571,-113
44,177,-39,1545,-516,-873,159,636,-217
21,179,-82,1208,-602,-820,92,631,-357
12,164,-112,824,-738,-757,67,558,-474
3,129,-146,466,-893,-695,26,445,-611
-3,92,-164,180,-1016,-645,-19,322,-700
-9,37,-184,-19,-1057,-606,-51,166,-768
0,-9,-183,-125,-1011,-565,-36,0,-790
15,-58,-171,-152,-882,-507,19,-165,-732
32,-103,-137,-150,-715,-413,99,-356,-637
48,-142,-92,-198,-555,-296,180,-588,-424
59,-190,-44,-336,-422,-143,247,-788,-234
63,-254,-15,-601,-329,61,261,-1048,-99
61,-339,1,-1024,-275,290,275,-1405,-11
51,-449,14,-1574,-254,473,254,-1809,38
53,-573,26,-2163,-234,564,254,-2267,86
68,-690,55,-2638,-189,547,304,-2654,182
84,-790,84,-2801,-106,423,378,-2998,280
112,-861,111,-2545,-29,240,494,-3225,378
98,-875,119,-1822,2,7,488,-3259,421
26,-796,104,-635,-8,-243,186,-2968,394
5,-695,84,684,40,-477,89,-2607,279
-61,-590,56,1493,171,-707,-230,-2314,196
-84,-496,59,1667,349,-896,-291,-2015,219
-81,-423,72,1386,442,-1032,-273,-1749,265
-73,-379,68,899,406,-1094,-249,-1575,246
-62,-347,62,357,315,-1130,-194,-1457,230
-43,-338,55,-184,221,-1154,-132,-1422,201
-24,-364,52,-681,188,-1163,-75,-1487,194
0,-402,60,-1097,226,-1168,10,-1614,214
18,-456,72,-1377,278,-1175,109,-1779,267
40,-509,96,-1466,301,-1157,218,-1967,335
68,-569,124,-1329,296,-1115,311,-2178,466
80,-605,133,-1042,278,-1090,368,-2295,500
107,-610,105,-547,302,-1114,442,-2322,396
105,-563,77,-54,400,-1217,448,-2186,280
85,-482,48,350,512,-1355,391,-1898,182
68,-397,19,667,571,-1454,330,-1593,74
50,-315,-2,867,554,-1533,258,-1287,-21
34,-233,-30,913,486,-1590,187,-991,-121
20,-164,-59,774,390,-1601,120,-743,-233
16,-108,-85,452,310,-1525,90,-538,-333
32,-79,-93,2,295,-1334,99,-397,-400
50,-77,-75,-486,379,-1055,179,-363,-332
59,-101,-41,-907,566,-737,212,-412,-184
48,-126,-3,-1180,794,-435,184,-502,-25
21,-155,42,-1286,964,-176,114,-597,132
1,-186,81,-1230,1008,32,50,-675,276
-4,-192,107,-1025,927,193,32,-708,389
0,-190,129,-699,762,305,38,-694,470
6,-172,129,-291,564,359,68,-633,490
14,-149,115,144,371,388,92,-550,446
15,-115,99,532,203,389,90,-428,379
14,-87,77,856,73,390,82,-321,273
12,-57,60,1133,-1,392,64,-186,209
11,-31,38,1350,-12,411,48,-98,140
9,-6,21,1496,12,443,29,-13,72
1,17,6,1575,51,475,-13,65,12
-12,36,-6,1594,108,520,-68,135,-34
-24,58,-10,1572,191,584,-113,205,-63
-44,76,-17,1523,274,660,-185,278,-102
-63,94,-27,1473,344,746,-259,343,-138
-76,109,-49,1418,379,828,-306,390,-203
-68,119,-70,1346,370,897,-301,427,-285
-57,127,-108,1238,337,947,-250,440,-451
-23,120,-134,1115,317,996,-105,439,-544
1,112,-168,978,320,1055,-2,397,-713
33,89,-193,786,341,1106,98,336,-822
63,59,-199,555,402,1121,213,205,-859
74,14,-189,290,480,1109,281,46,-806
75,-36,-162,19,564,1098,299,-146,-690
66,-93,-130,-236,662,1077,280,-370,-578
55,-167,-100,-493,773,1026,218,-655,-465
29,-243,-61,-804,911,918,137,-952,-296
2,-326,-5,-1152,1057,753,37,-1277,-98
-16,-418,54,-1494,1162,546,-18,-1704,195
-47,-516,102,-1816,1145,319,-125,-2098,372
-74,-615,115,-2128,1004,112,-218,-2477,425
-94,-702,85,-2408,843,9,-307,-2800,324
-65,-797,63,-2598,771,48,-188,-3121,217
24,-875,81,-2511,793,176,193,-3296,275
46,-869,143,-1838,738,211,289,-3179,504
-50,-744,153,-524,583,184,-95,-2775,576
-33,-641,160,775,431,337,-46,-2456,596
-40,-535,145,1581,265,548,-103,-2129,569
-53,-446,115,1862,227,764,-178,-1847,449
-40,-376,76,1666,319,979,-159,-1566,296
-48,-322,56,1102,420,1154,-148,-1388,207
-48,-302,30,354,438,1291,-155,-1294,110
-69,-300,-2,-421,400,1391,-258,-1292,-18
-94,-340,0,-1138,408,1479,-339,-1390,-52
-125,-403,18,-1724,493,1556,-431,-1596,19
-160,-488,76,-2165,577,1568,-558,-1891,207
-202,-564,142,-2411,578,1516,-700,-2158,459
-238,-631,194,-2358,446,1437,-822,-2385,694
-247,-686,227,-2006,197,1363,-897,-2582,834
-237,-708,212,-1432,-81,1312,-857,-2689,846
-200,-699,174,-728,-303,1261,-714,-2670,670
-163,-666,115,-26,-450,1201,-576,-2558,433
-133,-597,62,547,-555,1145,-466,-2320,226
-105,-511,14,945,-652,1095,-369,-2016,40
-68,-428,-30,1172,-720,1044,-240,-1695,-145
-38,-344,-59,1245,-760,967,-124,-1386,-256
-32,-262,-82,1192,-820,840,-97,-1087,-353
-24,-199,-101,1035,-889,678,-87,-832,-433
-20,-142,-110,805,-914,496,-73,-631,-476
-13,-102,-108,513,-869,285,-77,-468,-467
-17,-81,-87,190,-760,58,-83,-366,-399
-18,-80,-45,-93,-606,-178,-112,-333,-187
-38,-87,2,-277,-427,-375,-170,-357,-1
-50,-102,37,-346,-258,-509,-206,-404,125
-58,-116,53,-286,-143,-623,-205,-436,176
-64,-123,50,-115,-117,-744,-235,-444,174
-76,-121,43,132,-176,-863,-270,-423,141
-79,-113,30,434,-291,-942,-276,-406,105
-64,-105,25,765,-417,-976,-235,-364,74
-44,-97,10,1099,-509,-990,-162,-342,16
-17,-74,2,1383,-543,-993,-78,-284,-24
12,-51,-4,1587,-518,-1006,15,-206,-21
22,-21,1,1730,-466,-1017,88,-86,-12
25,4,5,1825,-413,-1007,114,4,-7
30,31,1,1866,-377,-970,123,102,-3
34,54,2,1852,-370,-921,135,179,-2
42,72,2,1787,-374,-869,155,260,2
36,98,1,1686,-378,-829,143,344,-9
24,118,0,1566,-375,-780,104,409,-30
19,128,-9,1425,-381,-709,72,455,-53
13,130,-28,1235,-416,-637,56,459,-115
8,126,-51,994,-490,-587,47,434,-210
-4,110,-72,718,-598,-553,10,395,-332
-17,91,-107,446,-712,-528,-48,321,-459
-29,66,-131,194,-832,-489,-104,234,-567
-37,34,-167,-1,-918,-446,-145,110,-705
-40,-4,-192,-134,-955,-400,-161,-24,-822
-31,-53,-206,-217,-937,-332,-136,-198,-874
-11,-112,-207,-247,-878,-256,-55,-408,-872
3,-166,-192,-242,-801,-190,19,-627,-836
14,-225,-160,-263,-721,-82,78,-874,-703
36,-298,-108,-361,-619,95,152,-1157,-503
46,-371,-40,-552,-483,310,203,-1456,-232
32,-445,24,-809,-358,497,173,-1834,97
17,-530,85,-1124,-314,620,143,-2147,334
22,-596,158,-1445,-379,647,182,-2362,625
54,-644,213,-1599,-519,556,304,-2490,835
91,-676,233,-1445,-666,389,432,-2551,919
129,-680,218,-960,-749,211,557,-2513,835
117,-632,163,-131,-752,51,460,-2286,609
48,-531,67,930,-644,-98,242,-2048,303
24,-472,7,1823,-467,-259,138,-1876,60
-12,-405,-23,2135,-320,-476,6,-1717,-93
-41,-353,-24,1883,-199,-703,-125,-1539,-116
-69,-312,1,1253,-40,-917,-247,-1346,-24
-70,-286,37,488,101,-1091,-251,-1221,115
-76,-269,59,-195,146,-1230,-260,-1143,199
-69,-268,70,-743,97,-1324,-247,-1123,250
-60,-278,80,-1185,18,-1390,-206,-1149,283
-42,-298,75,-1563,-36,-1426,-153,-1221,279
-28,-330,69,-1910,-31,-1421,-96,-1339,255
-15,-392,65,-2205,18,-1343,-40,-1529,247
12,-475,100,-2373,89,-1181,72,-1799,335
42,-576,138,-2317,162,-997,206,-2149,488
67,-678,187,-2009,215,-859,306,-2518,641
70,-765,229,-1493,216,-790,349,-2904,888
51,-816,254,-809,146,-772,292,-3096,999
39,-813,222,-53,10,-799,235,-3120,848
43,-749,130,571,-71,-887,240,-2906,499
50,-643,66,881,-45,-1021,245,-2532,242
56,-538,35,942,44,-1120,257,-2130,123
62,-438,9,888,122,-1177,282,-1740,21
76,-350,-10,774,186,-1197,328,-1419,-69
89,-279,-17,600,259,-1176,361,-1146,-104
88,-222,-13,347,348,-1108,367,-921,-85
90,-186,2,48,451,-993,356,-770,17
82,-167,37,-247,554,-846,317,-682,137
70,-161,59,-489,641,-689,280,-661,230
59,-166,75,-672,686,-534,247,-674,288
47,-165,91,-801,675,-407,228,-674,325
49,-166,93,-861,603,-309,223,-641,341
55,-157,87,-831,492,-237,254,-607,323
71,-146,75,-708,375,-186,295,-555,293
78,-127,61,-530,287,-154,320,-477,242
77,-97,54,-341,261,-127,303,-386,204
65,-68,44,-160,301,-93,264,-279,160
41,-40,40,-17,372,-39,171,-170,124
20,-18,33,80,439,43,83,-76,125
0,1,39,141,483,142,5,6,136
-21,14,43,200,494,246,-65,44,150
-33,18,46,277,462,359,-114,80,152
-52,26,43,336,395,475,-177,87,158
-62,21,43,357,304,598,-233,69,142
-73,14,42,321,209,727,-266,38,146
-74,4,49,257,122,857,-283,6,163
-73,-9,47,204,53,983,-278,-44,162
-61,-14,47,194,-4,1093,-257,-75,162
-44,-31,17,234,-41,1186,-183,-118,25
-21,-37,-15,302,-39,1257,-81,-158,-107
0,-46,-66,331,18,1303,-5,-187,-303
23,-46,-113,322,116,1312,82,-192,-482
48,-45,-163,267,255,1286,163,-183,-672
72,-42,-191,171,425,1246,271,-168,-827
102,-48,-225,63,605,1197,385,-190,-956
140,-63,-244,-78,761,1138,551,-245,-1027
185,-90,-237,-208,888,1057,707,-342,-1010
194,-124,-210,-288,997,944,772,-455,-893
171,-172,-156,-298,1081,798,707,-599,-741
129,-232,-100,-281,1144,654,580,-891,-463
77,-296,-19,-280,1190,440,342,-1143,-145
15,-339,60,-312,1199,125,117,-1315,159
-28,-370,113,-320,1172,-190,-42,-1434,384
-43,-391,132,-265,1114,-451,-110,-1532,487
-37,-418,128,-191,1035,-647,-105,-1630,500
-8,-434,112,-145,965,-784,-4,-1710,437
3,-455,69,-119,938,-870,31,-1787,267
-3,-476,24,-115,968,-876,25,-1861,108
-21,-490,-4,-110,1041,-781,-37,-1913,-37
-22,-499,-15,-54,1114,-612,-42,-1938,-99
-24,-501,-16,146,1116,-452,-28,-1885,-108
-23,-464,-13,533,1033,-340,-29,-1732,-91
-53,-396,-20,1033,918,-249,-163,-1512,-112
-66,-324,-14,1424,861,-129,-236,-1278,-97
-76,-251,-4,1536,840,-33,-284,-1029,-61
-91,-185,-4,1382,842,30,-340,-788,-41
-94,-138,-15,1063,886,83,-368,-613,-87
-91,-112,-33,653,962,150,-363,-520,-140
-81,-107,-58,202,1059,236,-325,-495,-241
-70,-110,-74,-265,1157,322,-273,-503,-320
-63,-127,-84,-700,1248,400,-234,-554,-366
-50,-154,-82,-1071,1315,483,-187,-665,-370
-39,-193,-69,-1353,1361,563,-133,-785,-302
-25,-232,-40,-1506,1380,630,-79,-907,-180
-14,-269,-3,-1499,1366,679,-15,-1045,-38
3,-307,25,-1338,1317,707,55,-1170,75
18,-331,43,-1068,1245,711,132,-1257,133
43,-352,37,-762,1176,695,184,-1324,129
55,-356,27,-494,1143,677,238,-1378,95
64,-357,12,-302,1159,662,269,-1395,37
69,-355,13,-209,1215,655,288,-1398,-4
73,-355,13,-168,1289,648,314,-1388,22
71,-348,20,-106,1362,621,322,-1345,43
73,-340,20,-1,1421,585,312,-1315,56
66,-328,16,134,1469,545,285,-1264,36
63,-316,9,250,1516,500,273,-1209,20
51,-294,2,391,1569,450,232,-1135,-17
39,-265,-5,509,1624,395,167,-1046,-53
22,-243,-20,592,1675,346,107,-959,-95
6,-219,-27,628,1723,306,50,-890,-125
-5,-198,-29,613,1762,273,8,-821,-150
-8,-188,-33,559,1798,246,-23,-756,-157
-14,-177,-36,473,1836,231,-57,-714,-162
-24,-163,-32,370,1877,225,-88,-665,-154
-29,-160,-32,269,1913,232,-100,-645,-159
-29,-158,-29,183,1955,244,-117,-626,-140
-35,-157,-27,111,1995,264,-113,-622,-124
-32,-158,-24,67,2036,283,-116,-630,-123
-30,-162,-26,37,2078,298,-116,-638,-127
-34,-167,-26,14,2120,308,-116,-655,-128
-35,-172,-23,-8,2162,310,-116,-684,-117
-34,-179,-18,-29,2199,308,-124,-707,-111
-35,-185,-14,-50,2228,296,-115,-730,-104
-31,-192,-18,-61,2248,284,-115,-773,-93
-34,-200,-14,-73,2263,272,-107,-800,-86
-33,-208,-5,-88,2280,253,-105,-833,-65
-28,-218,-7,-98,2292,234,-103,-852,-39
-29,-223,0,-93,2298,215,-92,-875,-32
-27,-230,1,-82,2304,193,-92,-897,-26
-29,-234,1,-75,2310,169,-92,-912,-27
-30,-236,3,-75,2316,144,-84,-932,-16
-28,-243,2,-81,2319,118,-87,-952,-13
-24,-244,7,-93,2319,90,-77,-965,-9
-19,-249,2,-103,2315,61,-70,-975,-9
-19,-253,3,-111,2314,31,-60,-998,-14
-17,-259,1,-118,2325,1,-45,-1020,-23
-17,-263,-2,-120,2344,-29,-42,-1038,-29
-15,-274,1,-115,2371,-55,-37,-1074,-27
-14,-280,1,-105,2394,-77,-40,-1096,-23
-19,-284,1,-92,2417,-96,-47,-1113,-18
-21,-286,1,-72,2437,-114,-53,-1121,-13
-27,-287,1,-49,2453,-125,-79,-1130,-14
-33,-289,-1,-21,2466,-133,-88,-1131,-30
-35,-285,-3,9,2479,-141,-108,-1127,-39
-41,-281,-10,45,2486,-150,-119,-1117,-50
-40,-280,-12,85,2492,-157,-135,-1113,-72
-42,-279,-19,122,2504,-168,-140,-1104,-87
-43,-278,-15,157,2517,-185,-141,-1088,-89
-38,-275,-15,189,2526,-201,-135,-1074,-90
-38,-272,-17,214,2540,-220,-129,-1065,-88
-37,-266,-15,226,2565,-234,-127,-1056,-89
-36,-263,-15,218,2600,-245,-126,-1040,-86
-37,-259,-11,200,2638,-257,-120,-1025,-73
-35,-259,-8,184,2657,-269,-108,-1016,-60
-33,-255,-11,176,2663,-277,-98,-1005,-67
-26,-254,-11,168,2666,-278,-86,-992,-78
-23,-251,-17,158,2677,-280,-74,-985,-95
-18,-249,-20,139,2698,-281,-59,-974,-99
-16,-245,-18,115,2723,-284,-44,-960,-94
-17,-244,-15,92,2751,-287,-37,-956,-78
-14,-241,-8,73,2781,-288,-30,-950,-67
-8,-241,-9,60,2816,-288,-22,-948,-66
-10,-242,-7,56,2858,-288,-23,-954,-47
-9,-247,-2,62,2898,-289,-25,-960,-39
-17,-249,-1,77,2933,-290,-37,-964,-41
-23,-250,-4,102,2961,-289,-52,-969,-47
-26,-253,-7,126,2985,-287,-78,-986,-63
-34,-255,-11,149,3010,-287,-108,-998,-61
-34,-262,-12,172,3037,-281,-119,-1013,-69
-43,-265,-15,199,3068,-282,-142,-1031,-86
-48,-263,-22,225,3095,-286,-160,-1033,-115
-49,-258,-26,241,3119,-289,-179,-1025,-124
-52,-257,-24,252,3135,-297,-178,-1018,-134
-50,-258,-32,267,3148,-309,-172,-1012,-140
-53,-256,-31,288,3154,-321,-175,-1009,-157
-55,-258,-36,312,3160,-339,-186,-1006,-175
-58,-249,-43,326,3156,-360,-191,-984,-190
-62,-244,-43,335,3144,-382,-210,-969,-223
-61,-247,-49,336,3125,-396,-202,-963,-240
-58,-241,-64,318,3110,-411,-188,-972,-268
-52,-248,-64,269,3098,-423,-169,-975,-280
-49,-244,-55,197,3089,-440,-162,-966,-256
-50,-237,-45,136,3085,-452,-174,-928,-222
-62,-227,-37,114,3080,-450,-210,-896,-175
-65,-232,-18,122,3072,-429,-247,-902,-118
-82,-227,-12,137,3054,-406,-281,-910,-83
-94,-227,-5,137,3012,-389,-330,-903,-44
-105,-228,-4,124,2949,-358,-362,-910,-45
-106,-234,-21,79,2881,-316,-381,-947,-93
-107,-245,-30,-12,2819,-267,-393,-984,-145
-107,-264,-43,-134,2777,-211,-401,-1054,-200
-108,-286,-50,-256,2753,-153,-395,-1133,-224
-106,-306,-53,-337,2737,-112,-388,-1206,-236
-104,-321,-54,-348,2718,-86,-367,-1246,-235
-97,-325,-50,-286,2685,-75,-345,-1264,-229
-89,-322,-47,-167,2639,-79,-314,-1252,-217
-73,-312,-41,-25,2584,-97,-260,-1210,-211
-55,-296,-43,104,2528,-129,-186,-1162,-212
-36,-280,-42,195,2476,-171,-108,-1107,-214
-15,-264,-46,239,2443,-218,-43,-1034,-210
6,-254,-42,236,2428,-274,50,-989,-189
20,-245,-36,187,2430,-332,104,-952,-174
23,-241,-38,90,2441,-377,119,-954,-161
25,-240,-34,-49,2449,-403,122,-964,-134
19,-251,-23,-207,2440,-393,108,-1000,-111
13,-269,-17,-358,2418,-345,89,-1083,-87
10,-293,-8,-480,2393,-268,84,-1171,-54
14,-315,2,-561,2377,-180,90,-1236,-16
13,-326,23,-580,2365,-98,109,-1291,44
25,-345,37,-523,2352,-27,132,-1320,118
33,-345,56,-397,2340,28,154,-1319,182
35,-341,61,-231,2346,65,162,-1310,208
32,-326,64,-67,2373,88,155,-1269,218
37,-311,60,69,2402,99,163,-1229,225
44,-301,57,158,2412,91,213,-1180,219
59,-290,54,214,2412,71,263,-1136,197
75,-279,47,251,2408,32,326,-1099,167
93,-271,40,278,2419,-19,383,-1069,140
102,-260,34,303,2450,-83,415,-1028,122
98,-253,34,326,2495,-152,411,-1003,116
93,-249,34,341,2535,-222,391,-973,108
80,-245,30,346,2565,-286,352,-948,109
76,-241,28,336,2579,-342,319,-938,97
66,-242,23,313,2589,-387,274,-946,72
51,-244,16,273,2601,-423,228,-960,53
36,-248,12,227,2619,-451,167,-980,35
20,-256,16,188,2637,-473,115,-1004,42
0,-262,14,161,2654,-485,28,-1025,42
-13,-273,17,157,2668,-478,-27,-1065,40
-22,-277,19,172,2679,-457,-73,-1085,52
-27,-274,23,200,2684,-424,-103,-1096,59
-44,-279,28,231,2683,-387,-132,-1099,83
-47,-279,30,262,2681,-344,-146,-1097,105
-47,-272,33,286,2676,-298,-152,-1082,122
-47,-268,41,299,2669,-258,-158,-1070,144
-46,-264,48,303,2660,-225,-161,-1060,160
-53,-262,54,304,2646,-200,-174,-1034,188
-50,-258,62,303,2624,-182,-162,-1024,211
-48,-256,63,302,2587,-169,-148,-1010,224
-38,-256,64,300,2539,-157,-120,-998,229
-22,-255,64,301,2493,-139,-73,-999,220
-13,-255,59,302,2454,-118,-27,-1007,212
-1,-257,54,302,2429,-97,19,-1014,201
9,-261,55,294,2413,-81,63,-1028,202
16,-262,56,279,2397,-70,97,-1035,205
24,-261,58,256,2378,-62,127,-1035,193
28,-261,58,231,2351,-57,143,-1041,200
33,-262,57,205,2322,-56,163,-1040,198
34,-266,56,179,2294,-56,173,-1051,203
37,-266,57,161,2264,-60,169,-1061,205
36,-270,60,149,2233,-66,169,-1068,205
34,-273,55,145,2205,-75,168,-1079,198
36,-273,51,144,2180,-88,169,-1078,183
34,-276,45,141,2160,-104,160,-1080,165
36,-274,43,136,2143,-126,155,-1076,149
27,-273,43,129,2125,-149,135,-1068,135
17,-266,38,123,2102,-170,114,-1058,134
20,-264,39,121,2077,-192,113,-1034,132
13,-261,41,119,2048,-211,93,-1018,133
13,-253,38,112,2020,-223,89,-995,132
12,-248,33,92,1988,-228,75,-973,124
14,-242,33,54,1955,-228,83,-958,110
13,-240,26,6,1933,-223,80,-947,89
15,-238,22,-42,1916,-219,83,-938,81
13,-235,27,-85,1898,-216,90,-937,78
18,-235,25,-121,1881,-215,98,-938,78
19,-240,25,-154,1863,-219,112,-941,78
24,-240,30,-191,1846,-223,128,-948,91
28,-244,33,-232,1829,-231,138,-955,106
30,-248,38,-277,1813,-237,143,-965,121
29,-250,42,-317,1797,-243,140,-972,134
30,-255,47,-345,1780,-247,150,-999,154
28,-260,51,-357,1768,-248,151,-1009,176
30,-261,52,-353,1757,-245,152,-1019,184
31,-264,53,-335,1745,-241,154,-1034,193
30,-269,52,-304,1735,-230,155,-1055,184
31,-268,52,-265,1728,-217,157,-1053,179
29,-266,52,-222,1723,-202,144,-1050,175
28,-264,46,-182,1717,-188,139,-1043,169
26,-264,48,-148,1704,-172,133,-1037,160
20,-263,41,-124,1687,-155,122,-1043,140
22,-266,36,-113,1672,-143,108,-1039,128
19,-269,30,-115,1663,-136,99,-1055,107
9,-268,32,-122,1656,-129,70,-1071,100
4,-280,31,-127,1642,-121,49,-1090,104
1,-283,39,-120,1620,-115,40,-1110,121
0,-288,41,-99,1592,-112,22,-1144,141
-1,-298,42,-67,1572,-111,14,-1159,152
-4,-303,51,-23,1555,-116,4,-1185,173
-8,-303,55,26,1546,-125,-6,-1195,181
-12,-309,54,75,1538,-136,-18,-1199,195
-15,-306,53,117,1527,-153,-28,-1208,196
-14,-309,56,154,1514,-171,-24,-1209,192
-12,-308,53,192,1498,-186,-21,-1208,179
-12,-309,46,231,1483,-201,-2,-1198,170
-1,-297,38,275,1470,-213,13,-1179,154
0,-294,44,323,1458,-220,24,-1158,146
-2,-284,39,372,1448,-222,26,-1116,141
-5,-267,44,419,1430,-219,22,-1070,148
-5,-257,50,460,1403,-212,8,-1013,163
-7,-248,55,486,1362,-196,10,-971,180
-7,-232,49,498,1314,-181,0,-930,181
-4,-229,50,491,1268,-164,0,-898,177
-5,-218,50,464,1237,-148,-3,-878,172
-9,-214,49,423,1212,-133,-11,-862,169
-8,-217,48,376,1190,-117,-14,-861,163
-12,-213,50,326,1169,-103,-26,-855,160
-15,-215,52,278,1141,-87,-27,-861,171
-15,-219,52,239,1108,-69,-29,-881,171
-13,-227,53,192,1076,-51,-26,-898,173
-14,-232,52,154,1046,-30,-20,-922,179
-13,-242,57,127,1021,-9,-23,-948,192
-12,-252,57,113,995,10,-24,-968,195
-11,-253,59,112,964,30,-19,-995,201
-16,-258,56,121,929,45,-26,-1015,194
-11,-266,57,134,896,54,-17,-1036,180
-15,-263,39,153,864,57,-11,-1052,158
-10,-267,39,175,837,56,-10,-1061,143
-4,-269,42,194,815,48,-10,-1059,118
-10,-269,36,210,790,39,-3,-1065,112
-8,-267,33,222,763,26,3,-1057,107
-1,-269,32,229,732,9,13,-1061,102
0,-270,28,234,703,-4,30,-1069,97
1,-269,34,240,677,-21,39,-1065,94
1,-266,32,251,656,-35,40,-1066,98
3,-267,31,273,634,-45,37,-1060,107
1,-268,34,305,608,-53,42,-1048,119
-3,-265,40,341,579,-61,28,-1038,126
-1,-261,40,379,546,-70,21,-1031,134
-5,-260,42,411,514,-77,20,-1009,138
-7,-258,42,434,486,-85,7,-1001,138
-5,-254,48,444,461,-92,-3,-993,148
-10,-252,48,445,441,-97,-7,-986,158
-15,-252,51,439,419,-99,-26,-974,157
-13,-246,48,424,399,-97,-34,-972,163
-15,-252,48,404,380,-91,-36,-973,160
-17,-250,46,381,366,-82,-43,-981,153
-19,-250,45,355,356,-68,-47,-990,148
-20,-256,37,324,347,-48,-59,-1004,134
-25,-260,31,294,339,-26,-69,-1026,116
-21,-269,29,256,336,2,-72,-1070,92
-26,-274,29,217,333,34,-77,-1088,79
-27,-280,23,180,326,62,-79,-1116,72
-34,-286,26,153,312,88,-85,-1139,74
-33,-297,29,136,290,111,-105,-1157,84
-39,-296,33,141,260,132,-115,-1168,93
-39,-299,34,165,226,153,-117,-1185,102
-43,-301,35,202,190,171,-129,-1185,115
-45,-297,38,243,155,185,-147,-1167,128
-50,-290,44,288,119,197,-155,-1143,136
-44,-284,45,331,80,210,-149,-1122,150
-46,-273,52,360,43,222,-146,-1092,161
-41,-270,53,377,18,237,-142,-1068,176
-43,-263,55,371,-4,251,-141,-1051,192
-42,-257,59,352,-23,265,-137,-1026,201
-37,-257,63,322,-37,279,-128,-1018,218
-38,-256,66,291,-48,291,-120,-1010,232
-39,-256,66,261,-58,303,-124,-1011,246
-38,-255,69,228,-67,316,-132,-1011,257
-39,-256,67,196,-76,326,-119,-1010,258
-39,-260,75,165,-89,334,-130,-1022,257
-35,-261,66,134,-95,346,-117,-1036,251
-39,-263,70,99,-95,355,-113,-1059,251
-37,-269,66,62,-92,362,-113,-1063,242
-34,-269,67,29,-87,366,-115,-1077,229
-35,-269,64,6,-78,371,-107,-1079,220
-31,-274,62,-13,-71,371,-105,-1082,212
-34,-272,58,-24,-65,373,-103,-1083,208
-30,-275,62,-25,-59,373,-96,-1083,206
-29,-274,56,-22,-58,372,-88,-1076,202
-29,-267,59,-20,-56,368,-84,-1068,201
-25,-264,55,-18,-51,366,-80,-1045,201
-27,-259,62,-10,-42,364,-81,-1030,211
-25,-258,63,3,-36,357,-75,-1018,224
-26,-258,65,21,-40,349,-78,-1010,225
-26,-256,61,44,-47,336,-75,-997,213
-23,-250,61,65,-48,326,-60,-984,216
-17,-250,63,78,-50,312,-57,-965,221
-17,-242,61,84,-49,292,-50,-954,214
-14,-236,63,82,-44,270,-38,-939,214
-16,-236,60,71,-28,243,-32,-927,215
-10,-232,62,55,-6,212,-25,-921,218
-12,-228,63,36,17,176,-20,-914,218
-9,-228,62,14,41,140,-18,-910,226
-8,-231,65,-7,59,103,-20,-907,225
-14,-232,65,-26,71,64,-29,-916,226
-17,-230,67,-38,75,26,-43,-913,232
-19,-234,61,-47,71,-12,-63,-918,219
-25,-237,61,-56,60,-48,-71,-931,198
-25,-245,50,-70,51,-78,-80,-948,171
-28,-249,43,-95,47,-102,-82,-977,144
-29,-254,37,-124,46,-119,-84,-1009,124
-29,-267,36,-151,52,-129,-94,-1047,110
-34,-270,36,-167,55,-129,-106,-1073,118
-45,-272,40,-168,44,-124,-138,-1096,134
-54,-278,44,-159,16,-101,-178,-1105,141
-59,-279,46,-152,-20,-78,-197,-1109,147
-57,-278,45,-148,-56,-47,-192,-1107,151
-54,-281,45,-152,-81,-14,-179,-1115,151
-48,-283,45,-174,-86,23,-169,-1131,154
-43,-287,49,-208,-73,64,-147,-1149,170
-37,-297,56,-245,-50,110,-118,-1177,184
-28,-304,58,-275,-30,158,-101,-1202,207
-25,-311,61,-289,-18,207,-78,-1223,218
-23,-315,59,-285,-20,253,-65,-1241,218
-21,-318,62,-259,-37,295,-47,-1234,216
-19,-308,60,-218,-66,326,-42,-1212,198
-14,-298,51,-170,-98,346,-27,-1177,180
-7,-288,47,-127,-128,352,-9,-1133,162
-8,-270,45,-95,-149,349,-3,-1084,143
-3,-260,39,-81,-159,338,10,-1030,135
0,-250,38,-84,-163,324,23,-988,123
1,-244,34,-97,-162,305,25,-959,127
1,-240,39,-107,-158,285,30,-940,130
1,-234,42,-114,-158,263,22,-922,135
0,-231,42,-117,-158,240,29,-916,133
0,-231,43,-120,-163,216,24,-913,142
0,-231,40,-123,-171,195,24,-911,132
0,-235,36,-128,-177,174,16,-922,134
-2,-236,38,-134,-185,153,14,-927,132
-2,-235,37,-144,-188,133,12,-933,127
-3,-239,40,-150,-192,114,16,-932,129
-1,-237,42,-150,-193,92,18,-940,137
0,-238,36,-145,-190,70,23,-944,156
9,-235,45,-134,-179,46,27,-946,159
-1,-248,36,-119,-162,25,18,-955,175
-6,-243,55,-107,-143,6,17,-961,183
4,-249,54,-99,-126,-10,14,-970,190
-5,-255,46,-92,-112,-22,9,-985,184
16,-247,45,-89,-107,-30,7,-996,186
2,-262,48,-89,-103,-34,4,-1012,177
-3,-256,61,-90,-101,-34,-6,-1035,168
-9,-273,36,-90,-98,-29,-12,-1060,161
-2,-273,39,-88,-96,-18,-14,-1080,168
-12,-275,52,-78,-93,-2,-20,-1094,168
-14,-279,54,-63,-89,11,-20,-1106,187
-13,-281,57,-41,-84,28,-17,-1113,200
-13,-283,62,-16,-80,43,-18,-1114,212
-15,-289,60,12,-77,52,-12,-1113,215
-7,-285,45,33,-74,59,-8,-1098,221
-11,-276,74,49,-73,63,-9,-1081,217
-2,-261,67,59,-76,64,-8,-1069,211
-16,-262,59,59,-78,62,-2,-1031,208
-7,-250,58,48,-81,55,-1,-1015,203
-11,-257,69,29,-85,49,-3,-1000,195
-8,-245,75,4,-90,43,4,-989,189
-9,-263,57,-23,-87,32,7,-980,191
-5,-251,46,-52,-82,21,8,-977,186
1,-248,60,-79,-72,14,10,-977,192
-1,-250,52,-103,-64,6,15,-981,190
0,-253,54,-124,-53,0,15,-984,180
0,-251,53,-142,-42,-7,26,-992,176
1,-254,52,-154,-32,-15,24,-998,170
0,-251,47,-159,-24,-22,27,-999,161
18,-252,41,-156,-17,-31,30,-1008,160
-2,-266,50,-149,-10,-38,23,-1008,148
11,-263,41,-139,-2,-44,15,-1013,142
5,-257,58,-135,1,-42,39,-1027,145
10,-265,51,-143,4,-36,68,-1058,152
5,-273,45,-152,16,-31,70,-1074,162
12,-286,51,-146,26,-28,70,-1097,176
7,-276,39,-120,27,-21,64,-1108,184
8,-281,43,-82,20,-13,49,-1113,185
6,-292,50,-35,10,-6,46,-1106,179
5,-278,57,12,0,1,46,-1096,176
2,-273,51,48,-6,6,37,-1077,175
2,-268,51,71,-2,11,33,-1063,176
2,-263,54,79,7,15,31,-1047,185
0,-263,57,74,22,20,34,-1039,191
7,-262,65,62,39,24,33,-1029,201
-6,-258,59,51,58,26,25,-1025,215
-12,-265,62,42,70,24,13,-1016,221
-5,-254,69,34,78,20,10,-1004,224
-2,-253,74,30,85,15,3,-1000,222
-6,-251,63,25,90,8,-6,-1014,209
-8,-251,64,27,94,0,-7,-1002,198
-4,-250,55,32,104,-6,-2,-1002,201
-9,-255,55,35,112,-14,-8,-995,199
-7,-262,60,34,116,-25,-9,-997,201
-1,-246,62,30,121,-32,-4,-1003,207
-5,-256,61,26,126,-34,-3,-1006,206
-7,-257,55,20,133,-41,4,-1007,204
-1,-260,59,13,141,-47,4,-1010,203
-6,-258,59,4,151,-54,11,-1014,201
-6,-261,58,-2,162,-56,8,-1025,203
-6,-259,53,-7,165,-58,6,-1028,201
-5,-264,53,-9,169,-56,3,-1033,203
-8,-262,60,-12,171,-55,-3,-1036,206
-6,-258,62,-17,175,-51,0,-1032,202
-10,-266,76,-22,178,-47,-10,-1034,204
-9,-272,54,-29,183,-41,-10,-1031,198
-18,-261,46,-35,188,-37,-16,-1038,199
-17,-264,57,-41,193,-37,-24,-1029,197
-13,-255,57,-46,196,-33,-25,-1018,196
-7,-254,63,-50,199,-32,-26,-1018,191
-15,-257,56,-56,199,-29,-31,-1022,191
-15,-257,57,-62,197,-27,-35,-1022,186
-16,-261,58,-66,196,-26,-34,-1024,189
-15,-262,55,-71,190,-25,-42,-1034,188
-23,-261,53,-73,184,-22,-38,-1034,189
-15,-265,57,-72,175,-21,-42,-1055,187
-13,-264,53,-67,168,-20,-50,-1055,189
-18,-266,54,-57,159,-16,-54,-1056,193
-25,-263,52,-43,150,-12,-56,-1060,193
-22,-265,54,-28,137,-8,-65,-1057,201
-22,-262,67,-15,127,-4,-64,-1060,199
-24,-262,57,-7,121,-3,-63,-1046,202
-24,-263,62,1,118,-2,-72,-1037,196
-21,-262,56,4,115,0,-65,-1033,205
-23,-267,48,5,109,-2,-68,-1031,202
-22,-258,60,8,103,-3,-68,-1026,197
-23,-259,53,7,98,-3,-64,-1023,193
-21,-258,55,3,94,-4,-61,-1021,192
-22,-258,55,3,90,-5,-66,-1021,190
-18,-266,58,2,87,-5,-54,-1026,191
-21,-265,58,4,80,-6,-52,-1026,193
-16,-261,57,7,75,-3,-52,-1034,191
-15,-264,56,12,70,-3,-43,-1035,194
-15,-281,66,16,66,0,-39,-1035,190
-16,-261,56,21,62,2,-36,-1033,192
-15,-260,56,26,58,3,-31,-1032,193
-13,-262,56,32,53,4,-31,-1035,194
-17,-257,54,36,53,4,-23,-1026,187
-12,-258,57,40,55,3,-24,-1023,194
-10,-258,54,41,57,3,-25,-1017,192
-9,-257,57,41,60,3,-22,-1013,194
-14,-255,55,38,60,0,-27,-1014,190
-9,-259,61,33,60,0,-25,-1016,191
-12,-258,58,30,62,-3,-22,-1017,190
-11,-257,55,25,69,-7,-28,-1015,190
-13,-259,53,20,74,-9,-22,-1016,190
-13,-259,52,14,78,-14,-25,-1019,192
-11,-261,57,12,81,-18,-22,-1017,188
-10,-262,53,6,86,-21,-20,-1019,187
-10,-259,55,1,92,-24,-20,-1024,186
-8,-259,54,-4,97,-24,-22,-1026,190
-12,-261,51,-8,100,-26,-22,-1029,191
-4,-272,59,-10,103,-26,-23,-1034,187
-14,-260,54,-11,104,-23,-31,-1033,187
-16,-264,56,-10,104,-22,-27,-1034,187
-9,-264,52,-10,105,-20,-25,-1042,184
-13,-266,55,-9,107,-20,-24,-1050,187
-12,-263,55,-7,109,-20,-21,-1038,190
-13,-265,52,-4,113,-19,-28,-1034,185
-13,-264,55,-3,115,-19,-36,-1040,187
-12,-262,54,-1,114,-20,-29,-1035,185
-14,-263,53,0,114,-20,-28,-1029,182
-15,-261,50,0,111,-19,-36,-1030,182
-16,-259,52,0,107,-18,-33,-1030,179
-11,-259,55,-3,103,-17,-35,-1033,179
-15,-259,55,-5,99,-15,-37,-1025,182
-15,-256,53,-9,95,-13,-29,-1026,183
-16,-261,54,-11,93,-11,-35,-1026,181
-16,-258,48,-10,88,-11,-36,-1027,179
-16,-262,54,-6,83,-10,-35,-1021,178
-13,-260,52,-4,77,-9,-39,-1022,176
-15,-258,49,0,76,-8,-37,-1025,172
-14,-260,50,0,74,-7,-38,-1019,175
-16,-258,52,1,72,-6,-42,-1016,177
-18,-258,52,-1,71,-5,-39,-1023,175
-19,-258,54,-4,70,-7,-40,-1022,182
-18,-260,54,-9,70,-7,-47,-1022,182
-19,-257,58,-14,69,-5,-53,-1023,191
-18,-259,58,-15,67,-4,-51,-1024,192
-16,-258,55,-16,64,-5,-49,-1023,190
-19,-258,55,-15,61,-4,-50,-1030,187
-18,-261,56,-14,60,-5,-47,-1025,185
-17,-260,54,-16,58,-5,-43,-1022,186
-18,-259,56,-20,55,-6,-36,-1025,187
-16,-258,52,-23,56,-5,-34,-1026,187
-17,-258,55,-27,54,-5,-36,-1030,181
-15,-258,53,-28,54,-6,-33,-1027,180
-15,-259,55,-29,55,-7,-33,-1021,183
-9,-260,56,-34,56,-6,-34,-1026,187
-13,-260,51,-38,55,-5,-30,-1024,188
-13,-261,58,-41,57,-2,-33,-1024,192
-15,-261,48,-43,55,-4,-34,-1039,185
-14,-263,54,-35,53,-2,-23,-1031,177
-13,-261,52,-24,56,2,-25,-1034,181
-12,-261,52,-13,53,2,-27,-1029,185
-16,-260,52,-8,51,2,-35,-1026,179
-14,-261,56,-6,50,5,-32,-1029,187
-13,-259,55,-8,48,4,-35,-1028,184
-16,-262,54,-11,52,1,-35,-1026,185
-14,-258,56,-16,55,2,-33,-1022,192
-18,-260,54,-15,59,1,-34,-1028,190
-15,-258,57,-13,61,0,-37,-1029,192
-16,-262,54,-12,60,0,-39,-1032,188
-18,-262,55,-11,59,-1,-42,-1032,190
-17,-259,59,-12,56,-2,-45,-1035,189
-16,-261,52,-13,54,-2,-41,-1032,183
-17,-261,53,-16,54,-4,-36,-1033,182
-16,-261,57,-22,53,-6,-40,-1034,182
-16,-265,55,-25,56,-7,-38,-1031,181
-16,-262,51,-26,58,-9,-36,-1038,185
-18,-264,53,-24,61,-10,-38,-1037,189
-17,-260,52,-19,61,-11,-38,-1032,183
-17,-259,56,-17,62,-10,-39,-1034,180
-18,-262,53,-14,63,-11,-43,-1029,183
-16,-258,51,-13,64,-9,-38,-1025,183
-13,-261,54,-15,67,-10,-39,-1025,182
-16,-259,55,-16,69,-10,-38,-1028,182
-11,-257,57,-19,69,-9,-35,-1024,182
-15,-260,56,-22,69,-7,-39,-1023,186
-15,-259,54,-24,69,-6,-36,-1029,185
-14,-262,52,-24,69,-5,-34,-1032,186
-14,-260,56,-25,69,-4,-33,-1030,184
-14,-258,51,-27,68,-4,-34,-1027,181
-14,-262,55,-30,68,-2,-33,-1027,182
-17,-259,52,-32,68,-1,-32,-1030,185
-13,-262,52,-34,68,0,-27,-1033,176
-12,-261,51,-36,66,0,-31,-1036,176
-13,-265,54,-37,64,2,-30,-1040,174
-14,-264,53,-37,64,3,-23,-1041,176
-14,-266,47,-33,63,6,-34,-1044,175
-15,-264,52,-29,60,7,-24,-1051,167
-13,-266,46,-30,58,9,-28,-1050,169
-13,-267,49,-27,59,10,-23,-1050,168
-11,-262,48,-23,59,11,-20,-1047,169
-10,-262,50,-18,58,13,-21,-1039,169
-13,-264,53,-12,59,14,-22,-1037,171
-13,-262,51,-6,59,13,-15,-1038,173
-13,-263,50,2,59,12,-22,-1030,173
-11,-263,49,8,60,12,-28,-1027,173
-10,-259,50,13,62,9,-26,-1021,176
-12,-257,52,16,64,6,-24,-1015,179
-12,-257,49,16,67,4,-21,-1019,179
-12,-258,51,11,70,2,-15,-1023,179
-11,-258,54,5,78,2,-19,-1021,182
-9,-260,53,-4,81,1,-12,-1028,182
-8,-263,56,-7,89,3,-10,-1033,188
-11,-262,53,-5,93,5,-13,-1040,188
-10,-263,56,0,95,7,-12,-1051,186
-10,-264,56,7,95,7,-14,-1041,187
-11,-263,53,14,94,7,-16,-1050,186
-9,-263,54,21,91,8,-13,-1034,187
-8,-265,60,25,91,6,-9,-1029,184
-10,-258,53,26,92,3,-18,-1025,179
-7,-260,51,25,96,0,-16,-1020,180
-13,-256,52,20,99,-5,-12,-1012,182
-10,-254,53,14,103,-8,-19,-1009,180
-10,-255,54,7,106,-12,-25,-1009,184
-14,-256,57,-1,109,-13,-27,-1013,182
-14,-256,52,-8,112,-16,-24,-1007,188
-13,-259,54,-15,112,-18,-28,-1014,186
-13,-257,51,-21,113,-17,-29,-1017,185
-14,-260,55,-25,114,-18,-34,-1022,185
-15,-259,54,-30,113,-18,-32,-1023,189
-11,-259,56,-32,114,-18,-30,-1027,190
-16,-260,59,-33,116,-17,-32,-1029,187
-13,-263,55,-32,116,-16,-31,-1032,190
-14,-260,60,-33,115,-16,-34,-1033,190
-13,-265,54,-33,117,-16,-27,-1032,187
-12,-263,56,-34,115,-17,-29,-1025,184
-18,-259,55,-35,117,-16,-29,-1030,184
-13,-263,50,-38,118,-19,-29,-1025,184
-15,-260,53,-38,120,-19,-25,-1027,186
-13,-261,50,-39,121,-20,-29,-1028,186
-17,-261,57,-41,121,-21,-32,-1027,183
-14,-261,50,-41,121,-22,-31,-1024,188
-14,-262,57,-42,121,-22,-27,-1024,179
-14,-262,50,-45,118,-24,-34,-1030,180
-16,-263,52,-46,115,-23,-31,-1028,181
-13,-262,54,-48,114,-25,-34,-1031,184
-16,-261,54,-49,112,-24,-34,-1033,182
-13,-263,56,-51,111,-25,-34,-1032,183
-14,-261,54,-53,110,-24,-32,-1043,180
-13,-266,53,-52,110,-22,-34,-1029,180
-15,-262,50,-51,108,-22,-33,-1030,178
-16,-263,49,-51,106,-21,-35,-1032,175
-15,-259,51,-50,105,-19,-37,-1034,176
-14,-262,51,-49,100,-17,-33,-1034,177
-14,-264,47,-48,95,-15,-37,-1029,170
-13,-263,52,-46,93,-14,-37,-1031,174
-15,-261,49,-45,92,-13,-36,-1030,174
-15,-261,51,-46,91,-13,-39,-1031,175
-15,-261,52,-45,89,-11,-33,-1027,179
-17,-262,53,-45,90,-10,-42,-1031,186
-15,-263,53,-43,85,-10,-39,-1035,181
-18,-266,53,-34,82,-10,-35,-1046,170
-21,-266,44,-17,83,-10,-30,-1037,172
-13,-262,51,-6,79,-9,-31,-1035,173
-14,-262,52,3,76,-11,-35,-1028,168
-13,-260,51,5,76,-10,-32,-1027,173
-14,-258,49,2,77,-9,-32,-1030,177
-15,-258,56,-5,76,-9,-31,-1024,181
-12,-259,52,-11,79,-10,-28,-1023,181
-15,-260,54,-14,86,-11,-27,-1026,185
-10,-261,55,-12,90,-12,-26,-1030,190
-15,-259,53,-11,89,-13,-27,-1031,188
-15,-259,53,-8,87,-11,-23,-1032,191
-11,-261,54,-9,88,-11,-25,-1023,189
-12,-259,53,-10,85,-10,-23,-1024,185
-13,-260,54,-15,86,-10,-24,-1027,180
-12,-262,50,-19,86,-11,-21,-1031,177
-11,-262,51,-24,87,-11,-21,-1021,181
-15,-258,51,-27,90,-9,-32,-1027,185
-17,-259,53,-27,89,-10,-29,-1024,179
-13,-259,53,-28,90,-6,-36,-1024,179
-16,-260,54,-27,89,-5,-36,-1028,179
-15,-261,54,-27,90,-2,-36,-1029,176
-13,-259,52,-29,90,0,-35,-1024,173
-16,-260,53,-33,89,-1,-37,-1029,176
-18,-259,52,-34,89,0,-37,-1030,173
-16,-259,50,-33,87,1,-37,-1028,174
-14,-262,50,-32,85,0,-39,-1030,174
-15,-260,52,-31,84,1,-36,-1025,168
-16,-260,48,-29,81,1,-35,-1028,178
-14,-259,53,-28,81,-1,-40,-1020,181
-16,-260,51,-29,80,-1,-36,-1027,183
-13,-261,52,-30,78,1,-35,-1025,179
-16,-259,51,-31,77,2,-36,-1027,175
-17,-261,52,-33,76,1,-36,-1035,177
-14,-262,49,-35,75,0,-38,-1029,178
-15,-261,51,-37,76,0,-35,-1036,177
-14,-264,51,-38,75,0,-35,-1031,173
-15,-263,50,-40,73,0,-38,-1030,178
-16,-264,55,-40,74,0,-35,-1038,174
-14,-262,51,-39,73,-1,-36,-1026,176
-17,-260,52,-38,70,-1,-38,-1026,178
-14,-259,50,-35,68,-3,-35,-1025,176
-13,-260,47,-33,67,-2,-35,-1028,175
-14,-259,50,-32,65,-2,-38,-1028,178
-17,-260,48,-31,62,-1,-40,-1023,176
-14,-259,50,-30,61,0,-34,-1025,181
-14,-262,50,-32,61,1,-32,-1023,178
-14,-260,50,-31,59,0,-38,-1029,175
-15,-259,55,-32,56,3,-32,-1029,178
-13,-261,50,-33,54,4,-34,-1026,182
-15,-262,52,-32,53,3,-37,-1025,178
-14,-261,53,-34,52,5,-33,-1029,175
-17,-260,50,-34,50,7,-32,-1027,173
-12,-262,51,-35,49,6,-33,-1034,177
-16,-259,50,-35,50,8,-34,-1033,180
-13,-262,50,-35,48,8,-32,-1031,181
-17,-260,53,-33,48,10,-34,-1034,176
-16,-262,51,-32,45,10,-37,-1029,183
-17,-261,50,-30,44,9,-38,-1029,179
-16,-258,54,-29,43,9,-39,-1032,182
-16,-261,52,-27,42,10,-38,-1028,176
-15,-264,54,-27,41,9,-36,-1026,179
-17,-261,53,-26,41,10,-39,-1032,175
-14,-260,51,-26,41,8,-43,-1031,173
-16,-261,52,-27,39,8,-39,-1028,179
-16,-257,49,-27,38,8,-37,-1028,178
-19,-261,49,-27,37,6,-36,-1030,175
-14,-261,49,-28,38,5,-37,-1026,176
-17,-258,48,-29,38,3,-34,-1029,178
-14,-259,56,-29,36,4,-33,-1029,175
-18,-257,54,-27,37,5,-35,-1027,177
-15,-261,53,-28,36,5,-36,-1028,181
-20,-260,54,-29,34,5,-42,-1030,181
-15,-264,54,-29,33,5,-36,-1030,187
-19,-261,55,-27,32,5,-37,-1034,181
-16,-260,52,-28,31,6,-37,-1030,185
-17,-260,52,-28,31,6,-34,-1029,180
-14,-261,57,-26,29,6,-35,-1032,178
-13,-263,51,-25,29,6,-34,-1029,175
-15,-260,48,-24,27,7,-28,-1033,179
-14,-262,50,-22,28,7,-29,-1029,174
-16,-259,49,-19,29,6,-31,-1030,177
-16,-260,52,-19,29,7,-30,-1038,180
-12,-260,51,-19,29,8,-30,-1026,177
-16,-258,53,-18,32,7,-37,-1032,177
-11,-260,53,-18,33,7,-25,-1028,173
-11,-263,60,-18,35,5,-32,-1031,177
-11,-260,47,-19,35,5,-28,-1025,178
-15,-259,51,-19,35,5,-30,-1030,174
-13,-262,54,-21,36,6,-30,-1025,174
-12,-261,50,-21,37,6,-32,-1030,171
-13,-264,54,-23,38,7,-31,-1026,172
-11,-262,49,-24,38,6,-31,-1024,170
-14,-259,50,-25,37,6,-23,-1031,170
-14,-258,52,-26,35,6,-25,-1031,170
-13,-262,50,-27,36,6,-28,-1032,169
-12,-261,44,-28,39,6,-33,-1034,171
-14,-262,48,-29,41,4,-31,-1039,168
-14,-259,50,-29,41,5,-35,-1034,165
-14,-263,49,-31,42,3,-26,-1031,170
-15,-263,52,-32,43,4,-35,-1029,178
-17,-261,45,-30,39,1,-36,-1040,160
-13,-264,49,-19,38,3,-23,-1048,162
-11,-268,47,-4,40,4,-21,-1034,161
-13,-263,46,6,40,3,-23,-1030,157
-12,-260,44,9,40,0,-26,-1021,154
-13,-258,47,7,43,2,-31,-1025,165
-9,-259,49,4,45,2,-30,-1022,168
-13,-260,54,-2,48,1,-31,-1023,172
-12,-264,53,-8,51,0,-33,-1022,173
-12,-259,54,-12,55,-1,-31,-1024,177
-14,-258,52,-15,58,-1,-33,-1024,177
-16,-261,52,-14,56,-2,-24,-1025,179
-16,-258,51,-16,56,-3,-31,-1025,180
-14,-258,53,-16,56,-3,-31,-1026,178
-14,-256,55,-19,58,-3,-27,-1024,176
-14,-259,49,-24,59,-5,-33,-1027,172
-15,-257,51,-30,60,-4,-35,-1029,172
-14,-261,52,-33,61,-5,-36,-1028,175
-14,-258,51,-36,62,-6,-36,-1031,179
-16,-261,54,-37,64,-7,-34,-1031,175
-15,-264,49,-36,66,-5,-37,-1030,174
-14,-261,53,-35,67,-4,-34,-1031,178
-12,-262,48,-34,69,-6,-38,-1026,174
-16,-263,48,-34,71,-5,-32,-1027,172
-17,-261,49,-35,72,-5,-29,-1032,169
-13,-264,49,-34,72,-5,-34,-1039,169
-15,-262,49,-34,71,-6,-36,-1036,173
-15,-261,54,-31,68,-5,-35,-1035,168
-16,-261,50,-29,68,-5,-35,-1031,169
-14,-261,49,-26,66,-6,-34,-1036,169
-13,-264,47,-25,69,-6,-31,-1026,173
-15,-260,49,-23,69,-4,-37,-1038,168
-13,-262,52,-22,70,-5,-35,-1036,165
-11,-263,48,-21,69,-4,-34,-1035,168
-13,-261,49,-20,70,-4,-36,-1036,167
-16,-263,50,-20,70,-4,-37,-1033,175
-18,-259,50,-20,70,-5,-37,-1029,170
-16,-260,52,-22,69,-6,-35,-1028,177
-14,-261,50,-23,69,-6,-34,-1033,173
-13,-262,53,-24,67,-6,-38,-1033,177
-13,-261,48,-25,66,-6,-36,-1029,170
-15,-260,49,-25,66,-5,-36,-1031,170
-13,-260,48,-25,66,-4,-36,-1038,170
-18,-262,52,-24,67,-4,-34,-1035,169
-13,-260,49,-22,67,-5,-27,-1029,166
-13,-263,49,-19,68,-4,-34,-1036,169
-15,-260,49,-18,67,-5,-32,-1030,166
-12,-262,49,-15,67,-5,-32,-1037,173
-15,-259,46,-13,66,-5,-36,-1030,173
-12,-264,50,-9,65,-5,-33,-1029,170
-16,-261,51,-9,65,-4,-36,-1029,178
-16,-261,50,-6,65,-4,-36,-1028,177
-13,-261,53,-8,64,-4,-38,-1030,177
-16,-263,52,-7,63,-3,-35,-1027,168
-16,-262,51,-9,60,-4,-36,-1030,170
-15,-264,50,-12,60,-4,-32,-1026,166
-13,-263,49,-12,61,-4,-34,-1031,174
-16,-260,51,-13,60,-3,-33,-1028,170
-16,-264,53,-12,61,-5,-31,-1033,170
-12,-261,50,-11,62,-3,-39,-1031,175
-17,-259,46,-9,62,-2,-33,-1027,174
-14,-259,51,-7,62,-3,-31,-1029,175
-14,-261,50,-4,62,-3,-33,-1026,171
-12,-259,51,-3,62,-3,-30,-1025,172
-16,-261,48,-3,62,-3,-27,-1034,173
-14,-261,49,-3,64,-4,-27,-1029,175
-14,-263,50,-3,66,-4,-26,-1031,176
-15,-261,48,-5,68,-5,-30,-1032,176
-14,-260,47,-6,69,-6,-25,-1030,175
-15,-259,51,-5,70,-6,-30,-1027,169
-15,-263,52,-5,71,-6,-25,-1038,172
-14,-263,52,-5,73,-7,-25,-1035,169
-16,-260,50,-6,74,-8,-27,-1028,175
-14,-260,53,-5,75,-7,-28,-1029,171
-13,-263,54,-4,76,-8,-27,-1030,173
-12,-261,47,-6,76,-8,-21,-1030,174
-14,-261,52,-6,78,-8,-23,-1027,173
-14,-257,51,-6,78,-8,-26,-1029,172
-12,-262,54,-5,79,-9,-24,-1031,173
-11,-261,50,-6,80,-8,-22,-1029,173
-10,-261,56,-6,82,-9,-23,-1028,172
-13,-260,48,-5,82,-8,-25,-1026,172
-12,-260,51,-6,84,-9,-28,-1028,174
-14,-261,54,-7,86,-9,-26,-1028,164
-13,-263,50,-8,87,-10,-31,-1028,173
-16,-259,53,-10,86,-10,-32,-1032,171
-15,-261,48,-12,87,-9,-35,-1028,165
-15,-261,49,-14,86,-9,-25,-1025,167
-13,-261,49,-14,86,-8,-30,-1026,171
-15,-259,49,-15,84,-10,-34,-1030,170
-15,-262,51,-17,86,-9,-36,-1029,174
-14,-260,51,-17,86,-8,-33,-1030,169
-13,-262,52,-18,85,-9,-27,-1033,167
-15,-261,49,-19,85,-8,-33,-1030,163
-13,-259,46,-19,86,-7,-30,-1041,165
-13,-264,49,-19,85,-8,-30,-1037,165
-14,-262,49,-19,84,-8,-31,-1035,160
-11,-267,46,-18,85,-8,-28,-1037,166
-15,-264,48,-17,85,-10,-31,-1034,165
-14,-260,53,-17,86,-10,-28,-1032,169
-14,-262,53,-17,87,-10,-30,-1028,175
-15,-262,59,-18,87,-11,-30,-1030,172
-14,-265,48,-16,83,-15,-30,-1037,169
-14,-264,50,-6,82,-15,-26,-1037,159
-13,-263,51,5,84,-11,-22,-1033,163
-9,-260,48,13,81,-10,-28,-1027,160
-13,-258,49,15,80,-13,-23,-1025,165
-13,-259,47,14,79,-11,-30,-1024,165
-11,-262,51,9,78,-10,-23,-1027,169
-10,-260,51,6,80,-10,-28,-1027,167
-11,-259,54,1,83,-10,-25,-1030,169
-11,-262,52,1,87,-10,-25,-1032,172
-15,-260,49,3,88,-7,-25,-1028,175
-15,-260,55,7,86,-8,-26,-1027,177
-13,-261,50,8,85,-6,-34,-1025,177
-13,-259,54,7,82,-5,-33,-1026,177
-13,-260,50,5,82,-3,-31,-1022,173
-16,-258,49,1,82,-4,-34,-1029,176
-14,-259,49,-5,82,-3,-32,-1027,169
-16,-260,53,-11,82,-4,-35,-1027,176
-13,-263,51,-14,81,-5,-35,-1029,176
-17,-260,52,-16,83,-6,-31,-1034,176
-15,-262,52,-17,84,-6,-36,-1035,177
-15,-262,51,-18,84,-5,-38,-1028,176
-16,-264,51,-17,83,-4,-33,-1036,175
-13,-261,52,-19,83,-6,-36,-1032,168
-15,-259,51,-19,81,-6,-34,-1033,171
-14,-261,49,-20,79,-6,-33,-1026,170
-13,-261,48,-20,79,-8,-34,-1032,170
-16,-261,48,-21,78,-8,-29,-1037,170
-15,-264,50,-19,76,-7,-33,-1026,173
-11,-260,50,-18,75,-7,-31,-1032,174
-14,-260,49,-19,75,-6,-34,-1028,172
-13,-259,53,-19,75,-4,-30,-1029,172
-15,-265,47,-19,74,-4,-31,-1034,174
-15,-260,51,-22,73,-3,-36,-1034,173
-13,-262,46,-23,73,-3,-30,-1032,166
-15,-262,52,-24,72,-2,-35,-1031,168
-15,-262,48,-24,70,-1,-32,-1034,172
-14,-261,50,-25,70,-1,-32,-1035,166
-12,-259,51,-24,70,-2,-32,-1032,168
-11,-258,50,-21,69,0,-33,-1029,170
-13,-259,48,-20,69,-2,-30,-1027,166
-13,-259,51,-18,68,-1,-31,-1035,167
-13,-262,49,-18,67,-1,-28,-1029,170
-15,-262,51,-17,66,-1,-26,-1023,167
-11,-260,50,-16,65,-1,-30,-1026,169
-15,-259,52,-14,64,0,-27,-1026,169
-13,-258,50,-15,64,-2,-29,-1026,170
-13,-262,50,-15,63,0,-30,-1027,174
-11,-261,48,-16,61,0,-33,-1030,174
-13,-260,54,-17,60,0,-31,-1023,170
-15,-259,49,-18,61,0,-27,-1028,172
-12,-260,47,-20,61,0,-24,-1027,173
-16,-258,51,-21,59,0,-29,-1031,169
-15,-259,48,-23,59,1,-37,-1028,163
-15,-264,48,-21,59,1,-33,-1026,172
-14,-260,50,-21,59,1,-33,-1031,170
-15,-262,48,-22,59,0,-37,-1029,166
-16,-260,47,-23,57,0,-33,-1031,169
-16,-263,52,-24,56,2,-31,-1028,175
-14,-261,52,-24,55,2,-33,-1028,170
-17,-260,51,-24,54,4,-34,-1028,174
-13,-261,49,-24,52,3,-34,-1033,169
-15,-258,52,-24,53,5,-30,-1029,171
-13,-258,47,-23,49,5,-31,-1028,177
-13,-261,50,-22,48,4,-35,-1033,167
-14,-265,52,-23,47,6,-34,-1032,172
-14,-262,53,-21,47,6,-30,-1029,167
-15,-260,50,-20,48,6,-34,-1031,174
-12,-259,50,-18,48,8,-36,-1028,171
-13,-262,48,-17,47,8,-37,-1033,171
-15,-262,52,-17,47,8,-34,-1029,174
-15,-258,51,-17,48,7,-31,-1034,178
-13,-259,53,-18,49,8,-29,-1031,175
-15,-261,51,-19,47,7,-27,-1027,175
-16,-261,52,-20,47,8,-33,-1031,170
-17,-259,52,-21,48,6,-30,-1032,176
-16,-262,51,-21,48,4,-30,-1028,175
-14,-261,51,-21,49,4,-32,-1027,176
-14,-259,48,-22,46,3,-31,-1029,179
-13,-263,54,-22,46,5,-33,-1028,174
-14,-260,52,-20,45,5,-28,-1032,177
-14,-262,50,-19,44,5,-32,-1029,172
-14,-262,48,-17,42,5,-29,-1032,175
-15,-257,51,-18,40,7,-36,-1027,171
-15,-260,50,-19,37,7,-36,-1026,176
-17,-260,51,-19,32,8,-37,-1035,173
-16,-260,48,-20,29,9,-37,-1029,171
-15,-260,50,-19,25,11,-38,-1029,173
-15,-260,47,-17,21,11,-38,-1030,174
-15,-263,51,-15,21,10,-36,-1027,176
-17,-261,55,-16,21,8,-40,-1023,178
-15,-258,53,-15,21,9,-37,-1020,174
-20,-261,53,-16,20,9,-42,-1022,177
-19,-260,49,-18,18,11,-43,-1016,179
-18,-259,51,-20,13,11,-41,-1020,175
-16,-261,53,-21,10,11,-44,-1026,173
-17,-265,53,-25,9,11,-42,-1032,174
-17,-262,51,-30,6,12,-40,-1034,172
-20,-263,49,-31,2,13,-44,-1039,170
-20,-267,47,-33,-4,15,-45,-1049,174
-19,-261,45,-32,-10,17,-45,-1039,173
-22,-264,52,-29,-21,20,-42,-1048,176
-17,-265,51,-25,-34,22,-38,-1046,175
-14,-268,52,-22,-50,23,-34,-1049,170
-10,-263,45,-11,-62,21,-17,-1037,159
-9,-259,49,3,-65,22,-6,-1025,160
-8,-255,50,5,-65,17,-6,-1001,159
-10,-251,49,-2,-61,7,-12,-996,158
-11,-250,45,-18,-56,-1,-20,-981,159
-11,-248,45,-40,-57,-6,-20,-981,153
-14,-246,44,-66,-61,-13,-14,-978,141
-8,-250,41,-96,-60,-22,-2,-991,131
-3,-256,40,-126,-50,-33,5,-1001,134
-5,-258,41,-155,-33,-42,5,-1021,140
-3,-264,42,-181,-14,-54,13,-1043,153
2,-273,46,-198,-2,-63,25,-1069,163
0,-275,51,-201,7,-74,24,-1084,180
-3,-282,53,-193,6,-82,10,-1099,182
-8,-283,63,-180,-3,-91,3,-1111,192
-10,-284,58,-159,-25,-100,-20,-1121,199
-16,-280,66,-134,-51,-109,-27,-1113,211
-16,-275,66,-101,-76,-116,-27,-1092,230
-17,-268,68,-61,-91,-117,-38,-1070,234
-19,-261,67,-20,-93,-117,-42,-1029,237
-22,-249,74,9,-83,-111,-49,-990,257
-25,-240,77,20,-84,-102,-68,-963,281
-29,-239,85,4,-101,-86,-81,-943,298
-31,-234,86,-34,-127,-68,-86,-931,309
-28,-237,84,-78,-155,-47,-85,-929,314
-33,-237,85,-118,-179,-29,-90,-949,300
-32,-241,85,-150,-202,-11,-89,-954,293
-27,-242,79,-169,-222,3,-84,-963,276
-24,-243,72,-184,-238,13,-79,-958,260
-22,-245,67,-197,-250,21,-68,-965,238
-20,-245,63,-217,-260,25,-58,-969,225
-18,-248,63,-242,-265,25,-51,-977,228
-20,-255,64,-269,-269,28,-48,-989,236
-16,-255,67,-290,-274,31,-43,-1005,249
-18,-256,69,-301,-284,37,-40,-1016,262
-12,-258,72,-300,-296,41,-23,-1029,253
-10,-262,61,-289,-307,48,-16,-1037,231
-6,-263,59,-267,-316,54,5,-1032,201
-1,-263,54,-246,-323,61,14,-1030,180
0,-263,48,-226,-330,69,29,-1025,164
3,-257,45,-215,-336,72,47,-1025,154
8,-258,44,-213,-334,78,60,-1017,142
11,-257,41,-222,-323,80,66,-1009,142
12,-255,40,-235,-303,84,78,-1006,145
13,-256,45,-250,-280,86,76,-1016,150
11,-256,45,-261,-262,87,78,-1014,164
12,-261,51,-272,-250,86,76,-1021,169
13,-263,51,-278,-240,86,85,-1034,181
15,-267,49,-277,-231,86,92,-1044,169
21,-266,45,-271,-222,83,105,-1054,159
20,-267,44,-263,-209,80,110,-1065,149
21,-269,43,-252,-192,75,124,-1068,144
21,-267,42,-241,-174,71,125,-1068,138
25,-270,43,-228,-162,68,124,-1065,141
26,-270,42,-211,-150,70,128,-1064,134
30,-266,39,-192,-138,77,136,-1057,136
30,-269,35,-170,-116,82,144,-1061,123
28,-274,38,-148,-84,87,147,-1064,119
31,-268,33,-126,-48,91,148,-1061,111
31,-268,34,-105,-19,96,142,-1051,106
27,-265,35,-81,-2,104,151,-1032,107
29,-260,29,-49,6,113,148,-1020,81
32,-258,17,-20,20,119,151,-1009,55
29,-252,15,4,43,122,150,-986,42
27,-249,14,20,59,119,132,-969,44
19,-241,17,29,63,114,117,-948,50
21,-235,18,29,56,110,106,-926,47
18,-231,19,20,45,104,91,-909,47
15,-229,16,4,42,98,87,-899,39
10,-223,10,-22,52,88,69,-886,28
6,-223,13,-53,61,75,47,-879,19
0,-219,7,-89,63,56,15,-868,17
-7,-219,11,-121,55,34,-15,-866,18
-18,-220,13,-143,42,12,-42,-864,23
-23,-218,15,-161,24,-9,-72,-865,35
-31,-221,17,-180,13,-27,-94,-870,52
-35,-218,23,-201,12,-42,-118,-867,68
-44,-219,31,-229,24,-53,-151,-875,95
-50,-228,40,-264,45,-59,-183,-897,123
-56,-235,48,-310,72,-61,-200,-931,166
-61,-245,54,-368,95,-63,-214,-975,196
-63,-257,64,-434,109,-64,-223,-1027,218
-67,-269,66,-499,124,-60,-235,-1079,237
-67,-285,68,-558,142,-45,-237,-1125,247
-69,-293,68,-603,162,-20,-248,-1158,253
-71,-314,66,-628,182,15,-253,-1228,239
-64,-326,64,-649,219,69,-234,-1282,231
-64,-328,65,-665,248,108,-216,-1295,235
-58,-340,72,-644,267,144,-206,-1314,254
-51,-335,71,-582,278,191,-178,-1314,268
-45,-332,75,-487,283,233,-148,-1292,275
-35,-323,80,-382,290,271,-101,-1258,270
-29,-312,77,-286,297,301,-78,-1215,279
-20,-300,80,-206,300,331,-45,-1168,290
-13,-286,80,-146,302,356,-21,-1124,307
-2,-274,89,-100,301,377,15,-1077,317
3,-263,91,-76,294,398,38,-1044,338
10,-254,89,-71,288,414,67,-1009,340
13,-249,89,-88,284,427,82,-989,330
15,-247,85,-120,283,433,87,-978,328
11,-254,85,-157,293,432,74,-982,321
3,-253,83,-193,303,425,53,-996,312
0,-257,78,-214,311,413,20,-1008,293
-11,-260,71,-218,318,395,-25,-1025,258
-20,-256,55,-207,324,379,-63,-1010,208
-31,-255,39,-190,336,365,-89,-994,144
-39,-248,27,-173,353,348,-131,-977,97
-51,-241,20,-161,370,327,-161,-951,60
-57,-228,12,-149,383,308,-206,-907,44
-64,-215,19,-135,393,295,-227,-868,42
-66,-203,21,-120,395,285,-236,-816,60
-64,-193,28,-102,385,283,-240,-769,89
-64,-186,40,-79,367,281,-229,-719,135
-58,-174,46,-64,343,279,-220,-691,160
-56,-169,54,-58,321,270,-193,-674,189
-44,-167,56,-63,302,259,-159,-668,204
-35,-168,61,-82,297,250,-120,-693,218
-29,-177,64,-113,304,223,-99,-706,239
-29,-182,71,-144,311,189,-91,-735,254
-26,-192,72,-174,315,153,-82,-766,257
-19,-198,65,-199,321,114,-73,-784,239
-19,-204,49,-214,341,69,-60,-798,183
-15,-201,32,-231,380,33,-42,-795,121
-15,-199,24,-259,418,-3,-36,-781,81
-15,-193,22,-285,465,-38,-48,-769,56
-18,-192,18,-305,502,-70,-57,-759,60
-21,-192,28,-317,525,-96,-67,-744,74
-21,-191,34,-321,535,-113,-79,-737,114
-31,-179,45,-318,535,-123,-87,-721,150
-32,-178,56,-313,528,-127,-99,-713,185
-31,-180,66,-315,516,-127,-99,-719,236
-29,-182,83,-322,501,-127,-90,-737,279
-26,-194,91,-333,485,-132,-86,-771,323
-25,-202,95,-345,471,-145,-77,-810,356
-23,-217,94,-360,475,-161,-77,-865,356
-22,-225,90,-376,504,-180,-78,-904,333
-22,-233,83,-400,551,-202,-66,-934,300
-20,-241,70,-430,611,-226,-65,-953,252
-20,-245,60,-468,665,-249,-60,-971,212
-13,-252,49,-505,704,-270,-36,-989,180
-6,-261,50,-530,725,-292,-9,-1018,169
0,-271,54,-531,735,-314,21,-1051,182
1,-271,63,-506,747,-340,33,-1076,216
-5,-272,89,-464,765,-368,16,-1084,296
-12,-277,110,-427,774,-390,-9,-1087,410
-18,-278,127,-398,761,-408,-33,-1111,486
-21,-290,139,-379,736,-420,-52,-1153,528
-27,-303,143,-362,715,-437,-86,-1201,563
-41,-316,155,-341,707,-461,-118,-1248,577
-51,-332,158,-308,703,-492,-170,-1300,592
-66,-340,151,-257,691,-524,-219,-1342,582
-73,-351,143,-187,672,-553,-263,-1382,551
-82,-357,126,-96,650,-571,-290,-1397,494
-89,-356,111,11,637,-572,-322,-1399,408
-96,-352,89,124,639,-562,-341,-1377,333
-102,-338,73,244,659,-535,-366,-1323,272
-109,-321,76,369,678,-489,-384,-1251,272
-103,-296,79,489,662,-426,-361,-1169,286
-91,-272,82,593,602,-363,-330,-1096,296
-79,-255,88,673,540,-314,-292,-1018,321
-79,-233,106,704,507,-278,-285,-951,371
-85,-218,129,676,486,-264,-301,-903,472
-80,-208,153,589,436,-263,-299,-876,575
-69,-220,156,456,364,-272,-262,-893,611
-60,-233,147,295,314,-297,-224,-943,577
-44,-262,138,138,319,-326,-166,-1023,546
-40,-294,128,16,349,-354,-129,-1159,486
-30,-326,105,-52,383,-375,-98,-1271,389
-30,-352,70,-36,409,-397,-77,-1364,266
-23,-371,41,61,434,-421,-72,-1423,147
-27,-373,5,225,481,-444,-83,-1436,4
-36,-353,-37,405,554,-465,-111,-1396,-181
-37,-332,-83,555,627,-476,-117,-1300,-346
-33,-308,-115,680,674,-481,-113,-1197,-491
-27,-276,-140,802,699,-479,-88,-1077,-594
-17,-244,-158,925,721,-473,-43,-942,-676
2,-203,-176,1046,760,-467,7,-817,-757
13,-158,-184,1129,808,-471,85,-594,-788
33,-114,-181,1169,862,-493,144,-422,-765
46,-64,-174,1180,917,-521,187,-233,-733
60,-12,-158,1160,968,-554,247,-30,-668
78,38,-146,1131,1010,-583,319,158,-618
95,78,-135,1072,1034,-621,381,295,-593
109,119,-128,970,1062,-675,424,447,-541
122,147,-126,840,1067,-702,475,545,-539
132,155,-141,693,1024,-694,516,582,-588
145,143,-169,520,950,-662,529,546,-686
130,116,-193,312,911,-598,504,450,-822
117,69,-205,58,929,-487,447,256,-867
99,11,-192,-234,988,-340,388,28,-839
75,-53,-162,-537,1031,-171,329,-218,-712
57,-120,-116,-809,997,9,269,-477,-513
22,-187,-47,-1044,882,184,149,-730,-267
-11,-254,19,-1220,741,344,14,-969,12
-45,-308,88,-1333,581,491,-106,-1195,277
-71,-354,130,-1381,383,653,-206,-1367,477
-86,-394,155,-1337,178,836,-271,-1521,578
-91,-430,154,-1208,4,994,-308,-1648,596
-107,-456,131,-1039,-112,1092,-359,-1754,490
-132,-485,95,-856,-175,1122,-488,-1890,346
-180,-525,48,-661,-204,1126,-676,-2065,158
-226,-581,24,-471,-200,1174,-854,-2285,56
-259,-654,20,-297,-167,1275,-972,-2583,32
-282,-728,44,-179,-99,1378,-1056,-2877,135
-283,-769,121,-100,-23,1379,-1058,-3011,431
-256,-733,240,53,-33,1206,-925,-2862,888
-159,-666,295,353,-228,974,-545,-2598,1126
-87,-615,235,707,-507,801,-285,-2423,947
-37,-567,186,901,-669,662,-104,-2267,733
6,-512,153,898,-697,557,57,-1996,596
56,-456,144,813,-690,469,300,-1765,539
113,-399,130,756,-714,362,515,-1533,496
174,-344,112,762,-764,217,734,-1308,418
234,-271,76,786,-770,57,898,-1114,298
258,-223,62,717,-621,-98,975,-922,229
236,-173,63,533,-292,-240,916,-740,225
191,-147,82,264,109,-310,770,-612,283
145,-146,111,-26,414,-303,609,-582,381
109,-166,133,-262,541,-277,485,-650,493
79,-212,153,-386,550,-278,358,-783,568
50,-263,165,-387,522,-310,262,-1017,631
29,-317,167,-279,477,-350,161,-1221,648
15,-360,167,-102,411,-382,113,-1382,632
15,-381,148,93,313,-401,117,-1478,568
26,-391,128,279,208,-422,150,-1520,475
39,-391,113,448,125,-436,201,-1511,413
40,-383,98,611,74,-432,208,-1496,362
34,-372,86,763,37,-409,175,-1455,315
11,-355,69,886,1,-363,106,-1395,272
-15,-328,67,969,-35,-278,7,-1305,245
-50,-300,66,1026,-88,-159,-128,-1194,234
-92,-262,67,1101,-170,-36,-337,-1002,244
-142,-217,70,1218,-277,85,-548,-832,245
-192,-170,69,1381,-401,213,-727,-643,246
-227,-114,70,1566,-523,347,-878,-449,259
-247,-62,67,1749,-623,486,-958,-248,233
-260,-5,54,1891,-702,612,-1031,-46,182
-268,48,30,1960,-772,721,-1054,149,104
-268,100,1,1918,-848,820,-1056,333,-2
-259,153,-22,1781,-956,917,-1013,528,-99
-230,203,-49,1601,-1096,1034,-895,730,-205
-184,237,-83,1421,-1250,1180,-736,866,-406
-115,250,-138,1216,-1387,1322,-486,904,-583
-65,250,-185,927,-1465,1420,-290,908,-760
-13,238,-212,531,-1478,1440,-109,881,-881
33,217,-219,60,-1428,1406,72,792,-920
67,181,-206,-440,-1351,1315,236,666,-882
93,128,-190,-913,-1285,1179,332,495,-818
112,67,-179,-1268,-1217,1049,422,283,-751
134,0,-162,-1491,-1136,915,497,51,-690
135,-62,-131,-1574,-1023,756,507,-170,-596
153,-122,-95,-1537,-862,611,574,-398,-465
172,-173,-56,-1430,-690,469,659,-591,-241
180,-217,-9,-1279,-517,362,709,-829,-79
182,-264,18,-1105,-363,294,723,-998,26
170,-315,20,-927,-228,251,683,-1213,42
150,-365,11,-810,-99,196,619,-1423,23
130,-412,8,-806,21,116,537,-1624,2
128,-470,0,-919,138,18,513,-1845,-32
154,-538,0,-1096,259,-113,629,-2100,-25
202,-628,4,-1252,404,-324,802,-2422,3
234,-722,28,-1372,587,-617,945,-2787,75
229,-819,58,-1452,791,-966,966,-3155,171
157,-902,108,-1453,993,-1353,718,-3543,427
3,-921,200,-1317,1183,-1778,5,-3560,810
-138,-874,292,-1023,1276,-2099,-498,-3367,1144
-231,-824,308,-590,1207,-2157,-845,-3168,1203
-305,-761,278,-66,1040,-2020,-1102,-2933,1069
-336,-697,227,469,814,-1752,-1230,-2700,863
-317,-626,185,936,551,-1396,-1161,-2408,711
-281,-521,161,1343,313,-1029,-1087,-2121,637
-276,-429,156,1704,194,-706,-1056,-1773,600
-283,-323,150,1947,166,-425,-1076,-1400,598
-285,-226,150,2036,159,-167,-1110,-1021,592
-267,-138,140,1993,129,58,-1078,-603,545
-250,-72,100,1858,70,234,-968,-367,390
-209,-29,57,1607,7,373,-827,-212,224
-154,-17,23,1279,-19,483,-626,-151,81
-97,-33,-17,910,7,555,-407,-204,-66
-60,-63,-32,513,84,574,-249,-289,-137
-44,-85,-28,142,200,556,-187,-383,-139
-60,-114,-6,-131,311,502,-221,-442,-70
-78,-129,2,-265,390,440,-293,-502,-22
-90,-151,-8,-260,417,400,-340,-573,-45
-95,-169,-35,-180,394,393,-342,-649,-139
-72,-194,-60,-92,353,412,-286,-761,-273
-30,-222,-83,-38,346,425,-96,-876,-360
23,-248,-88,-39,375,372,111,-976,-385
78,-263,-78,-62,429,242,338,-1020,-356
120,-256,-69,-49,503,80,481,-977,-321
144,-231,-55,13,580,-73,579,-873,-251
157,-191,-39,83,636,-207,638,-726,-182
170,-149,-9,152,644,-324,678,-572,-76
167,-123,17,204,622,-433,688,-417,46
180,-76,18,279,578,-542,737,-288,72
183,-52,1,331,501,-659,740,-180,4
167,-29,-21,365,450,-759,646,-99,-130
146,-18,-58,372,442,-807,570,-91,-252
133,-29,-81,312,429,-801,520,-120,-364
109,-46,-105,202,423,-769,441,-173,-438
77,-61,-119,65,483,-700,311,-244,-499
33,-75,-110,-86,608,-584,152,-322,-480
-14,-100,-68,-248,699,-431,-13,-393,-339
-62,-120,-28,-390,737,-276,-187,-478,-168
-97,-134,2,-498,686,-150,-325,-561,-47
-127,-147,3,-601,579,-54,-438,-607,8
-166,-150,-14,-763,433,25,-572,-648,-79
-209,-162,-59,-1007,269,98,-805,-708,-246
-262,-195,-123,-1325,164,216,-997,-860,-502
-258,-287,-124,-1705,113,455,-988,-1174,-525
-178,-424,-48,-2042,70,750,-691,-1688,-254
-97,-584,41,-2282,95,1174,-366,-2307,108
-24,-748,131,-2513,299,1513,-88,-2930,468
9,-873,251,-2726,555,1631,109,-3396,917
19,-928,371,-2717,666,1544,162,-3580,1378
8,-919,437,-2275,567,1347,145,-3509,1687
53,-890,410,-1426,325,1104,316,-3366,1630
81,-869,327,-453,3,911,411,-3321,1259
130,-838,274,377,-214,704,603,-3208,1064
153,-774,243,998,-300,412,650,-2957,922
148,-696,203,1429,-309,55,631,-2671,785
134,-596,182,1688,-312,-348,571,-2294,703
126,-490,172,1769,-301,-709,534,-1907,650
124,-394,159,1768,-272,-976,505,-1521,605
112,-302,128,1798,-243,-1117,462,-1160,490
91,-221,89,1878,-215,-1137,364,-856,327
62,-155,51,1969,-172,-1056,259,-603,185
20,-74,19,2034,-125,-930,136,-371,82
-8,-20,12,2029,-77,-792,14,-112,25
-44,32,9,1935,-38,-665,-174,83,19
-68,72,5,1747,-4,-544,-279,217,18
-82,91,5,1465,38,-411,-326,278,14
-84,87,0,1112,69,-233,-342,266,-7
-71,65,-8,726,74,-14,-289,202,-44
-50,28,-15,363,31,180,-194,79,-83
-34,-1,-25,77,-62,275,-125,-13,-116
-25,-30,-39,-67,-173,287,-101,-105,-177
-37,-43,-54,-86,-273,268,-120,-148,-235
-49,-49,-65,-29,-348,266,-169,-178,-270
-62,-46,-64,66,-388,296,-225,-166,-286
-78,-35,-57,165,-405,345,-306,-133,-256
-101,-18,-42,232,-410,403,-388,-82,-217
-114,0,-34,254,-435,466,-444,-24,-168
-129,9,-28,216,-525,515,-483,15,-128
-126,1,-39,131,-696,541,-474,-27,-184
-129,-14,-64,23,-906,529,-494,-82,-272
-135,-30,-95,-118,-1087,490,-516,-157,-397
-118,-61,-124,-263,-1181,468,-470,-249,-514
-89,-86,-126,-417,-1182,459,-368,-348,-541
-55,-117,-103,-557,-1097,459,-240,-450,-459
-20,-144,-48,-674,-940,473,-75,-579,-186
1,-176,26,-766,-772,496,26,-714,111
25,-216,91,-816,-661,506,128,-873,348
54,-261,123,-806,-631,495,235,-1018,457
86,-299,106,-763,-644,466,376,-1180,389
138,-339,54,-738,-630,406,571,-1351,185
232,-429,-30,-796,-509,278,862,-1636,-82
303,-547,-74,-1010,-245,63,1082,-2045,-300
338,-700,-56,-1317,147,-217,1339,-2609,-299
329,-886,29,-1642,553,-572,1371,-3326,-22
217,-1017,150,-2011,850,-1047,1103,-3917,532
-3,-1019,234,-2259,918,-1633,121,-3931,894
-89,-935,266,-2000,766,-2096,-217,-3576,1019
-98,-832,227,-1231,481,-2264,-280,-3155,893
-119,-719,169,-266,259,-2213,-396,-2767,672
-150,-623,128,614,180,-2032,-520,-2413,498
-179,-531,104,1283,196,-1783,-663,-2087,375
-203,-441,91,1719,265,-1493,-777,-1746,334
-211,-335,101,1971,374,-1154,-823,-1388,373
-203,-241,126,2102,463,-775,-777,-1032,448
-190,-159,124,2122,483,-409,-726,-720,474
-171,-85,107,2028,416,-86,-653,-452,404
-133,-41,68,1794,307,173,-511,-228,260
-107,-22,23,1466,250,361,-419,-154,79
-82,-26,-30,1097,296,499,-344,-165,-115
-79,-43,-64,719,430,593,-321,-239,-279
-78,-67,-83,356,594,644,-315,-319,-351
-75,-97,-77,62,753,669,-310,-413,-345
-71,-140,-54,-112,899,674,-272,-528,-256
-60,-165,-43,-161,1033,656,-247,-635,-200
-55,-194,-16,-140,1138,610,-199,-752,-101
-38,-212,9,-86,1191,511,-139,-834,-8
-20,-213,32,-23,1190,372,-58,-839,106
12,-202,64,65,1134,229,103,-764,243
51,-165,88,184,1038,101,231,-647,306
81,-122,95,310,911,-17,324,-491,359
95,-78,99,403,771,-121,393,-331,360
125,-48,99,446,648,-185,510,-172,342
147,-12,76,466,548,-252,590,-59,314
155,13,54,441,472,-339,607,34,225
143,25,12,361,425,-431,566,84,79
124,27,-23,245,429,-518,502,84,-74
114,5,-59,110,458,-582,458,37,-224
99,-26,-104,-22,486,-631,403,-107,-451
75,-65,-141,-152,531,-669,281,-254,-600
37,-99,-147,-269,621,-680,149,-390,-626
4,-136,-127,-353,733,-654,30,-536,-548
-37,-171,-82,-411,771,-593,-109,-676,-382
-87,-195,-43,-443,701,-520,-298,-781,-226
-133,-224,7,-495,577,-433,-483,-896,-15
-174,-250,34,-616,463,-315,-626,-1013,140
-195,-274,40,-867,370,-180,-735,-1149,159
-223,-319,-7,-1275,305,-39,-848,-1333,-17
-250,-407,-48,-1810,312,210,-937,-1662,-191
-232,-540,-30,-2363,436,654,-923,-2261,-119
-142,-708,56,-2771,655,1174,-475,-2867,223
-58,-858,193,-2888,814,1505,-91,-3357,778
17,-960,336,-2540,717,1586,265,-3629,1323
94,-965,417,-1632,302,1513,530,-3602,1613
155,-912,391,-407,-101,1359,699,-3440,1545
168,-837,344,638,-229,1145,702,-3214,1352
153,-742,297,1226,-155,901,637,-2901,1179
141,-629,252,1391,-47,673,607,-2570,1030
136,-548,225,1354,54,456,577,-2248,901
126,-478,200,1260,180,249,528,-1960,809
95,-408,191,1162,335,57,390,-1624,741
54,-350,176,1073,485,-116,240,-1402,684
11,-293,165,1002,585,-248,77,-1179,638
-17,-245,151,988,618,-313,-39,-965,585
-32,-201,134,1033,600,-315,-101,-797,525
-40,-168,116,1112,566,-266,-114,-667,459
-33,-143,94,1183,528,-191,-115,-586,369
-25,-136,66,1179,482,-102,-96,-574,259
-10,-147,41,1056,434,-7,-28,-613,150
12,-162,11,835,384,62,61,-675,55
27,-176,-12,591,316,88,143,-713,-79
41,-187,-48,402,196,92,229,-735,-227
55,-185,-84,302,21,107,261,-728,-390
62,-185,-114,285,-171,156,280,-709,-500
63,-173,-130,325,-297,197,265,-667,-566
45,-136,-134,359,-334,187,179,-539,-583
14,-88,-107,363,-283,122,55,-341,-469
-27,-24,-69,374,-190,33,-109,-102,-313
-78,38,-34,394,-112,-42,-316,131,-184
-136,98,-20,409,-94,-70,-526,336,-107
-178,132,-11,388,-135,-46,-700,491,-83
-206,163,-18,320,-217,14,-813,578,-100
-210,160,-27,203,-329,107,-798,558,-130
-185,142,-39,50,-438,221,-701,500,-190
-148,116,-58,-112,-498,329,-575,385,-265
-118,74,-77,-287,-516,447,-482,268,-331
-80,41,-96,-486,-524,575,-335,129,-404
-54,0,-123,-717,-535,689,-220,-30,-506
-27,-48,-138,-971,-534,804,-117,-187,-583
-14,-93,-137,-1224,-527,903,-51,-349,-603
2,-136,-118,-1418,-521,960,14,-503,-533
32,-175,-73,-1502,-523,959,121,-643,-386
47,-205,-22,-1452,-527,912,200,-764,-123
65,-231,21,-1266,-516,850,284,-865,65
93,-254,37,-1001,-476,781,359,-948,129
114,-268,26,-738,-373,709,440,-1012,88
139,-289,3,-576,-181,629,533,-1129,2
158,-306,-1,-578,83,521,585,-1222,-56
149,-331,-18,-727,379,390,584,-1320,-77
125,-383,-28,-973,680,263,500,-1509,-126
83,-474,-7,-1292,939,122,374,-1856,-79
45,-585,51,-1633,1100,-89,262,-2278,132
16,-714,129,-1938,1091,-349,193,-2764,425
1,-839,195,-2142,885,-625,123,-3321,758
0,-935,227,-2095,652,-932,79,-3638,877
-36,-966,245,-1674,531,-1243,-86,-3656,932
-119,-889,259,-848,516,-1469,-417,-3322,991
-168,-763,261,169,524,-1520,-572,-2894,1002
-187,-652,237,1043,463,-1459,-664,-2497,920
-202,-541,191,1654,371,-1350,-746,-2109,740
-212,-445,135,2000,306,-1205,-811,-1752,525
-237,-347,95,2132,267,-1039,-887,-1419,357
-237,-263,64,2084,244,-842,-901,-1098,252
-231,-191,56,1915,209,-631,-881,-809,202
-211,-127,33,1707,181,-430,-838,-553,126
-197,-77,8,1491,207,-262,-781,-380,46
-193,-42,-9,1296,273,-128,-769,-235,-39
-180,-24,-25,1141,347,6,-728,-124,-109
-165,-20,-38,1043,391,128,-657,-94,-160
-146,-21,-58,964,417,205,-596,-120,-253
-123,-25,-59,822,436,223,-501,-151,-270
-91,-36,-41,612,474,172,-390,-177,-214
-61,-37,-9,375,524,75,-266,-186,-87
-26,-42,21,157,551,-27,-117,-197,47
10,-48,42,-18,514,-106,33,-208,146
48,-55,60,-150,425,-150,219,-218,192
85,-54,70,-218,317,-186,352,-204,247
125,-58,77,-200,229,-237,500,-196,273
142,-51,73,-118,173,-318,576,-188,267
156,-47,76,-19,150,-391,633,-165,271
163,-41,70,79,127,-462,641,-124,232
149,-36,37,140,62,-526,643,-142,159
149,-42,4,169,-47,-580,625,-171,9
148,-64,-44,181,-138,-628,576,-233,-192
143,-91,-87,183,-131,-633,568,-345,-361
132,-125,-124,158,-77,-588,539,-475,-545
101,-159,-142,91,-46,-525,385,-662,-616
64,-197,-129,6,-1,-450,244,-792,-556
22,-230,-81,-68,81,-362,97,-914,-360
-22,-257,-12,-160,148,-278,-82,-1033,-66
-66,-278,38,-271,183,-200,-248,-1141,127
-102,-291,71,-453,193,-137,-372,-1212,254
-129,-310,71,-732,155,-105,-468,-1291,267
-180,-351,9,-1096,58,-72,-619,-1419,104
-235,-413,-81,-1488,-24,73,-837,-1612,-241
-275,-527,-157,-1853,3,384,-1049,-1998,-588
-160,-708,-113,-2133,96,892,-760,-2588,-491
66,-896,51,-2205,107,1456,340,-3433,100
185,-1015,225,-1916,26,1799,810,-3813,795
153,-963,356,-1106,-15,1755,695,-3664,1342
108,-857,415,-96,-21,1550,512,-3310,1605
77,-762,384,679,-62,1360,385,-2975,1544
49,-669,323,1140,-88,1098,248,-2643,1312
44,-591,275,1371,-74,827,229,-2355,1122
69,-536,239,1459,-97,593,320,-2132,953
100,-503,181,1468,-191,386,440,-1974,751
122,-466,118,1429,-282,169,500,-1860,492
118,-420,66,1368,-272,-80,480,-1630,231
90,-367,37,1332,-162,-318,362,-1410,117
60,-301,23,1348,-31,-470,255,-1153,90
27,-234,34,1428,48,-530,131,-893,117
-4,-172,47,1555,50,-532,12,-636,161
-28,-104,60,1710,-13,-504,-77,-396,210
-40,-49,58,1859,-107,-460,-146,-188,211
-50,2,43,1948,-192,-400,-193,-17,153
-56,40,18,1912,-248,-327,-207,109,73
-45,63,-14,1721,-257,-245,-186,178,-57
-35,72,-35,1374,-232,-132,-149,207,-159
-31,72,-51,946,-162,8,-131,213,-223
-41,67,-42,515,-73,138,-189,201,-187
-65,54,-25,181,13,226,-266,157,-130
-84,30,-7,-36,67,263,-341,109,-75
-79,16,5,-149,95,278,-326,60,-3
-63,4,12,-173,102,278,-244,25,25
-55,-6,0,-155,99,274,-206,-23,-19
-49,-9,-22,-169,103,307,-196,-48,-92
-56,-6,-34,-234,106,389,-208,-48,-138
-67,0,-39,-326,68,506,-226,-42,-174
-62,-7,-43,-399,-72,628,-212,-33,-191
-42,-22,-70,-407,-276,733,-139,-75,-309
-29,-40,-112,-353,-449,811,-95,-155,-475
-16,-65,-152,-308,-521,846,-67,-238,-630
-7,-80,-155,-318,-482,847,-37,-330,-666
8,-104,-121,-392,-361,846,24,-416,-531
20,-132,-53,-489,-203,863,78,-528,-266
29,-169,16,-599,-61,888,122,-669,19
35,-207,59,-729,50,892,157,-827,190
37,-254,54,-876,120,842,158,-1003,205
40,-306,23,-1059,173,747,191,-1189,98
56,-374,-12,-1229,224,630,248,-1453,-78
65,-462,-41,-1455,266,484,287,-1898,-189
74,-596,-62,-1695,308,294,340,-2413,-271
92,-771,-58,-1967,356,15,416,-3105,-252
96,-969,-3,-2254,412,-386,437,-3873,-49
56,-1143,108,-2459,520,-892,257,-4478,381
-135,-1165,236,-2337,716,-1448,-491,-4442,883
-233,-1064,335,-1597,842,-1791,-779,-4021,1281
-254,-932,350,-497,660,-1760,-862,-3540,1365
-258,-786,286,624,348,-1568,-930,-3007,1125
-250,-616,158,1543,165,-1365,-930,-2504,725
-240,-494,104,2170,52,-1207,-887,-2068,394
-237,-375,76,2528,-25,-1056,-889,-1527,282
-232,-270,57,2657,-109,-836,-888,-1148,224
-212,-171,70,2583,-181,-549,-828,-772,248
-182,-89,72,2376,-222,-271,-719,-458,268
-169,-12,80,2080,-224,-47,-669,-171,295
-165,51,96,1705,-206,145,-659,89,359
-166,84,107,1304,-196,308,-659,232,404
-162,94,99,900,-229,433,-648,273,396
-136,68,76,482,-271,498,-567,211,313
-96,13,54,47,-285,521,-414,18,215
-63,-60,51,-370,-250,482,-275,-280,189
-36,-129,64,-674,-162,423,-133,-537,238
-19,-199,80,-807,-71,383,-61,-780,292
-1,-256,85,-761,-15,363,9,-989,308
7,-302,81,-583,8,347,69,-1157,285
13,-328,63,-332,13,317,78,-1240,217
17,-332,59,-80,17,269,85,-1258,209
6,-312,63,158,17,207,62,-1220,203
3,-296,53,358,-5,140,53,-1145,184
2,-268,47,501,-51,63,49,-1039,174
-3,-229,13,567,-84,-42,7,-925,48
-5,-195,-9,549,-84,-147,-3,-783,-82
0,-178,-36,486,-40,-232,17,-701,-177
10,-164,-58,408,35,-293,54,-631,-255
20,-148,-74,339,121,-343,94,-583,-334
32,-134,-84,270,204,-393,129,-545,-371
35,-130,-87,204,279,-443,153,-507,-371
47,-128,-56,167,343,-490,192,-487,-275
51,-123,-34,186,385,-535,217,-473,-183
50,-121,-7,248,377,-582,210,-456,-86
45,-120,13,344,344,-627,207,-437,2
45,-125,26,449,303,-641,212,-461,86
39,-132,33,536,237,-625,182,-521,111
21,-141,21,575,139,-586,112,-576,71
-2,-160,6,533,54,-511,22,-650,14
-17,-186,9,413,-9,-386,-31,-761,6
-14,-229,10,255,-62,-232,-25,-929,8
-16,-269,-2,75,-114,-91,-36,-1099,-25
-25,-312,-4,-141,-135,42,-69,-1254,-56
-33,-355,-2,-408,-127,204,-98,-1436,-36
-40,-413,16,-732,-118,440,-114,-1654,23
-34,-482,41,-1059,-96,719,-104,-1901,117
-40,-541,58,-1318,-24,915,-120,-2121,226
-64,-569,76,-1473,117,963,-227,-2245,273
-95,-588,86,-1495,243,905,-328,-2294,304
-117,-611,100,-1334,242,838,-381,-2335,344
-119,-642,111,-940,93,836,-375,-2442,397
-89,-674,141,-346,-122,904,-257,-2556,509
-32,-677,182,341,-299,969,-55,-2571,682
23,-640,218,984,-377,964,136,-2442,846
63,-567,229,1442,-350,879,284,-2210,904
73,-492,216,1657,-255,741,317,-1950,864
61,-424,195,1645,-138,606,274,-1710,777
49,-370,168,1468,-42,486,228,-1531,644
56,-352,133,1185,11,390,255,-1433,532
80,-356,104,876,-2,308,359,-1430,409
119,-364,82,616,-59,211,482,-1441,303
151,-366,73,466,-77,89,595,-1428,275
153,-354,82,429,-11,-54,617,-1368,285
129,-322,102,449,134,-199,540,-1260,348
98,-288,114,476,293,-319,416,-1142,425
63,-251,126,489,421,-397,291,-1012,482
33,-220,137,489,499,-436,183,-900,508
4,-194,131,478,531,-443,73,-791,509
-19,-177,124,458,528,-426,-32,-708,460
-46,-160,107,424,495,-398,-159,-659,398
-67,-152,93,370,441,-372,-237,-627,344
-82,-149,84,299,378,-349,-306,-619,296
-93,-152,71,212,316,-323,-347,-614,269
-97,-151,71,122,267,-295,-373,-619,267
-109,-153,78,41,221,-261,-400,-631,288
-107,-162,97,-26,171,-224,-414,-657,351
-109,-170,117,-71,107,-188,-403,-690,433
-107,-180,138,-92,27,-151,-385,-725,513
-101,-190,150,-88,-62,-104,-370,-753,568
-97,-198,154,-73,-147,-38,-344,-791,594
-79,-209,148,-59,-218,47,-289,-850,550
-63,-221,128,-60,-265,144,-232,-894,471
-52,-236,104,-83,-280,236,-180,-947,382
-44,-247,89,-123,-277,314,-138,-981,314
-32,-247,77,-156,-289,375,-102,-978,280
-22,-243,61,-158,-327,414,-69,-964,233
-12,-227,46,-130,-380,438,-25,-910,170
4,-204,27,-97,-436,444,24,-836,104
13,-182,16,-85,-483,435,71,-736,46
27,-154,5,-106,-510,419,113,-631,11
37,-129,13,-148,-515,399,160,-515,30
43,-110,27,-189,-497,377,184,-425,84
49,-99,49,-203,-473,354,212,-387,153
52,-100,63,-189,-454,322,222,-383,220
55,-105,79,-170,-449,266,212,-411,282
44,-118,89,-163,-456,198,189,-451,323
37,-133,110,-177,-457,136,163,-519,399
25,-151,120,-172,-445,91,116,-588,431
13,-177,119,-144,-425,82,75,-690,441
5,-196,109,-107,-407,97,52,-777,423
6,-212,97,-68,-397,106,53,-848,370
4,-213,79,-30,-406,101,46,-852,272
4,-208,50,9,-424,91,39,-807,166
10,-197,21,44,-439,86,56,-763,64
16,-180,0,73,-438,88,91,-707,-33
20,-160,-21,87,-422,86,106,-631,-110
26,-140,-30,89,-402,81,128,-565,-146
38,-132,-27,89,-384,79,147,-518,-144
32,-124,-16,85,-375,78,145,-486,-103
30,-113,-7,66,-402,86,153,-473,-58
43,-120,-8,3,-463,93,171,-491,-53
44,-131,-14,-98,-508,90,185,-527,-89
52,-158,-29,-202,-514,94,217,-642,-154
60,-195,-55,-319,-473,93,234,-769,-234
63,-230,-74,-442,-357,75,250,-902,-327
52,-269,-81,-569,-188,45,221,-1055,-356
38,-312,-64,-696,-26,12,180,-1205,-320
29,-353,-65,-805,88,-3,143,-1364,-293
19,-409,-86,-899,157,3,117,-1572,-350
10,-476,-90,-998,228,-3,80,-1825,-400
-20,-546,-69,-1128,302,-39,-8,-2107,-351
-56,-611,-17,-1266,342,-105,-115,-2362,-168
-82,-660,44,-1344,294,-173,-225,-2545,137
-90,-683,90,-1283,140,-209,-262,-2638,307
-100,-680,115,-1041,-51,-216,-317,-2607,416
-105,-655,139,-620,-221,-189,-333,-2508,506
-100,-621,142,-98,-377,-140,-320,-2379,523
-77,-579,127,403,-496,-118,-274,-2254,464
-63,-534,97,773,-535,-147,-219,-2096,371
-62,-492,69,956,-498,-223,-209,-1956,264
-71,-459,33,951,-383,-328,-277,-1844,123
-109,-434,29,807,-190,-451,-409,-1749,80
-151,-411,50,593,-35,-546,-549,-1667,163
-168,-401,77,377,-5,-565,-622,-1605,284
-156,-391,88,203,-66,-524,-564,-1564,326
-126,-382,88,80,-137,-456,-451,-1516,331
-92,-370,83,3,-168,-363,-326,-1464,298
-62,-354,67,-45,-145,-257,-212,-1404,241
-46,-335,50,-86,-67,-151,-147,-1332,177
-37,-320,41,-128,43,-50,-118,-1266,141
-43,-307,42,-168,145,40,-149,-1219,138
-29,-303,57,-203,210,128,-95,-1197,183
-1,-304,74,-244,209,179,6,-1196,244
10,-303,84,-278,161,194,70,-1193,294
29,-307,86,-306,132,218,154,-1224,303
52,-312,87,-360,138,219,239,-1232,318
65,-311,91,-431,157,188,282,-1237,346
75,-315,102,-487,186,145,323,-1234,375
72,-318,106,-499,214,104,311,-1227,399
55,-312,111,-461,240,75,250,-1222,406
25,-313,109,-377,259,53,147,-1208,402
-11,-300,98,-277,254,52,-5,-1200,370
-38,-300,88,-215,236,81,-109,-1191,329
-65,-294,82,-200,218,123,-208,-1178,301
-74,-293,82,-214,217,172,-268,-1167,289
-88,-291,77,-228,220,214,-330,-1138,275
-105,-281,70,-230,215,245,-391,-1112,252
-117,-278,65,-223,197,268,-429,-1095,230
-128,-264,60,-213,163,277,-461,-1070,199
-126,-260,55,-202,125,277,-471,-1028,177
-126,-254,48,-191,97,266,-483,-990,158
-127,-242,44,-176,85,253,-486,-954,151
-126,-228,44,-157,83,241,-475,-918,148
-118,-221,39,-142,82,223,-455,-886,141
-110,-211,35,-130,80,201,-421,-845,130
-98,-202,37,-127,73,172,-370,-803,114
-85,-191,33,-131,58,144,-296,-755,101
-68,-185,30,-141,38,115,-242,-726,89
-52,-171,26,-161,11,92,-189,-698,84
-39,-163,21,-187,-10,72,-148,-667,84
-30,-162,35,-214,-29,61,-107,-652,101
-24,-164,36,-235,-41,57,-81,-651,114
-14,-166,39,-258,-42,54,-50,-664,143
-7,-171,51,-276,-37,54,-28,-684,160
-1,-184,56,-298,-31,55,3,-712,186
0,-191,63,-311,-23,59,22,-751,216
4,-200,66,-317,-18,65,38,-788,242
7,-215,66,-313,-13,71,49,-842,254
6,-225,66,-302,-7,72,53,-882,255
5,-231,71,-284,-3,72,47,-909,258
1,-233,69,-264,1,70,43,-933,251
1,-240,65,-245,4,70,28,-943,245
-4,-242,66,-227,8,69,9,-945,232
-8,-242,59,-206,17,67,-12,-949,205
-10,-244,52,-188,29,64,-35,-950,189
-14,-244,44,-176,48,55,-27,-963,166
-12,-246,46,-180,81,43,-36,-969,148
-13,-254,43,-198,121,24,-38,-993,143
-16,-257,43,-217,163,1,-57,-1015,148
-23,-263,43,-236,202,-27,-65,-1046,160
-29,-271,49,-245,233,-56,-77,-1079,174
-28,-282,59,-237,248,-88,-80,-1107,202
-34,-286,65,-212,250,-121,-96,-1120,223
-33,-285,66,-170,244,-148,-104,-1118,241
-39,-279,64,-115,235,-170,-124,-1103,250
-41,-275,66,-58,230,-187,-137,-1082,248
-46,-262,65,-9,230,-197,-145,-1049,234
-47,-253,62,17,237,-204,-154,-1012,221
-49,-248,59,26,243,-206,-162,-974,205
-48,-240,60,14,249,-203,-170,-953,196
-49,-239,57,-14,256,-198,-185,-946,195
-53,-239,58,-45,259,-190,-191,-941,203
-57,-233,58,-80,262,-182,-197,-935,203
-53,-237,60,-115,263,-173,-194,-945,212
-52,-241,61,-148,264,-165,-190,-946,215
-52,-241,63,-176,262,-158,-183,-951,219
-51,-246,64,-193,254,-153,-173,-959,225
-49,-245,64,-196,242,-148,-160,-969,230
-47,-248,69,-184,226,-144,-162,-974,232
-49,-251,65,-166,209,-140,-155,-982,241
-45,-253,68,-145,192,-138,-150,-986,248
-45,-254,69,-122,176,-135,-153,-996,249
-48,-255,70,-103,166,-134,-153,-996,254
-49,-252,67,-92,155,-134,-150,-1005,253
-48,-251,66,-91,149,-133,-160,-1015,247
-49,-259,65,-98,148,-125,-163,-1031,251
-49,-262,71,-106,141,-121,-162,-1050,250
-48,-268,68,-108,124,-116,-163,-1060,252
-51,-264,66,-97,98,-119,-171,-1055,246
-54,-262,66,-75,67,-125,-171,-1038,230
-54,-257,61,-46,32,-133,-184,-1015,201
-54,-255,53,-21,-4,-141,-185,-998,181
-55,-248,55,-8,-35,-150,-204,-971,173
-60,-242,50,-12,-55,-164,-212,-952,168
-65,-234,50,-28,-89,-181,-226,-941,165
-72,-229,45,-59,-119,-199,-255,-919,160
-75,-227,36,-108,-151,-216,-279,-914,130
-74,-229,29,-185,-182,-228,-278,-920,93
-70,-237,16,-287,-196,-234,-263,-947,61
-67,-250,12,-398,-193,-228,-247,-986,24
-61,-267,5,-502,-178,-208,-228,-1064,2
-59,-286,5,-591,-161,-180,-213,-1143,4
-59,-307,6,-661,-154,-142,-199,-1214,4
-54,-322,8,-701,-168,-86,-167,-1260,12
-41,-334,16,-708,-198,-19,-126,-1305,30
-23,-345,21,-683,-231,59,-74,-1334,48
-8,-347,23,-636,-260,133,-5,-1354,74
6,-349,33,-572,-273,207,60,-1376,98
28,-349,42,-497,-264,273,129,-1366,126
38,-338,51,-412,-237,318,179,-1329,162
47,-326,54,-318,-203,345,211,-1274,183
53,-309,53,-225,-167,352,233,-1190,187
58,-291,53,-164,-132,347,250,-1126,177
58,-274,48,-112,-96,325,244,-1061,162
52,-257,41,-81,-62,290,234,-1003,138
46,-245,37,-71,-34,243,208,-957,122
34,-232,23,-80,-10,193,170,-927,105
25,-229,30,-102,17,148,116,-898,94
12,-221,29,-133,43,111,76,-880,103
1,-220,33,-160,60,78,16,-871,104
-10,-217,32,-182,76,51,-26,-863,115
-22,-218,41,-193,88,30,-57,-853,122
-26,-217,42,-199,98,11,-91,-867,134
-36,-218,43,-204,104,-2,-111,-870,148
-40,-223,46,-209,109,-10,-139,-881,158
-42,-229,47,-214,110,-18,-145,-902,157
-51,-238,50,-223,107,-30,-147,-924,163
-43,-245,52,-229,98,-49,-153,-954,174
-44,-250,50,-224,90,-67,-144,-973,180
-38,-255,55,-202,81,-85,-127,-992,191
-37,-258,56,-161,69,-98,-111,-1007,191
-31,-259,52,-113,55,-112,-94,-1022,186
-27,-261,50,-67,45,-129,-81,-1044,171
-24,-264,46,-28,40,-146,-71,-1055,157
-20,-269,46,8,45,-158,-63,-1060,150
-27,-270,44,40,54,-168,-80,-1066,154
-25,-276,47,69,65,-172,-82,-1077,153
-28,-277,50,86,72,-163,-88,-1101,158
-31,-285,53,95,78,-145,-87,-1123,169
-31,-291,54,108,85,-120,-95,-1149,186
-33,-292,57,128,86,-92,-95,-1166,203
-32,-300,57,158,83,-59,-99,-1169,205
-30,-296,58,190,79,-31,-89,-1173,205
-27,-295,58,212,71,-7,-69,-1162,194
-20,-288,54,227,60,12,-42,-1141,180
-12,-280,48,226,54,22,-21,-1118,158
-4,-277,45,212,53,25,3,-1091,144
2,-267,44,189,55,22,35,-1065,135
5,-260,39,161,61,17,56,-1022,127
9,-254,36,129,73,9,71,-994,118
13,-246,34,93,90,0,71,-974,117
9,-244,36,50,108,-12,66,-967,115
8,-243,37,3,128,-24,56,-961,122
1,-244,41,-44,145,-33,47,-965,130
2,-250,38,-82,156,-44,32,-971,135
0,-252,42,-111,163,-57,9,-980,145
-6,-254,39,-128,168,-66,-4,-985,140
-10,-255,44,-133,170,-76,-10,-1005,141
-13,-258,44,-132,172,-81,-21,-1013,144
-14,-261,41,-131,177,-82,-25,-1022,142
-16,-263,43,-133,186,-80,-38,-1043,142
-19,-267,45,-135,197,-75,-57,-1053,146
-23,-266,44,-131,208,-72,-70,-1058,143
-27,-267,44,-123,207,-67,-71,-1057,147
-23,-268,42,-111,204,-62,-70,-1060,143
-24,-266,43,-95,203,-61,-71,-1053,138
-25,-265,43,-76,204,-61,-75,-1055,134
-28,-267,40,-55,202,-62,-78,-1046,137
-31,-268,39,-33,199,-64,-86,-1040,143
-29,-264,45,-10,191,-68,-90,-1045,140
-36,-258,51,7,181,-71,-91,-1035,150
-28,-264,47,24,172,-74,-92,-1033,151
-30,-261,45,38,163,-75,-90,-1032,150
-27,-260,48,49,155,-73,-86,-1033,155
-28,-260,48,58,151,-69,-81,-1040,158
-30,-260,50,69,147,-63,-85,-1028,167
-28,-259,49,81,140,-58,-86,-1013,171
-28,-257,53,89,132,-49,-81,-1010,175
-25,-257,53,93,125,-39,-81,-1004,176
-26,-251,52,87,119,-28,-75,-995,175
-26,-255,56,74,116,-22,-75,-995,172
-24,-253,53,54,116,-17,-75,-999,177
-25,-255,51,34,116,-13,-74,-1003,173
-23,-256,51,14,115,-12,-72,-1008,175
-25,-257,51,-3,111,-11,-66,-1015,165
-20,-259,50,-19,110,-14,-53,-1024,167
-16,-259,47,-35,111,-16,-46,-1030,150
-15,-263,43,-49,116,-19,-34,-1034,146
-13,-262,37,-64,125,-23,-26,-1042,140
-10,-265,43,-76,133,-25,-22,-1052,135
-10,-265,42,-86,139,-28,-18,-1047,134
-9,-267,35,-94,142,-29,-15,-1056,131
-8,-266,42,-99,144,-30,-15,-1055,134
-6,-267,36,-103,145,-30,-6,-1058,127
-6,-267,41,-105,148,-30,2,-1059,129
-3,-268,36,-105,151,-29,6,-1061,130
-1,-266,38,-106,154,-30,10,-1060,133
-2,-269,37,-104,159,-33,4,-1066,136
-3,-270,38,-96,161,-35,2,-1069,127
-7,-269,40,-82,167,-36,4,-1068,128
-6,-269,38,-67,169,-38,-7,-1065,131
-8,-269,40,-57,171,-41,-8,-1067,132
-8,-270,41,-50,171,-41,-15,-1069,135
-13,-272,41,-46,172,-41,-16,-1070,130
-12,-268,40,-42,177,-43,-26,-1068,131
-16,-269,42,-36,182,-42,-30,-1068,136
-19,-266,41,-29,183,-42,-42,-1072,140
-18,-269,46,-17,182,-43,-47,-1064,142
-22,-267,40,-5,176,-43,-52,-1063,138
-23,-264,38,9,169,-44,-63,-1060,138
-23,-265,40,23,164,-44,-67,-1036,140
-24,-262,45,35,163,-45,-66,-1037,143
-24,-261,45,46,160,-45,-75,-1026,147
-25,-258,44,52,157,-45,-77,-1027,152
-24,-258,47,55,151,-47,-75,-1020,147
-27,-256,46,56,147,-46,-77,-1020,150
-25,-258,48,54,142,-44,-76,-1010,152
-27,-258,48,51,139,-43,-75,-1011,157
-25,-257,51,47,134,-43,-75,-1013,157
-27,-257,47,44,131,-43,-78,-1014,152
-24,-257,49,37,126,-42,-71,-1009,151
-22,-257,43,29,117,-41,-58,-1017,149
-16,-260,46,21,108,-39,-53,-1016,146
-18,-259,43,12,103,-39,-47,-1027,151
-16,-261,45,1,106,-39,-40,-1026,157
-15,-261,45,-10,113,-39,-42,-1027,160
-18,-259,50,-18,114,-37,-46,-1031,160
-17,-262,46,-22,101,-35,-45,-1037,164
-20,-263,47,-23,86,-33,-44,-1034,157
-20,-263,45,-25,74,-32,-45,-1035,152
-21,-262,47,-29,63,-30,-41,-1033,149
-15,-262,43,-33,59,-30,-34,-1027,152
-13,-260,49,-38,61,-29,-36,-1021,157
-16,-260,50,-43,69,-32,-37,-1018,163
-10,-258,54,-50,75,-33,-33,-1021,168
-13,-258,49,-56,77,-33,-30,-1017,171
-15,-257,50,-60,76,-34,-35,-1028,169
-14,-259,50,-66,71,-33,-29,-1027,157
-14,-261,44,-73,68,-31,-36,-1032,158
-13,-261,44,-78,67,-29,-32,-1033,156
-14,-263,45,-84,67,-27,-29,-1037,151
-14,-263,42,-88,68,-28,-34,-1042,147
-13,-267,42,-88,72,-27,-37,-1061,143
-16,-266,48,-85,73,-24,-37,-1067,150
-18,-268,47,-79,71,-23,-36,-1065,147
-18,-267,43,-64,68,-21,-34,-1071,154
-12,-271,48,-48,63,-22,-31,-1068,155
-13,-269,46,-29,58,-19,-32,-1065,155
-13,-266,48,-11,60,-18,-23,-1062,155
-13,-265,49,3,62,-18,-24,-1055,157
-13,-260,47,13,61,-19,-33,-1039,156
-14,-263,48,18,59,-19,-31,-1033,161
-15,-261,53,19,56,-18,-27,-1027,163
-15,-262,48,15,53,-17,-29,-1030,156
-12,-262,48,10,52,-14,-33,-1030,151
-19,-263,43,6,50,-13,-33,-1033,153
-15,-263,46,3,47,-11,-39,-1037,153
-15,-262,45,6,44,-11,-40,-1038,152
-15,-267,49,10,43,-10,-43,-1038,158
-15,-261,51,15,42,-7,-37,-1037,158
-16,-260,50,21,40,-6,-36,-1037,169
-17,-259,48,26,40,-7,-36,-1033,170
-16,-258,54,25,41,-6,-33,-1028,176
-19,-257,52,21,43,-5,-37,-1026,172
-14,-257,51,17,45,-5,-34,-1021,171
-17,-255,55,10,47,-6,-28,-1016,172
-10,-260,46,3,50,-6,-22,-1016,167
-13,-258,50,-3,53,-7,-19,-1014,165
-9,-259,49,-9,59,-7,-16,-1027,167
-7,-260,51,-13,66,-9,-13,-1030,168
-7,-263,52,-15,74,-9,-2,-1024,170
-4,-261,49,-15,82,-10,-3,-1028,173
-7,-261,52,-15,88,-13,0,-1026,171
-6,-261,49,-11,93,-15,1,-1034,164
-7,-262,50,-10,100,-15,-3,-1027,170
-6,-260,51,-8,105,-17,0,-1025,168
-4,-260,46,-10,110,-20,-6,-1023,165
-7,-260,48,-15,114,-23,-4,-1022,162
-9,-259,49,-22,117,-25,-13,-1020,164
-11,-261,45,-28,122,-25,-12,-1023,164
-9,-260,45,-33,125,-28,-18,-1034,158
-10,-261,46,-36,128,-30,-23,-1033,158
-12,-262,47,-36,133,-31,-17,-1033,154
-12,-263,47,-35,136,-32,-21,-1043,150
-12,-263,50,-31,141,-33,-26,-1037,149
-16,-264,46,-29,145,-35,-28,-1031,152
-14,-262,48,-26,146,-35,-37,-1030,157
-16,-263,47,-25,143,-33,-37,-1029,154
-16,-258,51,-28,139,-31,-39,-1032,156
-19,-261,47,-29,136,-30,-43,-1025,157
-18,-258,46,-35,130,-28,-46,-1022,159
-19,-262,52,-40,127,-26,-45,-1029,158
-20,-260,47,-50,123,-27,-47,-1023,157
-18,-260,51,-58,123,-27,-50,-1022,160
-20,-261,46,-62,120,-26,-49,-1035,160
-18,-264,44,-59,117,-25,-45,-1033,157
-18,-260,47,-52,117,-23,-46,-1030,157
-20,-261,45,-41,114,-22,-43,-1033,160
-18,-264,47,-35,106,-21,-47,-1034,160
-20,-259,45,-30,100,-17,-51,-1039,156
-18,-264,48,-31,95,-14,-49,-1038,155
-18,-264,47,-31,93,-13,-49,-1035,155
-18,-266,49,-29,93,-12,-50,-1046,159
-21,-262,44,-27,90,-12,-47,-1035,162
-19,-264,45,-20,89,-11,-47,-1041,159
-20,-264,48,-16,86,-11,-44,-1032,155
-16,-261,44,-12,84,-11,-43,-1029,160
-20,-259,46,-10,82,-12,-45,-1024,158
-18,-260,47,-9,80,-14,-41,-1028,158
-19,-259,47,-11,77,-13,-42,-1029,156
-16,-260,47,-14,74,-13,-39,-1024,154
-16,-261,46,-18,74,-14,-37,-1028,154
-17,-262,46,-21,72,-12,-39,-1029,152
-17,-261,47,-20,71,-13,-38,-1030,157
-16,-260,50,-18,70,-14,-40,-1037,159
-18,-263,48,-17,65,-12,-39,-1037,161
-16,-264,47,-14,61,-10,-33,-1051,157
-14,-265,44,-10,55,-8,-38,-1049,158
-15,-265,46,-6,52,-8,-35,-1060,157
-10,-263,53,-1,50,-6,-39,-1052,152
-14,-262,41,3,49,-6,-39,-1037,156
-16,-262,47,9,47,-3,-37,-1036,156
-14,-261,47,12,46,0,-42,-1035,148
-16,-260,45,13,45,0,-39,-1031,152
-20,-261,46,14,45,2,-39,-1034,146
-16,-261,46,15,45,2,-42,-1029,151
-17,-262,46,16,43,3,-47,-1033,153
-15,-259,46,19,41,4,-39,-1030,152
-18,-260,46,22,40,6,-36,-1027,151
-19,-260,46,24,39,6,-48,-1027,150
-20,-261,47,26,36,7,-45,-1035,156
-16,-263,45,27,36,7,-43,-1030,153
-18,-262,47,26,34,8,-41,-1029,156
-15,-262,47,25,32,10,-35,-1039,157
-15,-261,46,23,32,11,-39,-1041,156
-16,-262,43,21,30,11,-34,-1040,159
-17,-262,47,20,29,11,-39,-1041,155
-16,-265,47,19,28,11,-38,-1037,154
-16,-262,44,18,28,10,-37,-1034,147
-18,-263,41,17,28,9,-33,-1039,150
-16,-262,42,18,29,9,-37,-1034,149
-14,-260,46,18,32,8,-37,-1043,149
-19,-260,46,16,33,8,-40,-1039,145
-14,-262,46,15,34,7,-37,-1033,151
-18,-260,48,14,37,6,-36,-1028,150
-15,-262,44,13,37,4,-37,-1030,149
-15,-257,46,10,39,4,-38,-1026,148
-14,-261,42,6,39,4,-36,-1022,151
-15,-257,45,2,38,4,-32,-1025,153
-12,-258,47,-3,39,4,-28,-1019,155
-13,-257,41,-9,40,4,-32,-1024,152
-14,-259,44,-13,41,3,-26,-1027,152
-12,-261,41,-17,44,4,-21,-1027,155
-12,-258,46,-18,46,1,-27,-1029,151
-16,-260,47,-20,46,2,-29,-1024,152
-12,-260,47,-23,48,-1,-29,-1028,156
-17,-259,46,-26,49,0,-29,-1025,157
-15,-261,46,-30,49,0,-31,-1028,158
-14,-258,42,-34,52,-1,-28,-1028,154
-15,-261,46,-37,51,-1,-33,-1031,156
-14,-260,47,-40,54,-1,-33,-1025,160
-15,-260,46,-46,55,-1,-33,-1027,156
-19,-259,49,-50,56,-2,-36,-1029,154
-17,-259,45,-54,58,-4,-38,-1031,152
-14,-261,43,-57,61,-5,-32,-1028,151
-14,-261,45,-60,61,-6,-35,-1029,150
-16,-259,45,-61,62,-8,-37,-1028,148
-17,-261,43,-63,64,-10,-36,-1029,148
-18,-263,47,-66,64,-12,-36,-1034,153
-13,-262,43,-66,64,-13,-34,-1033,152
-14,-263,44,-66,63,-14,-35,-1043,149
-16,-263,47,-63,63,-13,-32,-1038,152
-13,-263,48,-60,65,-15,-38,-1044,151
-15,-265,46,-54,64,-14,-35,-1039,154
-15,-265,44,-51,64,-13,-29,-1048,152
-14,-264,41,-47,62,-12,-34,-1045,153
-15,-262,45,-45,62,-12,-36,-1039,152
-15,-261,43,-47,63,-12,-35,-1035,151
-17,-259,41,-48,65,-11,-37,-1041,151
-18,-261,46,-47,66,-10,-35,-1035,148
-13,-260,47,-46,66,-10,-36,-1032,151
-13,-264,43,-45,68,-10,-33,-1033,149
-14,-258,46,-44,66,-11,-31,-1032,152
-16,-261,45,-43,67,-10,-38,-1027,153
-20,-258,47,-43,67,-10,-39,-1024,151
-18,-258,43,-45,65,-11,-39,-1023,152
-19,-259,43,-50,65,-10,-42,-1029,154
-14,-260,47,-54,64,-10,-39,-1024,151
-15,-262,45,-60,64,-9,-43,-1030,150
-16,-263,44,-66,64,-11,-41,-1044,152
-14,-265,43,-70,67,-11,-40,-1039,149
-17,-266,44,-73,68,-11,-37,-1044,146
-16,-266,45,-72,69,-10,-41,-1047,152
-21,-265,40,-69,68,-13,-42,-1057,148
-15,-263,41,-59,64,-12,-39,-1048,146
-14,-267,46,-42,64,-13,-34,-1046,146
-15,-263,44,-29,63,-12,-33,-1045,146
-16,-264,44,-19,62,-13,-33,-1032,149
-16,-261,51,-14,60,-10,-36,-1034,149
-14,-261,46,-15,60,-10,-37,-1033,150
-17,-262,43,-18,61,-9,-35,-1038,147
-14,-263,43,-22,67,-9,-31,-1037,150
-13,-267,48,-23,72,-8,-34,-1047,147
-11,-265,46,-21,75,-8,-32,-1054,150
-16,-267,39,-13,75,-7,-33,-1052,146
-16,-271,38,-6,75,-5,-34,-1057,143
-15,-267,43,0,75,-4,-27,-1046,142
-15,-265,46,4,76,-2,-29,-1060,147
-13,-266,46,7,78,1,-29,-1053,145
-10,-263,43,8,80,2,-27,-1053,146
-15,-261,41,10,82,2,-25,-1047,147
-14,-265,46,10,83,4,-22,-1039,155
-14,-262,46,12,83,4,-23,-1050,151
-11,-264,45,12,83,2,-24,-1035,150
-13,-261,44,13,85,0,-25,-1035,144
-13,-264,41,12,88,0,-29,-1029,146
-14,-261,44,11,90,-3,-34,-1036,150
-15,-263,43,10,89,-5,-36,-1033,146
-15,-262,45,11,86,-5,-36,-1038,152
-19,-260,42,13,86,-6,-36,-1040,151
-17,-264,44,14,85,-9,-40,-1033,147
-15,-260,46,18,85,-9,-36,-1026,145
-14,-262,44,19,84,-10,-34,-1028,148
-15,-261,46,19,87,-9,-35,-1024,148
-16,-258,44,19,90,-9,-33,-1032,150
-12,-260,46,19,92,-9,-29,-1023,145
-14,-259,38,19,93,-8,-28,-1022,146
-14,-260,46,17,93,-10,-27,-1024,145
-12,-258,42,14,95,-10,-28,-1024,143
-14,-259,42,11,95,-11,-26,-1021,145
-12,-261,42,7,97,-11,-23,-1025,143
-13,-260,47,3,99,-11,-21,-1018,145
-11,-259,45,-1,98,-10,-23,-1027,144
-12,-261,45,-4,98,-11,-22,-1028,149
-13,-258,44,-7,98,-12,-23,-1026,145
-13,-262,42,-11,99,-12,-19,-1030,149
-7,-261,34,-11,97,-11,-22,-1028,152
-16,-260,44,-12,97,-10,-30,-1029,148
-14,-260,42,-12,97,-11,-23,-1026,144
-15,-262,41,-13,96,-10,-26,-1036,150
-14,-262,45,-15,93,-10,-26,-1028,145
-15,-259,45,-18,92,-11,-27,-1028,143
-14,-260,44,-19,92,-10,-23,-1032,144
-13,-260,42,-18,89,-9,-27,-1033,143
-13,-260,44,-16,84,-8,-29,-1040,141
-13,-260,42,-12,81,-6,-33,-1032,144
-14,-262,41,-12,77,-5,-31,-1029,145
-19,-261,38,-12,73,-3,-36,-1030,146
-15,-262,43,-11,67,-3,-37,-1032,140
-15,-263,43,-12,60,0,-37,-1034,148
-19,-262,44,-11,58,1,-37,-1044,145
-17,-264,44,-13,53,4,-40,-1053,145
-17,-265,43,-13,50,4,-38,-1050,145
-14,-266,42,-11,47,5,-42,-1053,146
-17,-265,47,-8,45,6,-42,-1047,145
-16,-262,44,-5,41,6,-44,-1046,143
-16,-260,47,-1,40,6,-42,-1045,146
-16,-261,46,2,36,5,-39,-1039,145
-16,-264,45,4,34,3,-42,-1043,150
-17,-260,43,6,34,2,-38,-1045,149
-15,-264,44,8,31,3,-37,-1036,151
-13,-263,48,10,29,1,-34,-1037,154
-15,-265,48,12,29,-1,-33,-1044,155
-13,-263,46,13,29,-2,-36,-1039,157
-17,-258,45,13,33,-5,-33,-1041,158
-15,-261,47,14,35,-7,-27,-1038,162
-14,-263,45,13,34,-8,-27,-1036,157
-12,-260,48,14,35,-10,-28,-1033,159
-10,-262,46,9,35,-10,-20,-1028,153
-13,-260,45,10,35,-9,-13,-1031,153
-11,-261,45,10,36,-8,-11,-1025,154
-11,-260,45,9,40,-9,-17,-1029,153
-9,-260,44,8,42,-7,-11,-1027,151
-9,-260,43,8,47,-5,-6,-1021,152
-8,-259,45,9,51,-4,-13,-1024,151
-8,-261,46,9,56,-3,-8,-1023,150
-6,-258,48,7,61,-5,-7,-1026,151
-8,-260,47,7,66,-5,-11,-1029,153
-8,-260,43,7,72,-5,-14,-1026,152
-6,-264,47,7,76,-6,-12,-1032,154
-9,-262,44,6,80,-6,-14,-1035,156
-9,-263,44,6,83,-7,-16,-1045,151
-9,-264,46,4,89,-7,-18,-1035,152
-12,-264,44,2,92,-6,-20,-1034,149
-13,-263,44,0,97,-8,-23,-1035,154
-13,-265,46,-2,101,-7,-25,-1042,150
-14,-262,46,-3,103,-8,-24,-1040,151
-9,-265,46,-5,107,-9,-28,-1045,148
-13,-264,45,-5,110,-11,-27,-1048,145
-14,-262,48,-8,111,-12,-27,-1041,148
-16,-262,45,-10,114,-13,-28,-1045,152
-14,-263,44,-14,117,-14,-36,-1049,154
-17,-264,47,-16,118,-13,-35,-1039,156
-15,-264,48,-16,115,-15,-32,-1045,151
-12,-264,42,-11,112,-15,-34,-1034,151
-12,-263,41,1,111,-15,-29,-1039,145
-12,-261,43,10,113,-16,-31,-1028,146
-12,-258,46,14,116,-16,-29,-1025,147
-13,-258,47,13,117,-17,-29,-1021,152
-14,-258,44,8,120,-18,-28,-1025,151
-16,-258,47,0,124,-20,-32,-1021,153
-12,-261,45,-5,130,-21,-27,-1026,158
-15,-259,48,-7,134,-22,-33,-1025,161
-13,-257,50,-8,135,-22,-34,-1022,160
-15,-259,47,-10,136,-23,-32,-1025,160
-14,-261,47,-14,132,-22,-30,-1027,158
-13,-263,46,-18,132,-22,-31,-1030,155
-13,-261,46,-21,131,-19,-31,-1033,157
-13,-263,44,-26,131,-19,-32,-1038,158
-15,-260,45,-29,128,-18,-31,-1036,158
-16,-262,46,-31,127,-16,-34,-1036,159
-17,-259,44,-29,126,-15,-33,-1034,154
-15,-261,48,-25,125,-15,-33,-1044,155
-14,-261,46,-22,125,-15,-36,-1044,158
-14,-264,50,-18,125,-14,-34,-1037,156
-15,-265,46,-14,125,-13,-38,-1032,156
-17,-263,46,-13,125,-14,-40,-1031,159
-15,-262,45,-12,121,-13,-43,-1029,155
-19,-261,44,-12,118,-11,-41,-1027,152
-15,-264,49,-11,117,-10,-39,-1028,156
-17,-261,48,-11,114,-9,-39,-1040,155
-14,-263,48,-9,112,-9,-39,-1034,158
-17,-262,44,-9,110,-9,-41,-1038,157
-15,-261,48,-9,109,-8,-42,-1036,155
-16,-262,43,-10,105,-9,-39,-1041,152
-15,-263,47,-12,103,-8,-37,-1035,148
-15,-263,45,-13,100,-7,-37,-1033,152
-17,-263,44,-12,101,-8,-40,-1040,146
-17,-265,46,-13,98,-8,-40,-1044,151
-18,-267,41,-13,97,-8,-41,-1040,149
-18,-266,45,-15,95,-6,-42,-1042,155
-18,-261,43,-15,91,-8,-41,-1037,153
-16,-263,43,-17,89,-8,-43,-1040,154
-17,-257,44,-16,87,-8,-43,-1043,155
-16,-265,42,-16,84,-8,-39,-1034,150
-17,-261,44,-13,81,-7,-37,-1035,156
-16,-262,45,-9,78,-7,-38,-1036,156
-14,-261,46,-5,77,-7,-36,-1036,154
-16,-265,48,-2,73,-6,-39,-1038,156
-13,-261,43,0,72,-5,-37,-1034,153
-13,-260,47,-1,70,-4,-36,-1030,155
-16,-259,44,-3,70,-2,-32,-1025,157
-11,-261,46,-4,68,-1,-34,-1029,154
-14,-259,46,-4,68,0,-32,-1028,150
-14,-264,45,-5,69,0,-32,-1026,151
-13,-260,48,-6,69,-1,-31,-1032,150
-14,-260,44,-7,71,-2,-31,-1030,151
-15,-261,43,-9,71,-2,-31,-1030,152
-13,-262,47,-12,71,-4,-36,-1029,149
-11,-259,47,-16,71,-4,-30,-1029,153
-15,-260,45,-19,72,-6,-30,-1025,155
-16,-260,45,-23,73,-5,-26,-1029,155
-13,-261,46,-28,73,-6,-28,-1036,155
-16,-262,47,-29,74,-5,-32,-1038,150
-12,-264,43,-28,74,-7,-32,-1045,154
-13,-261,47,-25,73,-7,-31,-1031,149
-17,-266,45,-22,74,-7,-33,-1037,150
-14,-262,46,-20,73,-6,-35,-1028,150
-14,-261,44,-20,72,-6,-35,-1032,152
-14,-261,49,-19,70,-6,-33,-1037,152
-17,-260,46,-21,70,-7,-36,-1031,153
-15,-259,45,-22,71,-5,-35,-1027,154
-15,-262,43,-23,71,-7,-32,-1027,157
-12,-259,45,-26,71,-7,-36,-1027,152
-13,-262,43,-29,71,-7,-33,-1027,153
-15,-256,46,-33,72,-7,-34,-1029,152
-15,-260,48,-37,75,-10,-35,-1028,151
-15,-261,45,-41,78,-10,-38,-1030,152
-13,-263,45,-43,79,-11,-39,-1030,155
-18,-262,43,-43,78,-12,-38,-1031,147
-17,-260,47,-41,75,-11,-37,-1031,153
-15,-261,49,-44,74,-12,-38,-1033,153
-17,-260,48,-47,70,-11,-38,-1030,149
-17,-258,45,-51,67,-12,-41,-1032,149
-18,-258,45,-56,62,-8,-40,-1025,149
-13,-260,41,-57,60,-7,-41,-1034,148
-19,-264,45,-61,58,-6,-41,-1031,146
-17,-261,46,-62,56,-5,-42,-1033,144
-19,-261,44,-62,54,-3,-40,-1032,141
-19,-264,44,-62,52,-3,-40,-1031,147
-17,-262,45,-61,50,-2,-42,-1036,151
-16,-260,44,-61,47,-1,-37,-1033,150
-17,-260,43,-61,45,0,-40,-1027,150
-13,-258,44,-66,45,1,-35,-1023,147
-16,-260,46,-69,42,1,-39,-1025,143
-18,-260,42,-77,40,3,-33,-1027,143
-16,-260,42,-85,40,2,-38,-1025,147
-14,-263,46,-93,39,2,-27,-1033,141
-16,-262,42,-99,41,5,-36,-1032,145
-15,-261,46,-104,40,4,-37,-1032,148
-13,-263,45,-109,43,4,-29,-1029,152
-13,-263,45,-115,45,3,-31,-1033,160
-15,-263,49,-116,45,1,-31,-1032,158
-17,-262,45,-113,40,-1,-37,-1034,151
-14,-262,43,-103,38,-1,-25,-1032,147
-18,-259,41,-90,40,1,-32,-1026,143
-13,-260,43,-84,45,1,-29,-1019,142
-14,-258,40,-84,48,0,-29,-1017,143
-15,-258,44,-91,46,2,-28,-1024,148
-14,-261,43,-103,48,0,-29,-1029,146
-11,-263,44,-111,51,0,-32,-1033,150
-15,-259,45,-118,54,-2,-27,-1036,147
-17,-263,43,-120,58,-3,-26,-1036,146
-14,-264,42,-117,57,-6,-28,-1049,140
-12,-267,41,-110,56,-5,-25,-1044,138
-13,-263,40,-103,54,-5,-21,-1049,137
-12,-263,40,-98,56,-7,-22,-1047,136
-12,-266,45,-95,57,-7,-30,-1054,134
-13,-262,39,-96,59,-8,-17,-1042,135
-12,-266,41,-95,61,-7,-24,-1055,137
-12,-266,40,-90,61,-7,-18,-1048,141
-13,-266,40,-83,62,-6,-20,-1046,143
-11,-264,45,-73,62,-4,-20,-1039,135
-12,-265,40,-61,61,-3,-23,-1034,130
-14,-261,37,-52,63,-2,-20,-1033,139
-11,-262,39,-44,66,-1,-16,-1033,130
-12,-263,39,-40,68,-2,-17,-1032,131
-10,-263,41,-39,71,-1,-22,-1034,130
-14,-263,41,-40,72,-1,-23,-1033,137
-10,-263,43,-40,75,-2,-26,-1036,134
-11,-265,43,-39,74,-4,-26,-1038,142
-13,-263,43,-41,73,-4,-32,-1032,139
-13,-263,41,-41,73,-4,-32,-1036,136
-11,-262,41,-40,75,-4,-34,-1044,135
-14,-263,41,-40,77,-4,-28,-1046,132
-15,-264,36,-42,79,-6,-33,-1043,132
-15,-263,42,-43,82,-6,-31,-1039,132
-15,-265,41,-45,83,-5,-33,-1045,127
-17,-266,39,-45,84,-5,-33,-1044,125
-14,-266,40,-42,85,-6,-32,-1045,132
-14,-261,38,-36,84,-5,-29,-1034,130
-14,-266,38,-27,80,-5,-27,-1039,130
-13,-262,37,-17,79,-5,-22,-1035,133
-13,-261,36,-6,74,-4,-27,-1030,130
-12,-263,39,4,69,-2,-24,-1029,129
-12,-263,44,15,66,-3,-22,-1030,131
-12,-264,37,26,62,0,-21,-1031,132
-13,-262,43,38,61,2,-22,-1031,133
-13,-268,38,47,59,1,-21,-1031,136
-13,-265,40,55,57,3,-26,-1030,133
-12,-265,40,59,56,3,-21,-1034,139
-13,-264,43,63,56,2,-28,-1044,137
-11,-264,41,68,57,4,-21,-1045,140
-15,-262,43,74,59,4,-25,-1040,147
-13,-264,44,81,59,3,-32,-1036,143
-15,-260,44,90,59,2,-27,-1032,144
-15,-259,39,100,56,1,-31,-1035,141
-17,-259,43,104,54,4,-28,-1026,142
-12,-260,41,106,52,5,-29,-1024,138
-14,-262,41,105,51,4,-27,-1023,141
-13,-262,45,100,54,6,-31,-1030,140
-17,-260,48,93,57,5,-31,-1032,142
-13,-262,43,83,60,4,-33,-1036,142
-15,-265,45,72,64,4,-29,-1036,149
-13,-267,46,61,67,2,-36,-1045,150
-14,-267,46,51,68,1,-34,-1040,151
-17,-266,42,43,69,0,-32,-1057,146
-12,-267,41,36,71,0,-34,-1058,139
-11,-266,41,30,71,-2,-32,-1062,140
-14,-266,41,28,73,-2,-35,-1055,136
-17,-263,42,28,75,-3,-36,-1049,136
-19,-266,40,31,72,-3,-37,-1050,134
-14,-263,38,34,74,-2,-40,-1034,135
-16,-263,39,35,73,-3,-36,-1033,138
-17,-262,41,37,75,-2,-37,-1031,138
-14,-265,42,37,74,-2,-39,-1035,138
-14,-262,40,33,74,0,-36,-1035,138
-18,-260,45,29,73,0,-34,-1032,138
-15,-261,38,26,72,-1,-34,-1030,140
-15,-263,40,22,71,-2,-36,-1036,141
-15,-263,41,18,71,-2,-36,-1039,143
-14,-262,45,14,70,-2,-36,-1034,147
-16,-259,42,11,68,-2,-43,-1032,142
-16,-262,44,12,67,-2,-36,-1034,145
-15,-262,42,13,65,-3,-39,-1033,146
-19,-262,40,14,64,-2,-37,-1028,137
-16,-262,42,13,62,-1,-42,-1026,146
-16,-258,43,13,60,-1,-37,-1027,145
-16,-260,39,13,61,-2,-35,-1018,138
-15,-262,42,10,61,0,-37,-1022,145
-15,-260,43,6,62,-1,-37,-1024,145
-12,-262,44,1,66,-1,-32,-1026,147
-15,-265,45,-4,70,1,-30,-1026,145
-13,-263,44,-8,70,0,-29,-1028,146
-14,-264,43,-13,71,0,-25,-1028,141
-12,-260,43,-17,74,1,-24,-1035,146
-13,-263,42,-21,74,2,-22,-1035,139
-13,-263,38,-23,73,2,-25,-1044,137
-13,-264,40,-23,74,2,-27,-1037,139
-12,-264,45,-25,75,1,-24,-1034,142
-13,-263,47,-24,73,1,-32,-1036,148
-15,-263,43,-19,67,-1,-37,-1030,148
-14,-260,43,-7,62,0,-29,-1036,146
-13,-260,44,7,61,0,-37,-1024,145
-15,-257,43,15,62,1,-33,-1021,139
-13,-257,44,17,64,-1,-34,-1023,143
-13,-261,44,11,63,-1,-37,-1025,139
-16,-260,43,3,64,-2,-37,-1024,144
-14,-264,41,-7,68,-1,-29,-1033,146
-15,-264,47,-12,71,-1,-37,-1037,149
-15,-264,45,-14,73,-2,-35,-1052,150
-15,-264,45,-14,73,-2,-36,-1046,149
-14,-263,44,-12,70,-2,-37,-1046,142
-15,-266,48,-12,67,-3,-39,-1049,148
-17,-265,45,-13,66,-4,-31,-1057,148
-14,-267,43,-14,68,-4,-36,-1052,146
-14,-263,42,-13,70,-6,-35,-1054,146
-16,-265,42,-13,71,-8,-33,-1040,145
-13,-263,44,-13,69,-8,-31,-1036,142
-14,-259,44,-10,68,-7,-33,-1035,146
-13,-266,43,-7,69,-7,-30,-1033,152
-12,-261,45,-3,68,-7,-29,-1029,151
-14,-258,42,0,69,-5,-31,-1028,152
-17,-261,47,2,68,-4,-32,-1029,149
-15,-259,49,5,66,-4,-35,-1030,152
-15,-260,44,5,62,-1,-31,-1030,147
-16,-259,46,6,61,0,-34,-1028,152
-15,-259,47,4,57,1,-33,-1034,145
-12,-262,45,5,57,2,-39,-1038,151
-15,-264,43,3,55,2,-36,-1035,150
-16,-263,44,3,56,3,-35,-1037,145
-16,-262,41,1,59,3,-36,-1038,146
-13,-265,40,2,57,2,-30,-1045,145
-14,-266,45,3,58,3,-38,-1047,148
-13,-266,36,3,57,4,-39,-1049,144
-17,-266,45,4,56,1,-44,-1041,149
-17,-262,46,4,55,1,-40,-1044,149
-19,-262,44,4,53,1,-33,-1039,148
-15,-262,46,3,51,1,-39,-1036,150
-16,-262,45,0,49,-1,-39,-1027,154
-18,-261,43,-3,48,0,-37,-1028,145
-14,-258,39,-6,48,1,-36,-1025,147
-15,-260,41,-10,47,1,-35,-1025,144
-15,-259,43,-13,45,1,-34,-1026,144
-12,-263,42,-14,44,2,-40,-1022,142
-13,-260,45,-12,43,-1,-35,-1028,145
-15,-262,45,-11,44,-1,-34,-1025,145
-16,-264,43,-8,43,-1,-33,-1032,149
-16,-262,44,-4,41,-1,-34,-1026,150
-14,-263,43,-3,40,0,-36,-1033,148
-13,-265,46,0,39,0,-30,-1031,151
-15,-259,45,2,40,1,-34,-1034,149
-14,-261,48,2,42,1,-33,-1031,151
-14,-262,46,2,41,1,-32,-1030,154
-15,-263,46,0,41,0,-31,-1035,149
-12,-261,45,-2,43,1,-35,-1034,152
-10,-262,36,-2,43,1,-31,-1034,150
-14,-264,47,-3,45,1,-31,-1036,150
-16,-261,43,-4,46,0,-29,-1037,150
-14,-265,47,-3,46,2,-30,-1035,154
-15,-267,46,-3,45,1,-29,-1039,150
-14,-267,46,-4,46,3,-32,-1045,154
-13,-265,45,-3,46,2,-33,-1034,150
-16,-262,48,-1,45,2,-36,-1041,152
-14,-265,42,0,45,3,-36,-1035,152
-18,-264,42,2,44,3,-36,-1036,150
-15,-263,43,3,45,3,-31,-1037,151
-17,-263,43,3,46,3,-36,-1037,148
-16,-264,46,2,45,3,-34,-1036,150
-15,-261,42,0,45,4,-34,-1033,151
-15,-260,46,-1,45,4,-34,-1033,151
-14,-263,44,0,48,4,-31,-1031,150
-16,-259,44,-2,47,2,-33,-1027,148
-12,-264,44,-2,48,2,-33,-1033,146
-15,-261,48,-2,48,0,-31,-1032,150
-13,-259,49,-3,50,0,-31,-1032,154
-16,-261,47,-1,51,1,-28,-1035,156
-12,-262,49,1,51,1,-31,-1033,154
-13,-263,47,1,52,1,-35,-1040,153
-14,-260,45,6,54,1,-30,-1035,152
-14,-265,45,9,53,6,-28,-1038,154
-18,-260,46,13,53,7,-25,-1037,157
-10,-267,46,17,53,6,-34,-1034,154
-12,-262,48,20,53,6,-31,-1033,155
-16,-262,44,19,54,8,-32,-1026,156
-11,-259,47,17,54,9,-31,-1028,154
-15,-260,45,13,53,9,-31,-1032,151
-15,-263,45,12,54,9,-33,-1032,156
-15,-261,46,8,53,9,-31,-1029,153
-16,-259,45,6,54,7,-34,-1031,155
-16,-259,46,6,55,6,-33,-1032,152
-15,-260,45,4,57,5,-34,-1041,152
-15,-260,49,3,58,4,-32,-1029,152
-16,-262,43,0,59,3,-27,-1024,151
-14,-262,45,-4,58,1,-26,-1033,150
-15,-260,46,-7,58,-1,-32,-1033,150
-15,-259,42,-10,59,-3,-26,-1030,152
-9,-263,47,-14,60,-2,-27,-1029,149
-14,-261,45,-17,60,-2,-28,-1026,154
-14,-261,45,-23,59,-3,-33,-1028,156
-13,-260,50,-27,57,-4,-39,-1026,159
-14,-260,48,-30,55,-4,-39,-1033,160
-14,-264,45,-30,49,-5,-38,-1027,153
-16,-261,45,-23,47,-3,-34,-1027,147
-11,-265,42,-17,49,-3,-30,-1028,150
-14,-261,46,-12,52,-1,-36,-1018,144
-13,-257,47,-14,52,-1,-33,-1026,151
-15,-260,45,-20,52,2,-31,-1031,146
-15,-258,41,-28,53,0,-31,-1030,152
-14,-260,42,-35,57,0,-31,-1027,157
-14,-265,47,-39,61,-1,-33,-1030,155
-12,-264,44,-39,61,-1,-34,-1032,150
-15,-260,46,-38,59,-1,-38,-1027,156
-17,-261,44,-40,56,0,-32,-1026,156
-15,-260,51,-48,55,0,-36,-1027,157
-18,-257,48,-57,54,0,-37,-1025,150
-15,-259,44,-68,54,0,-37,-1023,156
-12,-260,45,-79,53,1,-35,-1028,154
-16,-261,41,-88,53,-2,-41,-1034,147
-18,-259,44,-93,52,-2,-35,-1040,146
-15,-265,42,-93,53,-4,-37,-1045,141
-17,-265,42,-89,54,-3,-36,-1050,141
-15,-266,40,-82,55,-2,-36,-1050,139
-15,-266,41,-73,55,-2,-33,-1052,131
-16,-265,44,-62,54,-1,-32,-1054,136
-14,-265,42,-53,55,0,-36,-1041,139
-15,-265,43,-41,51,2,-30,-1044,145
-17,-262,45,-31,49,3,-37,-1044,139
-14,-263,42,-22,49,2,-33,-1049,140
-12,-263,43,-15,49,3,-27,-1043,149
-15,-261,42,-12,53,3,-22,-1039,149
-8,-265,49,-10,55,3,-29,-1041,146
-13,-263,44,-8,58,2,-29,-1038,144
-10,-264,42,-8,60,0,-22,-1034,144
-12,-263,41,-9,63,-2,-17,-1033,142
-9,-264,43,-10,62,-1,-24,-1036,145
-13,-263,48,-11,63,-2,-19,-1039,142
-15,-262,42,-10,65,-4,-26,-1041,146
-12,-260,38,-9,66,-2,-25,-1033,144
-13,-268,47,-8,65,-3,-24,-1039,150
-13,-261,44,-4,67,-4,-30,-1038,147
-3,-255,48,-2,67,-4,-35,-1032,154
-14,-263,45,0,68,-4,-35,-1027,152
-15,-261,46,3,69,-3,-33,-1041,149
-14,-260,44,6,69,-4,-38,-1040,152
-15,-260,44,6,68,-5,-39,-1031,151
-17,-262,41,5,68,-3,-42,-1026,150
-16,-264,43,5,68,-4,-38,-1031,148
-18,-262,43,5,68,-3,-40,-1035,148
-18,-261,42,5,66,-2,-37,-1031,145
-15,-263,46,7,65,-2,-37,-1036,149
-12,-263,46,7,63,-1,-39,-1032,148
-16,-261,44,10,61,-1,-37,-1029,147
-17,-260,45,11,60,0,-37,-1033,141
-18,-262,42,12,58,0,-34,-1036,145
-13,-263,43,13,58,0,-29,-1029,148
-15,-262,48,11,57,0,-35,-1031,151
-13,-261,45,10,58,1,-34,-1027,149
-13,-263,44,9,59,2,-36,-1031,152
-14,-261,48,7,58,3,-33,-1029,151
-16,-259,46,3,57,4,-40,-1028,152
-17,-262,46,0,56,4,-36,-1035,149
-16,-259,43,-6,58,2,-37,-1030,146
-10,-269,41,-9,58,2,-37,-1033,148
-15,-260,44,-11,57,2,-38,-1032,149
-16,-262,41,-13,57,1,-38,-1041,150
-17,-263,45,-12,55,0,-37,-1036,146
-14,-260,45,-13,55,-1,-36,-1033,148
-16,-263,43,-12,55,-1,-36,-1035,150
-14,-262,45,-12,54,-1,-34,-1033,146
-16,-261,41,-11,55,0,-28,-1036,147
-14,-263,42,-11,56,-1,-31,-1033,150
-17,-261,43,-12,54,-1,-34,-1029,148
-16,-258,44,-12,54,0,-32,-1034,150
-15,-261,46,-16,54,-1,-29,-1032,147
-12,-259,46,-17,55,0,-34,-1033,149
-12,-262,42,-18,57,2,-27,-1033,145
-16,-261,44,-19,58,1,-36,-1026,144
-14,-262,44,-18,58,2,-31,-1034,145
-16,-261,46,-16,59,2,-31,-1026,146
-12,-261,42,-17,59,1,-35,-1032,143
-14,-264,47,-16,60,0,-24,-1032,144
-13,-264,41,-15,61,-1,-26,-1029,149
-15,-262,47,-15,63,0,-27,-1025,151
-17,-263,41,-14,63,0,-33,-1038,153
-14,-261,43,-13,62,-3,-31,-1034,148
-14,-263,44,-13,62,-1,-32,-1034,149
-14,-263,47,-12,63,-2,-33,-1037,143
-13,-261,43,-13,63,-1,-34,-1033,144
-13,-263,45,-16,64,-2,-34,-1035,144
-18,-260,44,-18,64,-3,-35,-1034,141
-13,-262,46,-20,64,-4,-35,-1035,148
-15,-264,46,-23,66,-4,-33,-1035,146
-14,-264,42,-24,68,-4,-33,-1041,144
-17,-262,45,-24,68,-4,-31,-1031,145
-15,-263,42,-25,68,-3,-31,-1034,144
-14,-260,41,-25,67,-2,-35,-1035,144
-12,-261,42,-25,66,-2,-35,-1042,142
-15,-261,46,-26,65,-2,-28,-1032,145
-16,-261,44,-25,66,-2,-37,-1035,144
-16,-263,45,-25,65,-2,-32,-1035,148
-16,-261,46,-26,66,-2,-34,-1044,149
-16,-263,44,-26,67,-1,-37,-1037,150
-13,-261,45,-27,68,-3,-38,-1036,152
-17,-263,41,-25,65,-5,-33,-1037,150
-12,-262,41,-19,63,-4,-37,-1037,142
-14,-263,44,-8,64,-3,-31,-1035,139
-16,-263,41,-3,66,-4,-31,-1032,139
-16,-261,45,0,69,-5,-29,-1027,144
-14,-262,43,-1,67,-5,-33,-1030,148
-13,-261,45,-5,68,-6,-29,-1034,151
-12,-259,43,-9,72,-6,-28,-1038,148
-14,-260,41,-12,79,-6,-28,-1033,146
-14,-263,43,-12,82,-6,-30,-1031,147
-11,-265,46,-7,83,-8,-26,-1034,149
-11,-263,47,-3,81,-6,-30,-1039,147
-14,-261,47,0,79,-5,-31,-1033,151
-15,-263,45,2,78,-5,-32,-1035,149
-14,-263,45,3,80,-5,-35,-1038,148
-13,-263,47,2,82,-6,-33,-1034,148
-17,-263,48,-2,84,-6,-38,-1039,149
-12,-264,46,-7,89,-4,-41,-1034,149
-16,-262,45,-10,91,-5,-39,-1044,151
-18,-262,47,-11,92,-5,-39,-1047,152
-16,-263,46,-13,92,-4,-43,-1045,152
-18,-267,46,-16,94,-4,-39,-1043,149
-17,-266,44,-17,92,-2,-37,-1045,146
-9,-264,53,-18,92,-1,-35,-1047,150
-15,-267,45,-18,93,2,-31,-1054,149
-15,-263,44,-19,91,3,-30,-1056,149
-15,-269,44,-21,89,5,-32,-1058,148
-13,-265,42,-19,87,6,-29,-1061,146
-16,-268,46,-17,86,7,-28,-1059,144
-16,-265,42,-16,85,8,-36,-1050,140
-18,-265,46,-11,83,7,-37,-1051,141
-15,-265,41,-7,81,7,-35,-1054,143
-18,-264,40,-3,79,6,-38,-1036,141
-16,-261,46,-1,79,6,-42,-1035,136
-15,-260,41,0,76,3,-40,-1026,141
-20,-262,45,2,75,2,-45,-1022,146
-18,-261,45,2,74,3,-45,-1025,143
-16,-259,45,5,74,0,-50,-1019,141
-19,-258,39,5,72,-2,-50,-1025,142
-17,-260,36,5,72,-2,-45,-1024,147
-16,-261,44,5,70,-3,-40,-1022,141
-16,-259,41,4,69,-4,-45,-1020,142
-17,-262,41,1,69,-5,-40,-1025,138
-13,-259,41,0,69,-5,-36,-1023,135
-19,-260,42,0,69,-6,-36,-1024,146
-15,-261,45,2,68,-7,-37,-1022,145
-14,-258,41,4,66,-6,-28,-1023,146
-15,-257,43,6,64,-10,-34,-1022,143
-15,-260,46,6,61,-11,-28,-1021,143
-14,-258,40,8,58,-13,-32,-1015,144
-15,-259,40,6,57,-15,-33,-1018,148
-19,-258,42,7,56,-17,-32,-1021,146
-19,-257,42,4,54,-19,-33,-1020,144
-16,-257,43,0,53,-20,-36,-1015,141
-19,-258,48,-5,51,-19,-40,-1020,143
-19,-258,42,-8,50,-21,-40,-1022,146
-14,-258,42,-16,49,-20,-44,-1026,145
-17,-261,43,-22,49,-19,-40,-1030,145
-19,-260,43,-28,49,-17,-44,-1035,147
-13,-265,43,-33,52,-16,-38,-1046,148
-18,-267,46,-35,53,-12,-39,-1049,145
-17,-267,46,-36,53,-9,-36,-1055,149
-18,-265,43,-36,51,-6,-40,-1067,145
-16,-268,47,-31,51,-3,-36,-1070,146
-15,-267,42,-28,49,-1,-33,-1065,147
-14,-267,42,-23,49,1,-31,-1065,144
-16,-269,46,-17,51,4,-30,-1064,145
-14,-266,48,-13,51,4,-33,-1059,147
-14,-265,42,-8,50,5,-28,-1056,146
-14,-268,43,-4,50,7,-33,-1046,142
-12,-266,44,-1,51,5,-32,-1044,145
-12,-264,43,-1,52,6,-26,-1034,146
-14,-261,40,-3,53,4,-29,-1032,145
-14,-260,44,-3,54,3,-34,-1031,143
-16,-262,43,-4,56,3,-33,-1035,142
-14,-262,45,-5,58,1,-33,-1032,145
-13,-263,45,-5,61,0,-30,-1031,144
-16,-259,43,-6,60,-1,-34,-1037,141
-17,-266,45,-6,62,-4,-36,-1040,143
-14,-262,42,-6,64,-5,-36,-1045,138
-14,-263,43,-1,66,-6,-37,-1046,145
-13,-261,46,2,67,-8,-34,-1050,146
-15,-260,46,5,67,-8,-28,-1033,147
-14,-262,45,8,69,-7,-38,-1042,152
-11,-264,46,10,67,-6,-36,-1030,149
-14,-261,44,11,68,-7,-35,-1027,150
-14,-262,45,12,69,-7,-32,-1028,155
-14,-260,42,12,68,-6,-33,-1029,151
-16,-260,47,12,69,-7,-33,-1028,149
-14,-261,47,12,70,-4,-29,-1030,153
-16,-257,43,11,72,-3,-33,-1030,157
-14,-262,42,8,72,-4,-28,-1034,152
-13,-262,44,4,73,-4,-35,-1026,152
-16,-261,41,1,74,-4,-33,-1035,151
-13,-261,43,-3,72,-3,-35,-1030,152
-15,-262,45,-7,71,-4,-38,-1027,152
-14,-263,46,-10,70,-4,-37,-1033,149
-15,-262,42,-10,70,-4,-38,-1029,148
-16,-259,40,-10,68,-3,-40,-1032,146
-16,-260,43,-11,67,-2,-39,-1029,147
-18,-262,44,-12,68,-3,-37,-1029,149
-14,-262,42,-14,68,-4,-41,-1027,150
-16,-261,47,-17,68,-5,-36,-1031,147
-17,-262,46,-16,67,-6,-38,-1036,154
-14,-264,40,-8,65,-6,-27,-1042,150
-16,-263,43,2,64,-5,-27,-1032,146
-13,-262,46,11,66,-6,-25,-1030,148
-14,-262,45,15,64,-8,-31,-1031,142
-16,-262,48,14,64,-7,-29,-1030,148
-13,-259,43,8,65,-9,-25,-1032,148
-13,-260,47,4,66,-10,-24,-1027,148
-13,-263,48,1,70,-11,-29,-1033,153
-13,-260,46,2,71,-12,-29,-1026,152
-13,-261,43,3,70,-11,-29,-1029,154
-16,-260,45,3,69,-11,-37,-1034,152
-17,-263,48,3,66,-11,-33,-1028,152
-13,-261,47,3,66,-11,-36,-1034,155
-15,-263,45,0,65,-10,-37,-1031,151
-15,-262,47,-2,64,-8,-38,-1033,154
-16,-265,44,-3,61,-6,-35,-1037,159
-15,-260,43,-6,62,-4,-34,-1030,155
-13,-265,45,-8,63,-5,-38,-1045,158
-17,-263,46,-8,62,-2,-35,-1045,159
-13,-265,45,-7,63,-2,-37,-1045,156
-17,-264,46,-7,65,-1,-35,-1037,157
-17,-260,47,-6,66,1,-36,-1034,154
-14,-263,47,-4,68,0,-35,-1036,152
-15,-262,44,-5,69,0,-36,-1034,153
-13,-262,45,-5,67,0,-35,-1034,156
-14,-263,45,-6,65,0,-32,-1033,157
-14,-262,44,-6,65,0,-34,-1032,152
-13,-261,46,-6,65,-1,-32,-1037,157
-15,-262,43,-9,64,-1,-30,-1034,148
-13,-262,43,-10,64,-2,-29,-1032,150
-15,-262,45,-13,66,-2,-35,-1040,152
-14,-263,47,-12,65,-2,-33,-1042,152
-12,-266,43,-11,64,-2,-32,-1044,148
-16,-264,42,-10,65,-2,-31,-1042,149
-14,-264,49,-7,64,-3,-30,-1036,149
-15,-260,42,-4,63,-3,-32,-1036,150
-12,-262,43,0,64,-2,-31,-1036,150
-16,-264,48,3,64,-2,-34,-1032,148
-17,-261,46,2,64,0,-30,-1029,146
-14,-260,46,2,63,-1,-28,-1027,151
-15,-261,46,1,64,-2,-32,-1024,154
-14,-262,43,0,63,-2,-31,-1028,155
-14,-261,45,-2,62,-1,-33,-1027,152
-14,-260,47,-6,65,-3,-35,-1030,153
-14,-261,44,-8,65,-4,-34,-1025,155
-12,-260,41,-8,66,-3,-29,-1028,150
-15,-258,43,-10,64,-3,-33,-1027,152
-14,-261,43,-11,66,-4,-32,-1029,154
-15,-258,40,-13,66,-5,-32,-1027,152
-14,-260,42,-14,67,-4,-29,-1026,154
-13,-262,45,-16,68,-4,-34,-1027,148
-14,-261,47,-18,68,-3,-30,-1032,148
-14,-260,43,-19,67,-4,-28,-1033,150
-13,-259,46,-20,67,-3,-31,-1028,152
-16,-262,45,-21,66,-5,-34,-1033,152
-15,-260,45,-23,67,-3,-33,-1029,149
-11,-264,46,-23,68,-3,-29,-1029,150
-12,-266,46,-22,68,-4,-25,-1032,149
-13,-259,43,-21,68,-2,-29,-1032,152
-17,-262,45,-20,68,-1,-37,-1041,151
-15,-263,44,-20,68,-4,-34,-1046,150
-14,-264,42,-19,67,-4,-34,-1038,153
-14,-263,46,-17,66,-5,-37,-1031,152
-15,-262,44,-14,67,-4,-32,-1039,155
-15,-263,45,-12,68,-2,-34,-1036,155
-17,-260,44,-14,67,-3,-30,-1031,149
-13,-261,45,-13,67,-2,-28,-1033,150
-13,-262,45,-13,68,-3,-28,-1049,144
-14,-262,44,-11,69,-2,-29,-1034,144
-12,-265,43,-8,70,-3,-27,-1037,143
-13,-266,42,-3,70,-3,-28,-1035,148
-13,-264,46,-2,70,-2,-29,-1039,147
-13,-264,47,0,69,-1,-23,-1033,146
-17,-264,44,1,69,-3,-23,-1042,149
-12,-264,45,2,72,-2,-20,-1038,150
-13,-264,43,5,75,-2,-15,-1037,142
-14,-262,47,8,79,-2,-22,-1036,147
-14,-261,46,13,81,-3,-35,-1037,157
-13,-262,46,19,81,-1,-36,-1033,153
-17,-259,48,22,78,-1,-35,-1031,160
-16,-258,47,22,77,0,-30,-1033,152
-13,-263,49,23,80,0,-40,-1028,152
-15,-260,47,20,85,-1,-32,-1023,153
-16,-259,46,17,87,-2,-37,-1027,157
-17,-261,48,15,89,-4,-36,-1023,152
-15,-258,46,11,88,-4,-39,-1030,157
-16,-259,45,10,88,-5,-35,-1033,155
-15,-259,49,6,89,-6,-35,-1029,157
-14,-260,48,6,89,-6,-37,-1029,157
-18,-265,48,5,89,-7,-32,-1027,155
-13,-263,45,4,90,-7,-32,-1032,155
-14,-262,45,3,90,-7,-29,-1032,154
-13,-261,43,1,89,-6,-30,-1033,153
-15,-264,47,-1,90,-6,-34,-1033,154
-14,-261,45,-4,90,-7,-33,-1034,152
-15,-261,46,-6,89,-8,-32,-1037,156
-15,-262,45,-7,87,-8,-31,-1050,154
-13,-265,44,-4,89,-8,-32,-1036,152
-14,-262,45,-2,90,-9,-37,-1032,151
-13,-264,49,0,93,-10,-35,-1034,154
-16,-264,46,1,95,-9,-36,-1038,158
-14,-263,46,1,94,-9,-36,-1036,162
-14,-265,48,1,93,-12,-33,-1035,160
-17,-265,47,4,94,-10,-38,-1037,159
-14,-265,48,13,95,-8,-32,-1028,160
-13,-257,46,22,95,-8,-34,-1032,160
-18,-260,46,26,97,-7,-30,-1027,159
-10,-261,45,24,97,-8,-34,-1024,156
-15,-260,46,19,96,-6,-26,-1028,157
-13,-262,47,13,98,-6,-25,-1033,158
-13,-259,47,8,100,-7,-32,-1034,162
-14,-254,48,7,103,-8,-24,-1030,161
-12,-263,48,8,106,-8,-28,-1034,158
-14,-260,51,11,106,-7,-33,-1047,162
-13,-262,47,13,103,-8,-27,-1044,163
-13,-264,48,15,101,-6,-33,-1038,158
-14,-260,43,17,100,-6,-33,-1035,160
-13,-260,49,15,100,-6,-34,-1033,160
-17,-261,48,13,101,-6,-37,-1032,158
-17,-258,49,8,102,-6,-36,-1028,160
-13,-261,49,4,101,-6,-39,-1030,159
-16,-262,46,2,102,-7,-35,-1031,165
-13,-264,49,1,102,-7,-37,-1039,162
-13,-261,49,2,104,-7,-40,-1034,164
-14,-260,47,3,104,-8,-36,-1028,161
-15,-263,48,1,105,-8,-38,-1027,163
-15,-260,49,-1,104,-8,-39,-1030,160
-15,-265,51,-5,104,-8,-36,-1031,164
-16,-259,47,-9,104,-8,-37,-1025,162
-12,-260,47,-14,108,-7,-37,-1031,167
-12,-260,48,-17,110,-6,-34,-1029,165
-15,-258,48,-21,113,-7,-33,-1035,163
-14,-261,45,-22,112,-6,-28,-1046,160
-12,-264,43,-23,108,-7,-30,-1048,156
-15,-267,43,-19,108,-5,-32,-1056,150
-15,-264,44,-11,104,-5,-33,-1060,149
-11,-269,47,-2,103,-5,-29,-1058,153
-13,-268,50,5,101,-4,-30,-1058,154
-14,-263,46,13,102,-3,-32,-1044,158
-15,-262,46,18,102,-4,-29,-1044,161
-12,-262,51,20,102,-2,-32,-1035,161
-13,-259,48,20,101,-2,-35,-1032,160
-15,-263,47,20,98,-2,-30,-1032,158
-14,-261,45,20,98,-2,-28,-1026,158
-14,-262,46,19,99,-5,-30,-1026,158
-12,-260,44,19,100,-5,-23,-1032,155
-13,-262,45,19,102,-6,-24,-1026,149
-15,-261,45,21,102,-5,-29,-1029,154
-15,-263,47,24,101,-6,-23,-1031,152
-12,-263,47,28,100,-6,-29,-1032,157
-14,-265,47,32,100,-7,-28,-1034,155
-12,-263,47,37,102,-6,-29,-1038,163
-13,-261,43,40,103,-7,-25,-1033,161
-12,-264,47,43,104,-6,-25,-1036,159
-15,-261,48,43,106,-5,-23,-1030,154
-14,-262,50,43,108,-3,-25,-1029,163
-14,-260,48,44,108,-3,-32,-1030,162
-11,-260,50,43,109,-4,-34,-1028,161
-13,-263,55,41,111,-5,-34,-1030,166
-14,-260,51,36,113,-6,-34,-1028,166
-16,-258,53,34,112,-5,-34,-1025,170
-16,-257,46,30,113,-6,-34,-1018,173
-15,-259,50,27,112,-7,-36,-1022,167
-14,-258,52,22,113,-10,-38,-1022,172
-14,-256,50,16,115,-13,-35,-1020,174
-16,-259,54,12,116,-13,-35,-1027,163
-17,-261,50,8,119,-13,-38,-1025,166
-18,-260,54,3,120,-14,-40,-1025,166
-15,-261,48,-1,119,-14,-41,-1030,169
-17,-263,49,-3,117,-13,-40,-1028,165
-18,-260,45,-4,117,-13,-38,-1034,163
-16,-262,52,-5,115,-12,-39,-1034,168
-16,-261,48,-4,112,-11,-39,-1030,166
-16,-261,52,-5,108,-12,-40,-1027,167
-18,-263,46,-4,106,-12,-41,-1027,165
-11,-265,56,-4,102,-9,-38,-1029,166
-16,-260,48,-5,101,-9,-41,-1022,166
-18,-259,51,-6,101,-10,-40,-1026,167
-15,-262,47,-9,99,-9,-42,-1018,170
-17,-259,49,-13,97,-10,-37,-1024,165
-17,-259,46,-15,93,-10,-40,-1022,166
-17,-259,47,-19,91,-11,-38,-1029,161
-16,-260,47,-19,90,-9,-39,-1025,162
-18,-259,51,-19,89,-8,-41,-1032,163
-19,-263,51,-18,89,-7,-45,-1034,169
-20,-263,45,-18,87,-7,-50,-1033,168
-17,-264,51,-17,82,-5,-40,-1034,163
-16,-261,48,-18,79,-4,-39,-1038,163
-15,-264,51,-19,79,-4,-36,-1039,161
-17,-267,52,-16,79,-1,-42,-1040,163
-15,-265,48,-12,76,-1,-38,-1037,166
-16,-266,51,-9,76,-2,-39,-1039,168
-19,-263,51,-7,72,-3,-37,-1038,163
-17,-261,50,-6,71,-3,-40,-1031,161
-14,-261,49,-5,68,-2,-39,-1026,159
-16,-261,48,-7,67,-4,-38,-1027,163
-24,-257,48,-10,64,-3,-41,-1024,163
-16,-262,49,-12,64,-3,-37,-1029,162
-17,-264,49,-15,61,-3,-41,-1032,158
-17,-261,51,-16,62,-6,-38,-1033,163
-18,-260,50,-17,62,-6,-40,-1030,161
-17,-264,47,-17,63,-5,-46,-1032,166
-16,-262,49,-19,65,-6,-38,-1033,167
-18,-261,48,-17,66,-7,-34,-1035,171
-16,-263,48,-16,63,-8,-35,-1030,169
-15,-264,49,-14,61,-9,-38,-1034,170
-14,-260,50,-6,58,-8,-38,-1035,166
-12,-261,46,3,57,-5,-28,-1034,159
-13,-258,47,9,57,-5,-34,-1025,158
-13,-260,46,9,59,-7,-34,-1023,164
-17,-258,47,5,57,-5,-30,-1024,168
-12,-260,49,1,57,-4,-33,-1024,164
-15,-262,51,-4,60,-4,-35,-1022,170
-15,-261,50,-8,62,-6,-35,-1021,175
-19,-256,47,-10,63,-6,-37,-1021,174
-16,-262,49,-11,62,-6,-30,-1022,170
-15,-257,49,-10,60,-7,-37,-1026,169
-14,-262,45,-12,56,-8,-37,-1023,164
-15,-261,46,-17,54,-7,-39,-1025,161
-17,-262,46,-20,53,-7,-41,-1027,158
-18,-263,49,-26,53,-4,-41,-1029,164
-16,-261,48,-31,54,-5,-41,-1029,161
-18,-263,45,-33,53,-6,-43,-1029,163
-17,-260,47,-34,51,-4,-38,-1032,162
-16,-261,47,-35,50,-5,-43,-1029,166
-16,-263,45,-33,48,-4,-44,-1036,166
-14,-261,47,-33,48,-4,-38,-1043,160
-16,-263,47,-31,47,-2,-40,-1044,165
-18,-262,46,-31,46,-4,-38,-1043,164
-15,-261,47,-32,44,-4,-37,-1036,162
-15,-262,45,-32,42,-4,-36,-1035,162
-15,-262,45,-33,42,-4,-30,-1044,161
-16,-263,48,-33,39,-3,-35,-1036,159
-15,-261,48,-34,40,-3,-38,-1032,161
-14,-263,43,-34,42,-4,-34,-1038,152
-15,-262,45,-35,43,-4,-34,-1032,157
-14,-261,47,-35,43,-3,-33,-1031,159
-15,-260,46,-35,43,-2,-35,-1040,154
-16,-260,43,-35,42,-5,-33,-1035,150
-14,-263,44,-33,41,-5,-30,-1040,154
-14,-261,44,-30,38,-6,-27,-1036,152
-17,-262,48,-27,39,-5,-28,-1038,158
-13,-262,48,-24,37,-6,-26,-1039,160
-16,-261,48,-21,36,-4,-29,-1036,160
-11,-259,48,-18,36,-5,-28,-1033,161
-16,-258,51,-15,36,-4,-22,-1027,162
-12,-262,46,-14,35,-3,-28,-1031,159
-12,-262,50,-15,36,-4,-18,-1029,159
-13,-260,49,-16,35,-5,-24,-1030,158
-12,-260,47,-18,37,-3,-28,-1030,160
-11,-259,49,-19,37,-4,-25,-1029,156
-13,-261,47,-19,38,-4,-20,-1031,152
-12,-260,47,-20,37,-4,-23,-1030,164
-14,-260,46,-22,39,-4,-24,-1029,158
-16,-260,48,-25,39,-4,-26,-1031,158
-13,-262,48,-25,40,-3,-25,-1032,154
-14,-259,51,-27,40,-2,-31,-1032,159
-13,-262,47,-27,39,-1,-27,-1031,161
-12,-262,48,-28,39,0,-30,-1027,161
-14,-262,45,-30,39,-2,-26,-1041,157
-13,-264,52,-33,38,-1,-29,-1026,153
-15,-263,43,-37,37,0,-28,-1028,153
-13,-266,49,-38,38,1,-30,-1040,157
-14,-260,44,-41,41,-1,-27,-1036,157
-13,-265,43,-41,41,-1,-32,-1035,152
-12,-262,42,-39,43,-1,-30,-1036,152
-14,-263,47,-38,45,-4,-23,-1033,150
-13,-264,48,-36,45,-2,-28,-1035,154
-12,-267,46,-33,45,-3,-30,-1032,153
-14,-262,48,-32,46,-3,-28,-1035,151
-13,-262,45,-30,47,-5,-28,-1035,150
-12,-261,47,-30,49,-5,-31,-1027,152
-13,-261,48,-30,50,-3,-32,-1027,154
-13,-261,49,-31,51,-4,-31,-1031,155
-14,-260,44,-32,52,-3,-31,-1037,152
-13,-262,43,-32,53,-4,-28,-1027,155
-14,-261,50,-35,53,-2,-28,-1030,150
-15,-258,44,-35,56,-5,-31,-1032,153
-14,-261,50,-36,57,-4,-25,-1036,157
-13,-262,44,-38,58,-3,-24,-1032,155
-11,-263,46,-40,60,-5,-25,-1034,155
-11,-258,48,-42,61,-4,-24,-1035,154
-12,-264,46,-43,64,-5,-22,-1044,153
-12,-264,47,-43,66,-6,-25,-1039,158
-13,-264,48,-40,67,-5,-22,-1046,152
-15,-262,46,-35,67,-6,-23,-1037,151
-12,-263,44,-33,69,-7,-27,-1037,151
-12,-265,45,-32,70,-4,-22,-1033,152
-12,-265,47,-32,70,-5,-28,-1034,151
-12,-263,45,-32,70,-5,-21,-1036,151
-12,-265,45,-33,73,-6,-28,-1037,152
-13,-263,46,-35,73,-7,-25,-1038,154
-14,-262,48,-34,74,-5,-29,-1043,153
-13,-263,46,-34,75,-5,-33,-1035,155
-11,-263,46,-33,75,-7,-28,-1036,156
-15,-260,47,-33,77,-7,-25,-1032,153
-16,-260,47,-34,77,-7,-33,-1030,154
-16,-261,42,-36,76,-6,-28,-1030,153
-12,-261,47,-40,78,-6,-28,-1028,157
-14,-260,42,-44,77,-6,-28,-1028,160
-14,-262,46,-47,78,-7,-27,-1033,152
-13,-265,43,-47,77,-7,-34,-1032,152
-14,-263,44,-48,78,-7,-33,-1038,151
-17,-264,48,-45,77,-8,-33,-1043,154
-16,-261,45,-43,76,-6,-36,-1039,151
-16,-261,46,-42,75,-7,-37,-1032,154
-16,-263,47,-39,75,-9,-36,-1033,155
-16,-263,50,-35,73,-10,-38,-1036,156
-15,-263,44,-28,69,-9,-39,-1035,152
-16,-260,43,-19,69,-6,-27,-1031,150
-15,-260,47,-11,68,-7,-32,-1031,151
-15,-258,47,-8,67,-6,-29,-1025,151
-13,-261,47,-9,67,-6,-32,-1031,155
-16,-258,46,-14,65,-5,-29,-1022,153
-19,-259,47,-19,67,-5,-29,-1025,159
-13,-262,50,-25,70,-6,-31,-1027,156
-13,-259,48,-28,72,-5,-32,-1031,160
-15,-261,47,-28,73,-8,-34,-1031,161
-13,-264,47,-28,73,-7,-35,-1027,164
-16,-262,47,-29,71,-8,-31,-1032,157
-12,-262,46,-30,69,-7,-34,-1033,155
-14,-259,49,-34,70,-8,-32,-1029,154
-15,-264,45,-38,69,-7,-33,-1031,153
-11,-264,45,-42,71,-8,-36,-1035,154
-15,-263,47,-43,70,-7,-34,-1043,152
-13,-264,47,-43,72,-6,-36,-1039,150
-12,-264,45,-40,71,-7,-36,-1035,152
-17,-263,43,-38,70,-5,-36,-1037,151
-16,-261,45,-36,68,-3,-34,-1037,150
-16,-263,44,-34,67,-3,-31,-1030,150
-16,-259,44,-35,63,-1,-30,-1032,144
-14,-263,41,-34,63,-1,-37,-1034,150
-14,-259,45,-35,62,0,-29,-1036,149
-14,-266,44,-32,63,1,-34,-1037,150
-14,-263,46,-31,61,0,-28,-1042,150
-13,-264,42,-29,60,1,-31,-1040,146
-12,-261,39,-29,61,1,-34,-1036,142
-13,-264,43,-28,62,0,-31,-1050,148
-16,-263,42,-25,62,0,-31,-1045,151
-16,-261,42,-24,61,-1,-36,-1044,149
-14,-261,45,-24,62,-3,-27,-1035,148
-12,-263,45,-22,63,-2,-30,-1035,147
-15,-260,43,-20,63,-4,-30,-1039,151
-12,-263,45,-19,63,-4,-31,-1036,152
-12,-263,42,-19,62,-3,-29,-1035,150
-15,-264,46,-19,63,-3,-30,-1029,149
-10,-262,43,-20,64,-4,-25,-1027,145
-13,-261,45,-21,66,-3,-24,-1029,151
-13,-263,46,-20,67,-3,-22,-1034,142
-12,-260,44,-21,68,-3,-30,-1032,150
-12,-264,41,-22,68,-2,-26,-1027,142
-13,-263,46,-22,67,-2,-25,-1032,145
-13,-261,41,-20,70,-3,-25,-1033,151
-13,-259,45,-17,71,-2,-24,-1027,151
-10,-261,44,-15,69,-2,-25,-1030,148
-13,-261,44,-13,69,-1,-31,-1028,148
-16,-261,45,-11,69,0,-31,-1031,147
-12,-260,43,-11,68,-1,-26,-1031,148
-12,-262,48,-15,70,-1,-27,-1027,150
-12,-258,43,-16,69,-1,-29,-1025,150
-16,-260,47,-19,70,-2,-30,-1028,149
-14,-259,47,-20,70,-3,-29,-1032,156
-12,-261,44,-24,70,-5,-35,-1030,149
-14,-263,46,-24,71,-5,-31,-1034,152
-14,-263,45,-25,71,-4,-33,-1031,149
-14,-262,40,-26,73,-3,-34,-1041,150
-15,-261,45,-26,73,-4,-27,-1041,149
-15,-263,43,-24,72,-5,-31,-1036,149
-16,-263,45,-25,73,-3,-31,-1036,152
-18,-260,43,-24,74,-4,-36,-1036,155
-15,-263,48,-23,73,-4,-31,-1039,152
-14,-265,48,-22,73,-4,-36,-1036,150
-17,-264,47,-20,73,-3,-34,-1050,149
-15,-262,42,-18,74,-2,-33,-1038,150
-14,-264,45,-15,72,-4,-34,-1047,150
-15,-262,47,-13,72,-3,-38,-1036,148
-15,-262,40,-13,69,-4,-34,-1037,154
-14,-262,44,-12,70,-3,-34,-1033,149
-17,-260,47,-14,69,-3,-38,-1038,149
-17,-265,45,-14,68,-2,-35,-1031,152
-16,-259,47,-14,69,-4,-37,-1031,152
-14,-262,49,-14,68,-4,-36,-1031,149
-14,-265,48,-13,67,-3,-33,-1026,150
-14,-260,42,-12,66,-4,-32,-1033,150
-13,-263,42,-11,67,-4,-32,-1030,150
-11,-264,46,-10,65,-4,-25,-1030,153
-13,-263,42,-8,65,-5,-28,-1031,151
-14,-260,43,-5,66,-5,-28,-1030,151
-16,-259,43,-5,66,-4,-31,-1034,153
-15,-262,47,-4,66,-4,-34,-1027,152
-15,-262,46,-5,66,-4,-33,-1037,149
-16,-260,43,-6,66,-4,-33,-1035,154
-13,-262,45,-5,67,-3,-30,-1034,151
-12,-261,43,-5,68,-3,-30,-1031,154
-18,-260,48,-5,69,-3,-33,-1034,152
-12,-261,44,-6,69,-3,-36,-1029,149
-15,-259,43,-8,68,-4,-32,-1030,148
-15,-261,46,-12,68,-3,-31,-1026,149
-13,-262,46,-15,66,-4,-30,-1029,148
-12,-263,42,-17,64,-5,-26,-1032,148
-15,-263,48,-15,63,-4,-28,-1033,151
-14,-264,45,-13,63,-4,-31,-1047,151
-17,-259,42,-10,62,-2,-34,-1038,147
-15,-262,43,-9,63,-2,-34,-1038,149
-16,-262,44,-8,65,-2,-32,-1046,154
-16,-260,45,-9,65,-1,-35,-1035,153
-17,-264,44,-9,66,-2,-41,-1039,154
-16,-265,47,-9,64,-2,-37,-1039,152
-18,-259,44,-3,59,-3,-36,-1039,149
-17,-263,44,9,58,-1,-29,-1040,144
-12,-261,45,16,59,-1,-29,-1036,142
-15,-260,44,22,60,-3,-24,-1027,143
-15,-258,47,22,61,0,-29,-1031,147
-16,-259,49,17,62,-1,-32,-1025,150
-9,-263,48,12,65,-2,-29,-1029,153
-14,-262,46,8,68,-2,-29,-1027,156
-11,-259,48,5,71,-3,-24,-1029,156
-17,-260,43,5,75,-4,-25,-1026,157
-12,-262,44,6,73,-3,-28,-1030,158
-13,-259,46,4,72,-3,-25,-1029,150
-11,-261,44,1,70,-2,-25,-1027,155
-13,-262,47,0,71,-3,-30,-1030,155
-14,-261,45,-2,70,-4,-33,-1032,151
-18,-260,45,-7,71,-4,-30,-1033,153
-17,-264,48,-9,72,-2,-32,-1032,156
-13,-261,50,-11,72,-2,-37,-1033,155
-15,-261,44,-12,71,-1,-37,-1032,155
-16,-264,47,-12,74,-2,-37,-1033,156
-17,-262,48,-12,73,-2,-35,-1033,150
-14,-261,47,-12,72,-2,-35,-1037,150
-16,-259,46,-15,72,-3,-31,-1033,147
-16,-261,35,-17,72,-3,-27,-1037,152
-14,-260,43,-19,70,-2,-30,-1032,149
-14,-264,44,-18,70,-1,-33,-1034,152
-14,-262,45,-19,69,-3,-34,-1036,150
-15,-261,45,-19,67,-1,-33,-1045,147
-14,-264,44,-18,64,-2,-28,-1043,153
-16,-263,44,-16,62,-2,-36,-1036,152
-16,-263,44,-15,63,-2,-31,-1036,146
-17,-264,44,-16,61,-3,-34,-1037,153
-17,-262,46,-14,60,-2,-37,-1041,152
-13,-265,47,-12,60,-3,-36,-1044,150
-17,-264,48,-11,59,-2,-36,-1037,151
-13,-263,48,-8,58,-2,-31,-1037,151
-15,-259,46,-7,56,-2,-41,-1026,150
-14,-263,44,-8,56,-1,-38,-1032,153
-14,-260,45,-9,56,-1,-30,-1025,147
-14,-260,47,-12,56,-3,-32,-1025,145
-14,-260,45,-14,54,-3,-31,-1029,147
-14,-259,45,-15,55,-2,-35,-1033,143
-15,-259,44,-17,57,-1,-34,-1028,151
-14,-259,42,-18,55,-2,-33,-1030,143
-11,-261,35,-19,54,-3,-32,-1026,150
-13,-263,46,-20,52,-3,-34,-1030,146
-12,-263,41,-20,50,-2,-27,-1027,148
-11,-261,44,-22,50,-1,-27,-1027,151
-14,-262,46,-21,50,-1,-26,-1033,153
-15,-263,47,-20,51,-1,-32,-1034,146
-13,-262,47,-23,52,-2,-31,-1030,149
-12,-263,46,-25,50,0,-24,-1032,151
-14,-260,43,-27,51,0,-31,-1032,153
-15,-260,44,-26,50,1,-33,-1036,147
-13,-263,45,-26,50,-1,-30,-1031,152
-13,-262,47,-26,51,-1,-34,-1030,149
-14,-262,47,-26,51,-2,-32,-1032,152
-12,-263,47,-28,51,-1,-33,-1032,149
-16,-262,46,-29,51,-1,-31,-1030,150
-12,-261,42,-29,51,-3,-32,-1032,148
-15,-261,47,-28,52,-2,-28,-1032,151
-13,-262,47,-28,52,-2,-36,-1040,148
-15,-263,43,-27,55,-3,-28,-1037,147
-16,-261,47,-25,55,-2,-28,-1037,151
-17,-261,46,-25,53,-2,-30,-1036,149
-14,-264,45,-25,54,-2,-29,-1036,149
-14,-267,43,-25,56,-4,-33,-1036,147
-15,-262,46,-25,55,-4,-31,-1033,145
-13,-263,41,-22,56,-4,-31,-1039,143
-14,-261,42,-21,57,-3,-32,-1033,145
-15,-262,47,-19,57,-3,-32,-1034,151
-13,-265,43,-17,58,-5,-32,-1030,154
-14,-263,43,-16,59,-5,-32,-1032,150
-13,-263,43,-16,59,-4,-32,-1034,154
-16,-261,44,-13,59,-4,-30,-1035,149
-14,-262,50,-12,59,-5,-33,-1030,149
-21,-260,47,-11,58,-6,-26,-1039,152
-15,-262,47,-10,58,-4,-33,-1035,149
-12,-261,45,-9,57,-3,-32,-1035,149
-15,-261,43,-9,58,-2,-29,-1028,145
-13,-260,47,-9,59,-3,-31,-1032,151
-13,-257,46,-9,60,-4,-30,-1029,151
-12,-261,47,-12,61,-4,-29,-1029,147
-15,-258,46,-14,61,-3,-31,-1040,145
-14,-261,48,-15,64,-2,-33,-1035,151
-15,-262,42,-16,64,-3,-28,-1030,152
-16,-265,46,-17,64,-2,-32,-1031,150
-12,-261,52,-18,65,-3,-34,-1030,146
-13,-255,50,-18,65,-3,-31,-1036,143
-10,-259,38,-18,65,-2,-33,-1024,151
-18,-264,38,-19,65,1,-35,-1034,150
-11,-263,50,-20,64,1,-31,-1036,145
-11,-259,41,-21,63,0,-31,-1033,146
-14,-262,45,-20,62,0,-32,-1038,137
-14,-264,28,-18,62,0,-35,-1038,151
-18,-268,38,-19,63,0,-34,-1039,140
-17,-259,41,-19,64,-1,-36,-1043,148
-18,-254,34,-19,65,-2,-35,-1031,150
-14,-262,43,-18,64,-3,-38,-1036,153
-18,-263,44,-16,63,-5,-33,-1045,148
-13,-263,44,-11,60,-6,-33,-1033,146
-14,-260,41,-2,61,-5,-23,-1035,147
-17,-266,41,6,63,-5,-23,-1025,142
-8,-261,45,8,65,-4,-28,-1027,141
-14,-261,47,4,62,-5,-22,-1030,145
-13,-265,47,-1,64,-5,-23,-1035,146
-4,-259,45,-4,64,-7,-27,-1031,145
-10,-261,42,-6,69,-8,-20,-1031,152
-5,-259,48,-3,72,-7,-25,-1030,149
-7,-262,47,1,74,-7,-23,-1030,150
-16,-259,43,0,71,-7,-24,-1032,149
-12,-264,37,1,70,-7,-30,-1034,150
-24,-265,36,2,69,-6,-24,-1032,147
-16,-259,48,1,68,-6,-31,-1032,150
-15,-262,46,-2,68,-4,-33,-1027,151
-16,-261,43,-6,69,-4,-33,-1031,152
-14,-262,38,-10,69,-4,-34,-1026,150
-24,-268,47,-14,72,-6,-38,-1026,153
-17,-269,40,-16,73,-3,-36,-1035,154
-10,-261,44,-18,73,-5,-36,-1031,148
-16,-260,40,-18,72,-5,-36,-1031,150
-13,-266,37,-20,73,-4,-34,-1030,150
-4,-266,51,-21,73,-5,-32,-1033,153
-20,-265,37,-24,72,-6,-34,-1034,150
-13,-262,45,-22,72,-5,-34,-1038,149
-12,-255,51,-22,71,-5,-31,-1043,147
-10,-263,51,-22,69,-4,-30,-1036,144
-19,-266,61,-21,68,-3,-32,-1034,141
-12,-266,43,-19,67,-3,-31,-1038,145
-14,-261,44,-21,67,-2,-31,-1037,145
-14,-262,45,-20,66,0,-28,-1040,140
-11,-264,40,-20,67,-2,-31,-1045,149
-3,-266,53,-20,66,-2,-27,-1038,149
-31,-244,37,-19,65,-2,-28,-1035,144
-17,-262,49,-19,65,-2,-31,-1036,145
-27,-252,40,-16,63,-3,-34,-1035,146
-16,-271,42,-15,64,-3,-29,-1040,144
-10,-270,47,-12,66,-4,-30,-1035,150
-24,-268,48,-11,64,-4,-31,-1036,150
-14,-253,45,-10,64,-3,-22,-1030,142
-3,-287,51,-10,65,-1,-28,-1034,143
-30,-243,37,-11,66,-2,-27,-1033,147
-9,-266,39,-11,65,-3,-25,-1030,150
-13,-264,45,-13,67,-2,-23,-1034,146
-12,-262,43,-12,67,-2,-27,-1028,144
-12,-260,42,-14,69,-2,-26,-1030,144
-18,-267,49,-15,67,-1,-24,-1027,146
-23,-268,47,-16,67,-3,-28,-1032,142
-8,-254,45,-17,70,-2,-23,-1025,146
-22,-269,37,-18,70,-2,-24,-1030,144
-13,-261,27,-18,71,-2,-25,-1031,143
-9,-257,48,-19,72,-6,-27,-1031,145
-21,-271,45,-19,72,-4,-26,-1036,146
-6,-262,44,-19,72,-5,-29,-1036,148
-17,-259,29,-19,73,-6,-30,-1039,145
-8,-259,53,-19,72,-6,-27,-1031,141
-14,-264,41,-21,71,-6,-33,-1036,147
-25,-272,38,-22,70,-6,-28,-1039,135
-16,-262,44,-22,70,-7,-29,-1035,143
-12,-265,38,-22,70,-7,-35,-1038,142
-12,-262,44,-24,68,-6,-31,-1032,137
-15,-262,42,-24,68,-6,-33,-1037,140
-16,-262,39,-23,68,-6,-32,-1035,136
-16,-266,43,-21,69,-6,-32,-1034,141
-15,-264,44,-20,70,-7,-35,-1032,142
-6,-261,43,-19,69,-5,-32,-1044,138
-12,-258,46,-18,67,-5,-29,-1037,144
-11,-262,39,-16,67,-3,-31,-1033,142
-15,-267,47,-16,66,-3,-30,-1033,143
-11,-261,43,-16,66,-3,-30,-1039,140
-13,-267,35,-16,69,-4,-27,-1036,138
-15,-262,51,-15,67,-3,-28,-1036,140
-13,-264,40,-15,67,-4,-32,-1038,145
-14,-265,43,-14,66,-3,-23,-1038,142
-12,-263,41,-14,67,-3,-24,-1033,145
-13,-262,45,-14,69,-5,-27,-1035,143
-27,-263,50,-13,68,-5,-21,-1039,142
-11,-262,45,-11,69,-4,-22,-1038,145
-11,-265,41,-8,69,-3,-25,-1032,145
-13,-263,34,-8,70,-3,-24,-1028,140
-12,-265,36,-8,70,-3,-29,-1033,146
-14,-262,43,-8,70,-2,-29,-1031,144
-14,-261,42,-10,69,-2,-30,-1030,140
-14,-262,44,-11,70,-3,-28,-1033,143
-12,-262,46,-12,71,-3,-27,-1039,139
-15,-264,42,-13,71,-2,-28,-1030,143
-13,-264,43,-12,72,-1,-26,-1031,140
-19,-259,35,-12,73,-2,-31,-1036,145
-13,-261,43,-12,74,-2,-29,-1028,144
-15,-261,42,-12,74,-3,-24,-1033,143
-14,-261,45,-14,74,-3,-34,-1034,140
-12,-261,41,-15,73,-4,-29,-1033,140
-9,-271,47,-18,75,-2,-30,-1037,145
-15,-263,45,-19,74,-3,-32,-1045,140
-14,-263,45,-20,74,-3,-26,-1038,141
-16,-261,42,-19,72,-2,-28,-1038,141
-15,-261,44,-20,74,-3,-31,-1036,146
-15,-263,41,-20,73,-4,-34,-1038,147
-19,-261,47,-22,72,-3,-27,-1033,148
-18,-261,43,-19,69,-4,-34,-1043,144
-12,-261,44,-13,69,-5,-24,-1035,145
-23,-261,43,-3,68,-5,-27,-1030,143
-10,-262,39,2,70,-5,-28,-1036,144
-11,-261,42,2,70,-6,-33,-1026,141
-12,-257,45,-1,68,-5,-27,-1030,141
-13,-261,43,-6,70,-5,-27,-1034,146
-13,-262,40,-10,74,-5,-22,-1026,148
-11,-263,45,-10,74,-3,-28,-1034,150
-13,-263,43,-9,75,-3,-29,-1039,147
-10,-261,46,-9,76,-4,-30,-1027,150
-12,-261,43,-7,74,-4,-35,-1028,149
-13,-265,45,-10,71,-3,-31,-1034,148
-12,-262,46,-11,69,-2,-32,-1039,148
-14,-261,43,-12,68,-2,-26,-1035,150
-13,-262,43,-15,68,-4,-32,-1033,144
-13,-262,41,-17,68,-4,-35,-1034,146
-15,-261,41,-20,71,-3,-32,-1035,148
-17,-262,43,-19,71,-2,-37,-1031,150
-14,-264,45,-19,72,-3,-28,-1042,145
-17,-260,41,-19,73,-3,-31,-1039,146
-14,-263,42,-19,74,-2,-34,-1035,147
-15,-262,44,-18,72,-2,-34,-1042,144
-15,-263,41,-19,73,-3,-31,-1035,145
-14,-264,45,-18,72,-1,-30,-1035,142
-14,-262,45,-19,70,-2,-35,-1041,143
-15,-263,41,-18,67,-1,-29,-1041,144
-15,-264,46,-19,65,-1,-33,-1041,147
-11,-265,42,-18,64,-1,-29,-1035,142
-15,-264,42,-20,65,0,-35,-1044,138
-14,-264,41,-21,65,-2,-33,-1049,144
-11,-266,42,-18,64,-1,-32,-1041,142
-15,-262,45,-16,62,-2,-35,-1036,142
-17,-265,44,-13,62,-2,-32,-1052,139
-14,-262,41,-12,61,-1,-31,-1034,142
-13,-263,42,-10,59,-3,-37,-1038,140
-16,-263,42,-10,58,-2,-34,-1041,141
-15,-262,44,-9,56,-2,-33,-1037,142
-18,-261,41,-6,56,-1,-33,-1030,145
-18,-265,44,-5,55,-1,-32,-1037,142
-12,-260,42,-5,52,-1,-32,-1032,145
-12,-261,43,-6,51,-1,-30,-1032,144
-15,-262,42,-4,50,-2,-31,-1034,144
-13,-263,46,-5,50,0,-32,-1034,146
-15,-260,42,-5,49,1,-32,-1026,145
-14,-263,46,-5,50,1,-29,-1030,145
-15,-260,46,-4,50,2,-29,-1031,140
-16,-260,42,-5,50,4,-36,-1024,142
-11,-261,42,-6,49,4,-31,-1027,144
-15,-261,42,-7,48,5,-37,-1034,145
-16,-260,44,-8,48,5,-27,-1031,143
-15,-265,46,-7,47,5,-31,-1028,145
-17,-258,43,-8,47,3,-34,-1029,140
-12,-260,44,-10,48,4,-32,-1025,146
-14,-260,42,-14,47,2,-33,-1031,149
-15,-260,46,-16,48,3,-37,-1033,142
-14,-263,43,-19,47,2,-32,-1034,143
-17,-266,44,-19,48,3,-36,-1034,142
-13,-261,42,-18,49,3,-31,-1035,146
-14,-262,46,-18,50,3,-34,-1039,143
-13,-259,41,-17,50,3,-28,-1042,142
-14,-262,41,-17,51,3,-34,-1038,144
-15,-262,42,-18,53,3,-32,-1034,146
-15,-261,43,-17,52,3,-29,-1036,137
-14,-263,41,-18,53,2,-29,-1040,149
-17,-261,45,-15,55,2,-36,-1036,144
-13,-263,44,-14,54,-1,-31,-1031,145
-13,-267,46,-12,54,0,-29,-1036,145
-13,-265,45,-10,53,0,-32,-1034,145
-15,-264,45,-11,54,-1,-34,-1050,141
-13,-265,41,-9,53,-2,-31,-1044,145
-13,-266,44,-8,52,0,-32,-1043,147
-11,-264,47,-8,52,0,-32,-1045,146
-11,-262,41,-6,52,0,-34,-1036,145
-15,-262,43,-7,53,0,-30,-1038,144
-14,-263,42,-5,50,2,-30,-1036,144
-14,-263,45,-2,52,3,-35,-1034,143
-15,-260,45,-2,50,2,-34,-1038,146
-15,-260,45,1,50,3,-34,-1039,150
-16,-259,44,2,49,2,-35,-1030,145
-19,-261,43,3,50,4,-38,-1033,147
-15,-258,43,0,51,3,-36,-1030,147
-16,-260,47,-1,50,4,-35,-1031,146
-18,-263,42,-2,52,5,-37,-1033,148
-16,-260,44,-4,50,5,-37,-1033,144
-13,-266,44,-5,50,5,-32,-1031,151
-18,-263,44,-6,50,4,-33,-1035,152
-13,-263,43,-6,51,3,-33,-1029,150
-14,-262,44,-5,51,2,-30,-1036,148
-14,-257,49,-6,51,4,-33,-1032,143
-14,-260,46,-9,51,3,-30,-1028,151
-15,-260,45,-10,51,5,-32,-1028,148
-14,-264,44,-11,49,6,-33,-1035,145
-15,-260,44,-13,48,6,-34,-1033,149
-14,-265,43,-14,47,5,-37,-1036,142
-15,-262,38,-15,48,4,-35,-1034,142
-15,-264,41,-16,48,3,-38,-1039,144
-17,-261,47,-18,49,2,-35,-1037,149
-11,-261,44,-19,49,2,-35,-1031,145
-15,-262,45,-20,50,0,-36,-1035,147
-16,-264,46,-18,47,-1,-38,-1036,146
-12,-264,45,-11,47,-2,-35,-1033,143
-14,-261,46,-5,46,-2,-31,-1034,143
-14,-260,42,1,47,-1,-27,-1029,144
-11,-261,46,0,48,-4,-29,-1031,144
-14,-262,44,-4,48,-2,-29,-1033,146
-14,-258,42,-9,49,-2,-26,-1030,148
-12,-261,43,-13,52,-3,-27,-1030,148
-12,-266,46,-15,57,-3,-21,-1033,154
-12,-264,45,-14,59,-4,-26,-1029,152
-11,-262,46,-13,59,-4,-27,-1037,146
-11,-264,47,-13,57,-3,-24,-1034,154
-13,-262,44,-15,58,-3,-27,-1033,144
-14,-263,48,-17,57,-3,-24,-1030,148
-15,-260,44,-19,59,-1,-26,-1034,150
-14,-261,46,-22,61,-1,-32,-1035,147
-15,-264,45,-24,63,-3,-32,-1034,144
-17,-262,47,-24,65,-3,-37,-1033,148
-14,-264,45,-25,65,-3,-33,-1032,150
-15,-262,45,-26,66,-2,-34,-1033,147
-14,-262,41,-27,65,-2,-35,-1036,142
-14,-262,43,-27,65,-1,-29,-1037,145
-13,-264,44,-29,65,-1,-29,-1032,146
-16,-264,43,-30,66,-3,-30,-1035,144
-14,-261,42,-31,66,-3,-33,-1038,145
-13,-262,42,-29,65,-3,-32,-1031,143
-14,-263,46,-30,63,-3,-32,-1045,144
-14,-263,42,-28,62,-3,-27,-1038,143
-10,-263,42,-28,62,-3,-30,-1052,141
-11,-265,43,-27,62,-4,-27,-1036,141
-11,-265,42,-27,64,-3,-33,-1039,138
-14,-264,41,-26,64,-2,-24,-1044,140
-13,-264,43,-27,66,-2,-34,-1048,142
-11,-264,45,-25,65,-3,-32,-1042,144
-12,-263,43,-23,67,-4,-36,-1031,146
-13,-260,43,-21,66,-3,-31,-1043,143
-15,-263,42,-19,67,-3,-31,-1038,147
-14,-263,41,-19,67,-3,-29,-1038,144
-12,-263,46,-20,67,-3,-27,-1031,144
-13,-263,44,-18,67,-5,-30,-1030,151
-11,-264,44,-19,67,-4,-29,-1032,142
-13,-261,42,-19,68,-4,-31,-1035,142
-14,-261,41,-20,67,-5,-28,-1034,138
-12,-263,46,-20,70,-4,-29,-1032,141
-16,-260,42,-22,69,-5,-29,-1026,142
-13,-259,46,-23,70,-4,-28,-1025,147
-12,-263,44,-23,68,-4,-29,-1035,142
-16,-261,41,-24,67,-3,-34,-1037,137
-14,-262,42,-23,67,-4,-25,-1030,140
-14,-263,41,-23,69,-4,-28,-1030,145
-15,-261,45,-24,69,-4,-29,-1034,138
-14,-261,44,-25,71,-3,-27,-1029,143
-17,-260,42,-27,73,-4,-30,-1027,145
-13,-259,43,-27,74,-5,-28,-1033,144
-14,-263,46,-29,76,-5,-32,-1031,143
-14,-259,43,-29,77,-6,-28,-1035,141
-14,-261,45,-30,76,-6,-27,-1041,148
-14,-261,42,-30,78,-6,-34,-1035,138
-15,-260,44,-31,78,-6,-36,-1036,142
-14,-262,44,-31,79,-6,-26,-1030,140
-14,-259,44,-32,79,-7,-30,-1036,141
-13,-261,41,-32,79,-9,-27,-1036,138
-14,-265,41,-33,79,-9,-31,-1030,140
-11,-263,39,-34,80,-7,-32,-1039,142
-15,-261,45,-33,83,-8,-31,-1034,143
-8,-265,44,-32,86,-8,-25,-1036,147
-12,-261,37,-31,88,-10,-29,-1041,139
-16,-263,44,-30,91,-9,-30,-1053,142
-17,-264,42,-27,90,-10,-20,-1039,139
-15,-260,45,-25,90,-9,-23,-1034,133
-11,-263,45,-24,90,-9,-29,-1047,140
-16,-261,40,-25,91,-10,-23,-1035,139
-14,-263,43,-25,92,-10,-31,-1048,141
-14,-264,44,-25,90,-12,-21,-1039,140
-14,-263,38,-25,91,-11,-31,-1035,139
-11,-264,46,-24,92,-9,-24,-1040,141
-11,-263,40,-25,93,-9,-28,-1039,136
-14,-259,41,-23,92,-12,-31,-1043,143
-13,-264,42,-22,92,-10,-28,-1032,139
-13,-262,41,-21,91,-10,-30,-1039,138
-13,-262,42,-19,92,-9,-29,-1037,137
-14,-264,43,-18,92,-11,-27,-1030,139
-12,-262,39,-18,91,-10,-31,-1029,136
-11,-262,40,-18,92,-9,-28,-1033,136
-13,-262,40,-19,93,-10,-28,-1034,137
-12,-261,42,-17,94,-10,-34,-1037,140
-17,-264,39,-17,95,-9,-31,-1036,138
-12,-261,44,-18,95,-10,-32,-1032,135
-14,-264,41,-17,96,-12,-26,-1039,141
-16,-262,41,-16,96,-10,-34,-1037,136
-17,-261,43,-18,96,-10,-28,-1031,137
-13,-260,43,-19,96,-11,-34,-1031,141
-14,-261,45,-20,95,-8,-27,-1029,136
-15,-261,41,-22,93,-7,-32,-1034,137
-14,-262,42,-23,90,-7,-28,-1039,135
-13,-263,34,-24,91,-8,-35,-1042,136
-15,-264,39,-26,90,-8,-33,-1039,133
-12,-260,39,-25,89,-7,-36,-1049,134
-15,-264,44,-24,91,-9,-34,-1041,138
-15,-263,41,-21,89,-9,-34,-1043,140
-16,-263,43,-18,89,-9,-34,-1045,137
-14,-264,41,-12,87,-11,-35,-1035,138
-12,-261,43,-3,86,-13,-35,-1034,138
-14,-261,47,4,84,-12,-32,-1032,133
-15,-261,39,5,82,-12,-33,-1031,137
-14,-261,40,2,83,-11,-27,-1028,140
-9,-261,44,-4,83,-12,-27,-1030,144
-15,-262,46,-9,84,-9,-28,-1026,144
-12,-261,47,-16,85,-10,-22,-1027,145
-13,-260,45,-19,88,-10,-30,-1032,146
-14,-260,46,-21,88,-11,-28,-1028,146
-15,-259,47,-25,89,-11,-28,-1027,142
-14,-260,39,-27,86,-10,-29,-1028,143
-14,-260,42,-28,86,-10,-29,-1031,144
-16,-264,42,-30,85,-10,-33,-1035,141
-13,-263,40,-31,85,-8,-34,-1036,138
-15,-263,43,-31,84,-9,-33,-1031,140
-14,-262,42,-31,83,-8,-34,-1036,139
-13,-262,43,-32,83,-6,-36,-1039,136
-13,-262,43,-32,81,-5,-35,-1035,132
-17,-265,42,-30,81,-2,-34,-1038,141
-15,-263,37,-27,80,-2,-34,-1045,141
-15,-264,43,-24,78,-3,-31,-1042,134
-14,-265,42,-21,77,-1,-34,-1037,135
-14,-264,41,-19,74,-2,-27,-1038,136
-16,-265,41,-17,71,-2,-34,-1039,133
-14,-263,41,-16,70,-2,-29,-1039,133
-12,-262,42,-16,70,-1,-26,-1038,138
-14,-266,37,-17,70,-2,-27,-1050,137
-15,-270,40,-16,70,-2,-33,-1050,135
-17,-262,39,-16,71,-3,-34,-1038,136
-14,-261,40,-17,70,-6,-31,-1046,140
-15,-263,37,-18,70,-5,-34,-1045,140
-18,-263,45,-18,69,-5,-32,-1039,139
-14,-266,43,-17,68,-4,-30,-1046,137
-16,-262,40,-16,69,-4,-33,-1035,136
-14,-264,36,-13,69,-4,-32,-1036,134
-13,-257,37,-12,67,-5,-32,-1036,135
-14,-264,41,-10,67,-4,-32,-1036,134
-15,-261,41,-9,66,-4,-32,-1027,136
-16,-261,41,-9,65,-4,-30,-1030,135
-14,-259,39,-8,65,-4,-31,-1031,136
-15,-260,41,-10,65,-5,-31,-1026,137
-14,-262,40,-11,66,-4,-32,-1026,135
-14,-261,42,-14,66,-4,-28,-1027,139
-16,-261,41,-15,66,-4,-33,-1029,139
-13,-260,44,-16,66,-3,-31,-1030,139
-13,-260,41,-17,64,-3,-30,-1025,139
-12,-260,42,-17,63,-2,-32,-1031,137
-13,-264,41,-17,63,-2,-37,-1029,140
-18,-268,42,-18,62,-3,-31,-1028,138
-13,-262,41,-19,61,-3,-29,-1033,136
-13,-263,42,-21,62,-3,-32,-1030,133
-15,-260,42,-22,62,-1,-30,-1033,137
-16,-259,38,-21,61,-2,-30,-1037,141
-17,-263,42,-20,60,-2,-30,-1035,139
-14,-262,41,-21,60,-2,-33,-1037,135
-14,-263,43,-20,59,-2,-34,-1031,138
-13,-261,41,-19,59,-2,-32,-1044,139
-12,-262,40,-17,61,-2,-29,-1036,135
-10,-260,41,-17,60,-1,-31,-1038,136
-13,-265,44,-16,61,-1,-37,-1044,137
-13,-262,41,-12,60,-2,-29,-1036,141
-15,-266,43,-10,61,-2,-33,-1035,142
-14,-263,45,-10,60,-1,-32,-1032,139
-15,-263,37,-9,59,-2,-33,-1039,134
-11,-264,40,-9,59,-3,-30,-1045,142
-17,-263,42,-9,58,-3,-35,-1037,139
-11,-260,40,-7,57,-5,-28,-1037,139
-14,-263,44,-6,60,-3,-29,-1036,140
-18,-262,44,-7,57,-4,-36,-1035,136
-14,-262,40,-7,57,-2,-33,-1035,137
-17,-262,42,-7,57,-2,-32,-1033,141
-19,-260,44,-6,56,-3,-31,-1035,136
-17,-261,41,-6,57,-3,-34,-1031,138
-13,-262,41,-4,55,-1,-36,-1036,141
-12,-264,41,-2,54,-1,-32,-1033,141
-9,-264,42,0,55,-3,-31,-1033,137
-13,-262,46,1,55,-3,-35,-1035,139
-16,-261,45,2,55,-2,-28,-1028,140
-15,-263,44,4,53,0,-31,-1032,140
-15,-261,41,5,53,0,-30,-1034,136
-14,-263,41,4,54,0,-28,-1034,136
-14,-263,44,6,53,1,-29,-1036,143
-14,-264,42,6,51,1,-33,-1034,141
-14,-264,41,7,54,0,-23,-1045,135
-15,-262,41,8,54,0,-33,-1037,137
-12,-261,42,9,57,-1,-28,-1032,142
-12,-262,40,8,58,0,-27,-1034,138
-14,-261,44,5,58,2,-27,-1035,141
-13,-262,44,2,57,1,-27,-1036,140
-13,-261,46,-1,59,1,-29,-1030,146
-12,-262,40,-3,58,0,-22,-1033,137
-13,-262,41,-4,57,2,-25,-1033,132
-14,-265,39,-5,57,1,-32,-1036,140
-15,-263,43,-3,57,0,-30,-1039,137
-13,-264,43,-3,60,0,-32,-1049,134
-16,-264,41,-1,61,0,-36,-1043,142
-12,-264,43,2,61,0,-37,-1037,144
-17,-262,40,5,60,-1,-37,-1038,141
-17,-263,40,13,57,-2,-33,-1047,139
-11,-263,42,21,56,-2,-31,-1037,137
-12,-264,44,30,57,-1,-29,-1026,137
-10,-262,44,34,58,-1,-25,-1029,138
-16,-263,40,32,57,-1,-32,-1027,135
-15,-260,44,26,59,-2,-26,-1028,140
-12,-263,42,19,58,-1,-22,-1030,144
-11,-261,41,16,63,-3,-26,-1029,144
-12,-261,43,13,66,-2,-26,-1031,143
-13,-262,41,13,67,-3,-24,-1033,144
-14,-260,41,11,68,-2,-24,-1034,145
-11,-261,43,11,66,-1,-26,-1030,140
-14,-263,42,10,66,-2,-28,-1029,138
-10,-263,38,9,68,0,-33,-1033,144
-15,-260,46,7,69,2,-37,-1036,144
-14,-263,42,5,69,1,-37,-1034,138
-14,-263,41,3,68,1,-36,-1032,143
-18,-262,43,3,67,1,-35,-1032,141
-15,-261,42,0,66,1,-37,-1044,137
-15,-262,39,1,66,2,-37,-1038,141
-17,-263,41,1,66,2,-39,-1029,140
-13,-263,45,2,67,3,-31,-1033,139
-17,-261,42,1,68,2,-32,-1042,148
-14,-262,40,1,66,2,-33,-1041,142
-11,-265,44,3,63,2,-30,-1039,141
-13,-263,40,4,64,1,-34,-1042,143
-12,-265,43,5,62,-1,-30,-1040,142
-15,-263,42,6,60,0,-27,-1032,137
-13,-262,43,6,59,0,-32,-1046,140
-13,-260,43,8,59,-1,-27,-1032,138
-16,-265,44,9,59,-1,-32,-1034,141
-15,-264,43,9,58,1,-35,-1036,142
-16,-262,42,10,59,-1,-30,-1037,145
-15,-263,43,10,60,-3,-33,-1037,138
-14,-263,43,8,60,-4,-34,-1027,142
-16,-259,43,6,60,-3,-34,-1032,142
-19,-261,45,5,60,-5,-29,-1034,143
-16,-259,44,2,62,-5,-32,-1029,144
-13,-261,44,1,63,-7,-31,-1027,143
-11,-262,40,-1,61,-7,-30,-1027,142
-14,-263,42,-3,63,-8,-27,-1027,140
-11,-260,42,-2,63,-8,-29,-1030,140
-15,-260,43,-2,64,-10,-31,-1029,141
-14,-263,45,-3,64,-10,-29,-1031,144
-11,-261,44,-1,63,-9,-32,-1027,144
-18,-263,38,0,60,-10,-25,-1031,140
-14,-260,40,-2,61,-9,-25,-1036,144
-13,-266,45,-3,60,-7,-26,-1036,141
-12,-262,43,-4,60,-8,-30,-1042,146
-14,-266,46,-4,60,-5,-30,-1036,146
-12,-261,45,-5,58,-4,-32,-1035,149
-14,-266,40,-5,60,-5,-29,-1042,147
-14,-259,45,-5,59,-6,-33,-1035,144
-14,-260,42,-6,59,-4,-31,-1035,140
-15,-259,40,-8,58,-5,-32,-1030,143
-15,-261,43,-9,58,-4,-33,-1030,142
-14,-263,41,-9,60,-5,-36,-1045,145
-11,-263,41,-6,61,-6,-32,-1041,141
-14,-261,46,-5,62,-5,-30,-1035,142
-17,-261,42,-4,62,-4,-30,-1028,147
-15,-259,43,-1,60,-5,-30,-1033,147
-14,-259,44,-1,61,-3,-34,-1037,147
-13,-263,44,-1,60,-2,-37,-1035,144
-14,-263,41,-2,58,-2,-28,-1042,145
-14,-263,46,-2,59,-2,-31,-1036,145
-14,-261,40,-3,59,-2,-31,-1036,148
-15,-263,46,-2,59,-1,-35,-1038,148
-14,-262,45,-2,61,0,-32,-1043,147
-13,-264,42,0,60,1,-35,-1040,152
-12,-265,42,1,61,1,-29,-1051,148
-14,-262,44,2,63,0,-32,-1044,149
-12,-262,48,5,64,0,-30,-1045,152
-13,-261,46,8,66,0,-23,-1034,149
-12,-265,46,10,67,0,-28,-1033,152
-16,-261,43,12,67,-1,-29,-1036,147
-13,-262,42,13,70,-1,-28,-1035,147
-13,-263,45,14,71,-1,-25,-1028,144
-13,-259,44,13,70,-2,-32,-1029,149
-12,-261,42,13,72,-3,-27,-1030,150
-13,-261,42,13,71,-3,-25,-1029,146
-11,-260,45,13,74,-3,-30,-1028,151
-14,-260,42,13,75,-3,-29,-1027,150
-16,-262,43,11,77,-4,-32,-1025,147
-12,-261,46,11,78,-5,-28,-1032,152
-12,-261,45,9,77,-5,-29,-1034,149
-13,-261,46,8,78,-5,-28,-1031,152
-15,-263,47,6,80,-5,-30,-1029,150
-15,-263,38,3,80,-5,-31,-1032,146
-14,-263,47,2,82,-5,-29,-1031,150
-14,-262,45,-2,83,-6,-30,-1029,149
-13,-260,42,-4,86,-4,-27,-1033,149
-14,-261,47,-7,86,-4,-30,-1032,151
-13,-261,44,-8,84,-6,-31,-1035,149
-12,-262,45,-9,84,-6,-29,-1036,152
-15,-263,46,-9,82,-5,-24,-1032,153
-17,-260,46,-9,83,-6,-27,-1036,148
-14,-264,41,-8,85,-6,-31,-1045,149
-14,-263,44,-7,86,-7,-29,-1039,147
-16,-259,42,-9,87,-9,-33,-1035,155
-13,-264,47,-9,87,-9,-36,-1046,151
-8,-262,53,-6,84,-11,-38,-1044,153
-15,-262,44,1,84,-10,-31,-1042,142
-13,-263,42,9,83,-10,-29,-1030,142
-17,-259,47,15,85,-11,-29,-1027,144
-14,-261,46,15,86,-12,-28,-1029,147
-14,-260,47,9,85,-11,-27,-1029,145
-16,-259,42,4,87,-11,-28,-1027,149
-12,-265,45,3,89,-13,-30,-1026,150
-13,-260,44,3,92,-14,-24,-1034,152
-13,-260,47,4,92,-13,-26,-1032,150
-11,-263,48,7,93,-13,-24,-1036,153
-13,-265,47,7,91,-14,-23,-1028,156
-12,-261,46,9,89,-12,-23,-1041,154
-12,-261,44,8,88,-11,-31,-1044,155
-14,-261,46,6,88,-11,-28,-1031,155
-13,-263,47,4,90,-10,-26,-1036,151
-13,-260,46,3,90,-9,-34,-1029,156
-15,-262,48,0,91,-8,-38,-1034,155
-18,-260,43,-2,92,-7,-34,-1027,155
-13,-261,46,-3,92,-8,-38,-1023,156
-14,-263,43,-5,94,-9,-34,-1025,147
-18,-263,43,-7,94,-7,-38,-1034,150
-16,-262,42,-9,93,-8,-36,-1031,152
-18,-262,46,-10,92,-7,-34,-1030,153
-15,-261,45,-10,90,-7,-31,-1034,150
-13,-266,46,-13,88,-6,-33,-1030,151
-13,-261,46,-15,87,-5,-30,-1034,152
-15,-263,44,-14,86,-5,-30,-1034,153
-13,-265,45,-13,86,-6,-28,-1039,147
-15,-265,44,-11,87,-5,-30,-1043,151
-16,-263,47,-10,84,-4,-28,-1049,144
-16,-263,46,-8,84,-5,-27,-1035,147
-14,-261,43,-9,83,-6,-30,-1037,148
-16,-261,47,-7,83,-7,-36,-1032,144
-12,-261,47,-7,82,-7,-31,-1034,153
-15,-260,46,-6,80,-6,-26,-1033,153
-14,-262,43,-6,77,-8,-30,-1029,153
-15,-260,43,-7,76,-8,-34,-1029,152
-14,-259,46,-8,77,-9,-28,-1035,150
-13,-261,44,-9,78,-7,-27,-1035,149
-15,-262,46,-7,78,-9,-28,-1036,152
-10,-264,47,-9,79,-7,-26,-1036,151
-12,-263,40,-9,78,-8,-23,-1032,151
-13,-262,46,-9,80,-6,-25,-1035,151
-10,-264,50,-7,82,-6,-27,-1030,147
-15,-260,41,-8,81,-6,-28,-1034,151
-14,-264,47,-7,82,-6,-32,-1029,151
-11,-260,44,-6,81,-6,-26,-1031,151
-12,-260,46,-6,82,-5,-25,-1028,148
-12,-259,45,-6,82,-6,-26,-1024,150
-16,-260,46,-8,82,-8,-28,-1029,152
-13,-261,47,-9,83,-7,-30,-1027,149
-16,-261,44,-10,83,-7,-34,-1025,148
-12,-261,46,-10,83,-6,-32,-1033,151
-16,-260,41,-10,82,-8,-35,-1029,149
-13,-263,43,-9,81,-7,-33,-1030,151
-15,-260,40,-9,81,-8,-30,-1033,148
-12,-262,47,-10,82,-8,-34,-1033,148
-17,-259,45,-11,82,-8,-28,-1032,148
-14,-258,46,-10,81,-8,-30,-1029,151
-15,-262,46,-11,80,-8,-34,-1031,150
-15,-259,45,-12,79,-9,-31,-1032,150
-14,-264,43,-13,79,-8,-33,-1031,148
-15,-258,45,-13,79,-8,-27,-1033,147
-15,-261,43,-15,78,-8,-28,-1030,148
-13,-262,46,-17,78,-9,-28,-1042,145
-12,-263,45,-16,78,-9,-30,-1037,150
-13,-263,46,-15,76,-9,-30,-1042,148
-13,-261,42,-13,76,-9,-23,-1042,146
-12,-264,47,-11,77,-10,-26,-1052,152
-14,-261,46,-10,78,-8,-27,-1036,149
-13,-263,45,-9,77,-9,-26,-1046,149
-14,-264,51,-9,77,-9,-23,-1032,154
-13,-263,47,-9,76,-9,-26,-1037,155
-12,-263,46,-8,76,-10,-30,-1036,152
-14,-264,43,-8,77,-10,-26,-1028,151
-14,-263,46,-9,76,-9,-25,-1032,152
-13,-264,45,-10,80,-10,-28,-1035,150
-12,-262,44,-10,79,-9,-32,-1032,150
-15,-262,46,-10,77,-9,-28,-1036,149
-11,-260,42,-8,74,-9,-27,-1034,150
-13,-264,47,-7,73,-9,-30,-1034,143
-12,-265,44,-6,70,-8,-29,-1035,149
-14,-261,45,-3,67,-8,-20,-1030,148
-13,-263,47,-2,65,-8,-17,-1028,152
-11,-264,47,0,67,-10,-19,-1023,151
-11,-259,45,-3,71,-10,-17,-1028,152
-10,-259,45,-8,76,-11,-22,-1030,155
-12,-262,45,-12,79,-11,-25,-1031,155
-15,-262,44,-16,78,-11,-27,-1033,156
-11,-262,47,-20,79,-12,-24,-1044,154
-11,-266,48,-20,78,-12,-21,-1044,155
-13,-261,44,-22,80,-12,-28,-1039,149
-13,-261,47,-22,81,-11,-31,-1032,150
-11,-262,43,-21,81,-11,-29,-1032,151
-12,-260,45,-23,80,-10,-24,-1033,149
-14,-263,44,-24,79,-9,-24,-1036,152
-13,-263,46,-24,78,-8,-29,-1032,145
-12,-264,44,-25,79,-9,-29,-1039,145
-13,-262,47,-23,80,-8,-29,-1036,151
-15,-265,44,-25,78,-7,-24,-1034,150
-12,-263,45,-27,77,-8,-35,-1032,154
-16,-261,50,-26,77,-9,-28,-1036,147
-12,-264,43,-25,74,-12,-29,-1038,148
-10,-264,41,-17,73,-10,-27,-1033,151
-13,-263,38,-13,75,-10,-23,-1032,145
-16,-261,41,-11,76,-11,-27,-1024,147
-13,-261,43,-13,77,-10,-25,-1028,149
-12,-263,46,-17,77,-11,-24,-1029,151
-14,-261,45,-20,80,-13,-22,-1029,157
-14,-262,47,-22,81,-12,-28,-1031,154
-14,-261,47,-23,83,-13,-20,-1036,156
-14,-260,43,-20,82,-13,-22,-1028,154
-13,-259,48,-19,83,-13,-25,-1030,154
-15,-257,43,-22,80,-12,-19,-1027,150
-13,-262,48,-25,80,-12,-24,-1033,153
-12,-261,44,-27,81,-10,-31,-1029,152
-14,-262,41,-30,79,-11,-26,-1033,150
-11,-262,44,-32,79,-9,-28,-1030,147
-15,-262,45,-33,80,-8,-29,-1030,151
-15,-262,45,-32,81,-8,-25,-1038,152
-14,-264,41,-31,82,-8,-33,-1036,152
-12,-262,41,-29,83,-8,-34,-1035,149
-13,-263,44,-29,82,-6,-36,-1034,149
-15,-260,47,-29,81,-7,-32,-1029,147
-16,-258,45,-31,81,-8,-37,-1034,152
-14,-264,44,-32,80,-9,-32,-1036,146
-15,-262,44,-35,78,-8,-32,-1037,149
-10,-256,40,-34,77,-6,-28,-1032,152
-13,-264,44,-35,75,-6,-29,-1043,148
-12,-265,41,-35,73,-6,-33,-1039,150
-14,-261,41,-33,72,-7,-33,-1041,147
-12,-265,43,-32,72,-7,-33,-1040,145
-14,-263,45,-30,71,-7,-28,-1035,149
-15,-263,42,-29,69,-7,-30,-1045,147
-12,-263,45,-29,68,-5,-27,-1036,145
-12,-263,44,-27,68,-5,-27,-1037,145
-11,-266,46,-27,66,-4,-33,-1048,148
-12,-263,42,-27,64,-4,-26,-1033,150
-11,-261,40,-26,62,-4,-28,-1050,140
-13,-260,41,-23,63,-3,-22,-1036,145
-13,-263,41,-23,62,-1,-23,-1031,145
-13,-260,45,-21,63,-2,-23,-1033,144
-12,-265,42,-20,62,-1,-25,-1032,144
-14,-260,37,-20,62,-1,-25,-1031,143
-13,-262,47,-19,62,-2,-19,-1039,143
-10,-264,40,-16,62,-4,-23,-1042,142
-14,-265,44,-14,64,-3,-21,-1043,146
-8,-265,40,-9,63,-4,-24,-1037,143
-13,-265,43,-6,64,-2,-27,-1047,146
-14,-259,43,-1,63,-3,-25,-1033,149
-13,-262,46,3,62,-2,-29,-1034,147
-10,-265,45,5,61,-1,-28,-1031,144
-13,-261,43,8,61,1,-23,-1031,148
-13,-262,45,8,61,1,-23,-1028,148
-11,-264,45,8,62,1,-23,-1029,148
-12,-263,43,6,63,2,-23,-1032,150
-12,-259,49,7,64,2,-22,-1028,152
-10,-260,44,4,64,3,-26,-1032,148
-11,-260,46,4,66,3,-24,-1029,148
-12,-258,44,1,66,2,-24,-1029,147
-11,-259,42,0,66,1,-23,-1025,148
-12,-261,45,-3,68,0,-31,-1030,145
-12,-258,41,-4,67,0,-28,-1034,150
-13,-263,40,-6,67,-2,-31,-1030,144
-12,-262,45,-8,67,-3,-27,-1035,148
-13,-263,43,-10,69,-4,-23,-1029,144
-11,-260,42,-10,69,-4,-27,-1031,142
-14,-264,40,-12,70,-7,-25,-1038,142
-13,-263,42,-13,71,-7,-29,-1035,148
-12,-264,51,-12,70,-5,-30,-1035,146
-14,-263,40,-13,69,-7,-28,-1036,147
-14,-263,44,-11,68,-9,-31,-1033,147
-14,-262,44,-12,69,-8,-32,-1036,146
-13,-263,45,-12,68,-7,-27,-1030,147
-15,-259,42,-15,67,-8,-29,-1033,147
-14,-260,43,-15,67,-7,-25,-1036,149
-13,-262,43,-16,67,-6,-31,-1033,148
-15,-262,41,-17,68,-7,-32,-1036,147
-10,-258,44,-17,67,-6,-33,-1031,141
-15,-258,50,-16,65,-6,-28,-1034,144
-14,-262,43,-16,66,-4,-26,-1031,143
-12,-261,43,-17,64,-5,-31,-1038,144
-11,-263,45,-16,63,-5,-29,-1033,138
-13,-262,42,-14,63,-3,-28,-1032,144
-13,-261,40,-13,64,-4,-27,-1029,143
-9,-262,42,-12,63,-4,-23,-1039,143
-11,-262,40,-9,61,-3,-23,-1029,143
-12,-263,45,-7,60,-3,-21,-1043,144
-12,-263,44,-7,62,-1,-26,-1032,144
-12,-262,39,-7,62,-2,-26,-1036,144
-11,-261,44,-7,60,-3,-24,-1032,148
-15,-266,42,-7,61,-4,-22,-1034,145
-10,-267,44,-8,61,-5,-29,-1043,148
-14,-265,44,-8,61,-6,-25,-1041,146
-12,-262,45,-8,63,-5,-27,-1033,146
-15,-261,41,-9,64,-8,-24,-1035,149
-13,-259,43,-10,66,-8,-23,-1032,145
-8,-260,44,-14,66,-7,-24,-1035,145
-12,-260,42,-17,67,-7,-25,-1032,146
-11,-261,45,-20,66,-8,-22,-1028,146
-15,-261,42,-24,65,-8,-22,-1035,144
-10,-262,45,-24,66,-8,-24,-1040,143
-12,-265,44,-24,65,-8,-23,-1037,143
-11,-264,42,-23,64,-8,-28,-1044,138
-12,-264,41,-20,66,-8,-20,-1041,139
-13,-263,41,-19,68,-7,-26,-1049,148
-16,-262,42,-17,68,-7,-27,-1039,151
-11,-264,45,-15,69,-8,-30,-1038,148
-13,-265,41,-11,68,-9,-22,-1035,148
-13,-264,45,-3,70,-10,-19,-1034,149
-14,-264,44,1,69,-8,-25,-1029,148
-13,-262,47,5,68,-7,-22,-1029,143
-10,-263,49,3,69,-8,-21,-1027,147
-13,-263,44,-1,67,-7,-25,-1029,149
-12,-259,44,-3,69,-5,-26,-1031,148
-11,-261,44,-3,72,-6,-23,-1030,151
-10,-259,44,-2,73,-6,-24,-1031,149
-11,-258,45,-1,74,-7,-22,-1029,153
-10,-265,42,-2,76,-8,-27,-1028,148
-12,-259,44,-3,76,-9,-23,-1029,150
-14,-259,45,-7,77,-10,-23,-1027,151
-14,-258,44,-9,79,-10,-24,-1026,148
-11,-260,41,-12,78,-11,-21,-1028,147
-11,-264,42,-16,78,-10,-27,-1031,151
-11,-263,45,-19,78,-10,-27,-1032,148
-11,-262,44,-21,81,-11,-29,-1034,147
-16,-260,45,-21,83,-10,-27,-1032,147
-15,-263,45,-24,84,-8,-26,-1037,146
-13,-262,45,-25,82,-8,-23,-1042,151
-16,-261,43,-24,84,-8,-31,-1035,145
-14,-262,42,-25,81,-7,-30,-1038,148
-13,-261,46,-26,79,-7,-22,-1034,148
-12,-262,42,-25,75,-6,-28,-1036,148
-12,-264,42,-24,74,-6,-24,-1049,146
-13,-261,41,-24,73,-5,-23,-1035,146
-12,-262,47,-24,75,-6,-26,-1033,147
-12,-262,40,-25,76,-8,-29,-1036,145
-14,-260,42,-28,76,-8,-29,-1038,145
-16,-262,41,-30,76,-9,-26,-1035,140
-14,-264,43,-30,76,-7,-25,-1047,142
-9,-261,42,-29,76,-9,-24,-1043,140
-13,-261,38,-26,75,-7,-21,-1036,140
-12,-262,41,-27,73,-8,-24,-1035,138
-13,-263,43,-25,72,-9,-21,-1036,136
-12,-261,40,-24,72,-9,-21,-1038,138
-12,-264,43,-24,71,-6,-26,-1032,138
-14,-260,46,-22,71,-6,-24,-1029,137
-12,-261,43,-21,70,-4,-21,-1042,140
-11,-267,43,-21,69,-3,-23,-1037,142
-10,-264,42,-18,67,-2,-24,-1033,140
-12,-262,39,-16,66,-1,-20,-1054,141
-14,-267,41,-14,65,2,-21,-1047,134
-12,-261,43,-11,64,3,-24,-1040,138
-12,-263,39,-10,63,4,-25,-1037,137
-14,-261,43,-6,60,5,-25,-1037,134
-17,-260,37,-2,59,6,-26,-1035,134
-13,-261,39,1,58,6,-30,-1034,140
-14,-260,38,2,55,6,-32,-1030,138
-14,-259,43,2,54,5,-22,-1028,137
-12,-263,42,2,53,3,-27,-1029,139
-14,-259,42,1,54,3,-21,-1034,141
-13,-261,42,-1,57,1,-25,-1034,141
-12,-259,41,-2,58,1,-27,-1030,143
-10,-260,41,-5,60,-2,-21,-1028,144
-14,-264,42,-4,61,-3,-23,-1036,143
-9,-261,46,-5,63,-4,-25,-1037,142
-11,-261,44,-5,65,-1,-21,-1033,141
-15,-260,43,-5,66,-3,-21,-1030,143
-12,-263,42,-4,65,-3,-19,-1033,143
-15,-262,45,-3,66,-3,-23,-1031,142
-8,-261,41,-4,67,-3,-25,-1031,135
-11,-262,46,-2,66,-2,-18,-1032,141
-12,-261,42,-5,65,-3,-16,-1029,141
-11,-257,41,-6,65,-4,-18,-1026,141
-10,-260,39,-9,68,-4,-17,-1026,145
-12,-262,43,-10,68,-4,-12,-1028,142
-14,-263,49,-13,68,-7,-22,-1030,140
-11,-261,46,-14,69,-5,-16,-1038,143
-11,-261,44,-16,70,-6,-22,-1028,144
-13,-260,43,-15,69,-8,-24,-1031,141
-14,-262,42,-16,70,-7,-18,-1034,141
-11,-262,44,-18,68,-6,-22,-1033,141
-12,-261,44,-17,69,-8,-19,-1030,142
-14,-260,41,-19,69,-8,-21,-1033,143
-11,-261,47,-21,69,-9,-21,-1031,146
-13,-260,43,-24,70,-8,-17,-1031,146
-9,-260,44,-27,71,-8,-20,-1028,145
-8,-261,43,-28,70,-9,-16,-1034,140
-11,-265,44,-31,71,-8,-14,-1038,145
-10,-261,44,-32,72,-10,-24,-1034,147
-11,-264,42,-34,73,-10,-22,-1029,145
-12,-262,43,-36,74,-9,-21,-1035,146
-12,-263,44,-37,75,-9,-21,-1033,147
-13,-261,42,-36,74,-9,-26,-1032,148
-11,-259,41,-34,72,-11,-20,-1033,144
-5,-264,39,-32,71,-10,-19,-1035,145
-11,-262,45,-30,72,-11,-24,-1036,142
-14,-263,42,-31,74,-11,-20,-1032,141
-13,-262,46,-32,77,-10,-24,-1033,143
-14,-263,46,-32,77,-10,-27,-1041,147
-14,-259,46,-31,78,-10,-25,-1034,144
-12,-264,41,-29,80,-9,-25,-1039,146
-14,-262,46,-28,81,-9,-22,-1037,145
-13,-263,42,-26,82,-9,-18,-1034,146
-13,-260,41,-23,82,-8,-16,-1032,141
-11,-260,44,-21,82,-8,-23,-1036,142
-13,-262,41,-23,83,-7,-19,-1030,146
-11,-262,46,-26,84,-9,-16,-1032,144
-9,-265,44,-28,83,-9,-16,-1036,144
-9,-263,42,-30,84,-9,-17,-1041,143
-10,-262,43,-30,83,-7,-21,-1053,141
-11,-263,42,-30,83,-7,-17,-1037,142
-15,-261,44,-27,85,-8,-20,-1054,140
-11,-263,40,-24,85,-8,-23,-1039,145
-13,-261,43,-22,86,-8,-27,-1043,146
-11,-264,42,-21,86,-10,-27,-1038,151
-13,-262,47,-20,86,-11,-28,-1038,147
-10,-265,40,-14,86,-11,-27,-1039,147
-13,-262,41,-6,86,-9,-28,-1030,141
-11,-259,46,0,86,-10,-22,-1032,142
-12,-259,45,0,85,-10,-21,-1029,144
-14,-258,43,-3,84,-8,-25,-1026,145
-12,-261,42,-10,86,-9,-17,-1024,149
-9,-262,44,-15,89,-10,-19,-1029,148
-11,-259,45,-21,93,-10,-21,-1032,150
-11,-258,45,-23,95,-11,-17,-1031,153
-10,-261,46,-24,94,-12,-14,-1033,149
-11,-259,43,-26,92,-10,-18,-1033,147
-12,-260,40,-25,91,-10,-21,-1034,147
-12,-261,47,-26,91,-9,-21,-1034,147
-11,-264,44,-27,93,-10,-19,-1034,142
-13,-263,45,-28,93,-8,-22,-1037,142
-13,-265,43,-29,92,-8,-27,-1033,139
-13,-263,43,-28,93,-7,-27,-1033,142
-15,-260,41,-27,92,-6,-30,-1035,142
-14,-260,42,-25,92,-5,-31,-1035,141
-12,-262,46,-25,90,-5,-32,-1032,140
-16,-262,42,-25,90,-6,-29,-1031,143
-15,-262,39,-25,88,-3,-26,-1043,145
-12,-264,46,-25,86,-4,-23,-1035,142
-12,-263,41,-24,82,-2,-24,-1032,144
-12,-260,45,-24,81,-3,-27,-1042,139
-11,-264,44,-21,78,-2,-20,-1043,141
-13,-261,44,-20,79,-1,-21,-1039,143
-12,-263,43,-21,79,-1,-25,-1035,142
-11,-264,42,-21,77,0,-20,-1039,143
-13,-262,39,-22,76,0,-18,-1044,139
-13,-259,43,-23,77,-1,-19,-1044,139
-12,-262,45,-25,77,-3,-23,-1032,142
-14,-264,46,-27,79,-4,-23,-1036,142
-11,-261,40,-30,80,-5,-25,-1038,145
-11,-262,44,-29,80,-6,-20,-1036,142
-12,-263,41,-30,81,-6,-21,-1045,140
-14,-260,43,-27,79,-5,-27,-1044,141
-12,-264,45,-25,78,-6,-25,-1036,134
-10,-264,40,-25,78,-6,-24,-1033,142
-12,-262,43,-24,78,-3,-22,-1033,137
-13,-261,41,-23,79,-4,-22,-1030,142
-13,-261,45,-24,77,-4,-22,-1032,134
-10,-260,43,-25,78,-5,-25,-1029,138
-14,-263,41,-24,80,-4,-23,-1037,136
-9,-263,42,-23,80,-3,-21,-1027,143
-12,-261,41,-21,80,-2,-26,-1029,141
-12,-264,40,-20,79,-2,-24,-1031,140
-13,-262,42,-19,76,-2,-22,-1030,139
-11,-257,43,-19,75,-1,-18,-1033,138
-11,-260,41,-21,74,0,-20,-1028,140
-11,-262,43,-20,74,-1,-22,-1038,142
-14,-260,41,-21,74,1,-25,-1031,140
-13,-262,43,-22,74,0,-27,-1035,137
-11,-261,42,-23,73,1,-24,-1032,137
-12,-262,42,-24,74,-1,-22,-1031,141
-15,-260,40,-23,75,-2,-26,-1036,139
-16,-262,36,-24,75,-2,-27,-1035,141
-11,-259,43,-23,76,0,-21,-1035,138
-15,-261,38,-23,78,-2,-26,-1033,139
-13,-263,45,-23,78,-4,-24,-1047,135
-17,-258,40,-22,78,-4,-28,-1033,137
-14,-262,40,-22,77,-5,-24,-1035,135
-13,-264,38,-23,77,-5,-23,-1042,137
-11,-264,45,-22,77,-5,-28,-1037,139
-12,-266,43,-21,79,-3,-26,-1050,139
-13,-265,37,-18,78,-2,-26,-1045,138
-11,-265,41,-14,78,-2,-20,-1039,133
-10,-264,38,-9,77,-3,-19,-1045,133
-9,-263,41,-6,76,-2,-20,-1039,138
-15,-265,39,-4,76,-3,-21,-1034,133
-12,-265,39,-4,77,-3,-16,-1033,134
-12,-261,39,-4,77,-3,-20,-1034,138
-12,-261,39,-5,78,-5,-18,-1031,139
-15,-259,39,-5,78,-3,-21,-1030,134
-10,-262,40,-7,78,-4,-26,-1034,139
-12,-261,43,-8,77,-5,-32,-1037,139
-14,-262,37,-10,77,-5,-22,-1029,135
-15,-260,36,-12,76,-3,-23,-1034,137
-14,-262,39,-12,76,-3,-30,-1037,139
-16,-263,45,-12,76,-3,-25,-1035,139
-11,-265,41,-11,76,-3,-26,-1036,137
-12,-264,38,-10,73,-2,-27,-1037,140
-12,-262,41,-8,73,-2,-29,-1034,136
-13,-262,42,-6,69,-2,-31,-1038,131
-13,-264,43,-4,68,-1,-32,-1042,140
-13,-262,43,-3,68,-1,-32,-1036,138
-11,-265,44,-3,68,-1,-31,-1039,135
-8,-262,40,-2,66,1,-24,-1034,137
-14,-265,44,-2,67,0,-32,-1037,133
-15,-264,40,-1,67,0,-29,-1046,135
-15,-262,44,0,67,0,-34,-1035,136
-13,-264,42,3,65,0,-30,-1045,145
-14,-264,41,4,65,1,-27,-1044,143
-15,-267,43,3,65,1,-27,-1031,145
-14,-263,42,3,64,-1,-27,-1034,143
-12,-263,40,2,65,1,-29,-1036,140
-12,-261,47,-1,65,-1,-29,-1033,141
-13,-263,41,-3,63,1,-26,-1034,140
-13,-263,45,-3,61,1,-25,-1035,135
-10,-265,42,-5,61,1,-22,-1040,138
-10,-261,42,-4,60,1,-21,-1041,134
-11,-260,37,-5,62,1,-23,-1031,131
-10,-264,44,-6,64,1,-24,-1032,134
-13,-262,38,-4,66,1,-25,-1035,135
-13,-264,42,-3,66,-1,-26,-1036,138
-12,-261,43,-1,67,-1,-23,-1034,143
-13,-265,43,0,65,-1,-23,-1036,141
-13,-262,40,6,61,-3,-27,-1032,137
-14,-259,46,13,62,-1,-21,-1030,137
-11,-259,41,19,64,-2,-22,-1027,133
-11,-264,41,20,66,-3,-16,-1026,139
-12,-260,41,18,65,-3,-20,-1031,139
-10,-261,35,13,65,-2,-21,-1034,142
-9,-261,43,6,67,-4,-15,-1028,144
-10,-263,42,2,71,-5,-17,-1036,143
-13,-258,47,1,75,-5,-19,-1031,147
-14,-262,46,-1,75,-5,-16,-1035,150
-11,-262,46,0,74,-4,-22,-1030,149
-11,-262,44,1,75,-3,-25,-1037,145
-12,-260,43,1,73,-4,-23,-1032,145
-8,-265,40,1,72,-3,-29,-1034,141
-13,-261,42,-1,72,-4,-26,-1024,142
-15,-258,45,-4,70,-2,-30,-1028,144
-13,-263,44,-5,69,-2,-33,-1031,144
-13,-259,39,-7,70,-2,-31,-1027,142
-18,-261,46,-9,70,-1,-35,-1037,143
-17,-261,44,-9,69,0,-36,-1037,144
-18,-261,42,-9,69,0,-36,-1031,143
-16,-263,43,-9,67,1,-33,-1036,146
-12,-265,45,-9,65,0,-29,-1040,142
-16,-262,46,-9,64,0,-33,-1040,141
-12,-266,41,-8,62,-1,-32,-1039,140
-13,-262,42,-7,59,-1,-28,-1036,140
-14,-260,47,-5,58,0,-26,-1040,139
-15,-264,43,-4,58,1,-28,-1036,140
-10,-265,43,-3,58,0,-28,-1048,140
-12,-264,44,-2,57,0,-29,-1049,145
-11,-262,44,-2,59,-1,-20,-1044,143
-11,-264,41,-4,60,-1,-25,-1041,142
-11,-264,39,-4,59,-1,-25,-1039,143
-14,-265,44,-5,58,-2,-27,-1039,143
-12,-263,45,-4,58,-3,-27,-1034,142
