ADXL345 X,ADXL345 Y,ADXL345 Z,rotation X,rotation Y,rotation Z,MMA8451Q X,MMA8451Q Y,MMA8451Q Z
-12,-254,-57,-7,75,-4,-19,-993,-243
-15,-255,-53,-7,74,-5,-19,-989,-247
-14,-254,-55,-8,73,-4,-19,-988,-243
-13,-256,-53,-8,72,-3,-19,-989,-242
-11,-255,-53,-7,71,-3,-17,-991,-244
-14,-257,-53,-9,72,-3,-17,-988,-244
-12,-256,-57,-11,71,-2,-21,-992,-244
-12,-254,-54,-12,70,0,-19,-984,-252
-12,-253,-56,-15,70,-1,-18,-986,-247
-12,-255,-56,-16,71,-1,-17,-991,-245
-12,-255,-53,-19,70,-3,-21,-984,-249
-12,-255,-56,-22,71,-3,-21,-983,-250
-14,-253,-57,-23,71,-1,-19,-984,-249
-15,-253,-55,-24,72,-1,-19,-985,-248
-14,-255,-54,-26,73,-1,-18,-983,-241
-14,-247,-45,-26,75,-2,-18,-982,-245
-13,-254,-57,-28,75,-2,-21,-986,-247
-13,-254,-55,-27,75,-3,-20,-988,-243
-12,-256,-58,-29,75,-4,-20,-985,-240
-12,-255,-56,-29,76,-3,-25,-996,-247
-13,-255,-51,-30,75,-3,-12,-987,-245
-11,-256,-57,-29,77,-5,-19,-992,-251
-13,-256,-57,-28,77,-4,-17,-990,-249
-9,-255,-55,-28,79,-2,-18,-982,-251
-14,-253,-58,-25,79,-4,-19,-992,-246
-11,-256,-54,-23,78,-1,-17,-987,-246
-13,-255,-53,-18,77,-1,-19,-986,-246
-13,-256,-56,-15,76,-1,-21,-992,-244
-14,-254,-56,-13,76,0,-16,-990,-243
-11,-257,-56,-13,76,2,-17,-988,-244
-13,-254,-55,-16,77,3,-17,-995,-251
-12,-256,-53,-19,75,4,-17,-995,-244
-12,-256,-54,-21,73,4,-20,-996,-250
-14,-255,-54,-24,72,5,-19,-993,-245
-12,-259,-54,-23,71,5,-23,-992,-247
-11,-257,-53,-22,71,5,-16,-997,-240
-12,-257,-55,-17,71,4,-19,-996,-240
-12,-257,-52,-14,73,2,-19,-996,-245
-12,-256,-53,-11,74,3,-21,-995,-238
-15,-255,-57,-9,76,2,-18,-998,-249
-10,-257,-58,-10,77,1,-18,-994,-238
-12,-257,-55,-12,76,0,-18,-995,-246
-10,-258,-55,-12,77,-1,-17,-993,-241
-12,-256,-52,-13,76,-1,-18,-985,-241
-12,-255,-55,-14,75,-1,-21,-988,-238
-10,-258,-54,-15,76,-1,-16,-995,-240
-13,-256,-57,-16,76,-3,-17,-996,-244
-11,-259,-51,-17,78,-1,-17,-988,-243
-9,-258,-55,-16,77,-4,-19,-983,-244
-10,-256,-51,-16,76,-4,-14,-987,-243
-13,-256,-54,-16,76,-4,-18,-988,-246
-11,-253,-56,-14,77,-3,-18,-985,-244
-10,-256,-55,-16,78,-6,-17,-987,-240
-12,-252,-54,-15,78,-3,-14,-982,-241
-11,-256,-54,-15,77,-4,-17,-985,-246
-11,-254,-58,-18,78,-4,-20,-986,-244
-12,-256,-58,-18,77,-2,-17,-984,-242
-14,-255,-56,-19,78,-3,-20,-985,-247
-12,-256,-56,-21,77,-5,-17,-988,-248
-13,-257,-57,-22,77,-4,-18,-990,-243
-12,-254,-57,-22,75,-4,-22,-988,-247
-10,-256,-56,-22,75,-3,-19,-990,-245
-9,-256,-56,-19,75,-3,-19,-991,-244
-12,-255,-56,-18,75,-3,-18,-993,-249
-9,-256,-54,-16,76,-2,-19,-996,-246
-13,-256,-56,-15,77,-2,-19,-995,-247
-14,-257,-54,-14,77,-2,-23,-991,-245
-11,-259,-55,-12,77,0,-21,-994,-239
-11,-257,-56,-11,75,0,-20,-997,-244
-13,-261,-56,-9,76,-1,-17,-997,-245
-11,-256,-56,-8,76,-1,-18,-994,-238
-9,-256,-56,-8,76,-1,-16,-998,-241
-12,-255,-51,-7,77,-1,-16,-998,-240
-12,-256,-53,-6,76,-3,-15,-995,-239
-13,-255,-54,-5,75,-1,-14,-994,-238
-11,-257,-57,-5,77,-1,-16,-994,-240
-13,-256,-51,-4,76,-1,-19,-997,-246
-11,-254,-54,-6,74,-1,-16,-987,-241
-8,-255,-54,-6,74,-1,-16,-992,-242
-12,-254,-50,-7,73,1,-16,-988,-242
-11,-255,-50,-6,75,0,-15,-988,-239
-12,-256,-57,-6,75,-1,-14,-986,-240
-12,-252,-52,-4,76,-1,-16,-988,-245
-12,-255,-54,-5,76,-1,-11,-987,-240
-11,-256,-56,-8,76,-1,-19,-984,-250
-12,-254,-53,-11,77,-2,-19,-985,-241
-12,-255,-56,-13,77,-2,-17,-985,-239
-13,-253,-53,-16,76,-3,-21,-985,-237
-12,-256,-54,-17,76,-3,-20,-988,-240
-12,-254,-53,-19,76,-3,-24,-991,-245
-13,-256,-54,-21,76,-3,-19,-986,-243
-13,-256,-55,-21,76,-3,-19,-989,-243
-15,-255,-54,-20,77,-3,-22,-995,-240
-12,-256,-55,-19,79,-3,-18,-990,-247
-11,-256,-52,-18,80,-3,-17,-992,-250
-13,-256,-56,-18,83,-3,-23,-991,-249
-13,-255,-55,-18,82,-4,-21,-990,-250
-14,-255,-57,-18,81,-2,-16,-988,-244
-12,-258,-55,-17,80,-3,-17,-990,-248
-12,-256,-57,-15,80,-4,-15,-986,-243
-10,-257,-54,-12,78,-3,-18,-989,-246
-13,-254,-53,-11,78,-4,-19,-985,-248
-11,-259,-58,-9,77,-3,-19,-986,-245
-12,-256,-56,-8,74,-1,-17,-990,-248
-12,-256,-55,-7,73,-2,-17,-988,-248
-9,-258,-56,-7,70,-2,-15,-991,-244
-13,-255,-58,-6,71,-2,-18,-987,-239
-11,-256,-55,-6,70,-2,-18,-997,-234
-10,-256,-54,-7,72,-2,-16,-991,-238
-14,-254,-54,-8,72,-1,-16,-995,-238
-14,-255,-50,-8,71,-1,-13,-996,-236
-11,-256,-55,-9,72,-1,-19,-996,-240
-9,-256,-54,-10,74,-2,-17,-985,-242
-15,-255,-57,-10,76,0,-19,-992,-243
-13,-255,-55,-11,78,-1,-22,-997,-247
-12,-257,-53,-10,80,-1,-19,-994,-249
-12,-258,-52,-8,81,-3,-18,-993,-243
-14,-257,-54,-5,81,-2,-24,-992,-240
-13,-256,-53,-1,83,-3,-16,-993,-248
-13,-256,-56,3,82,-2,-17,-989,-242
-10,-256,-52,4,81,-2,-18,-993,-242
-14,-257,-55,5,81,-4,-19,-988,-245
-10,-258,-56,6,78,-2,-20,-994,-246
-14,-254,-57,5,77,-3,-17,-987,-248
-11,-256,-53,2,74,-3,-20,-989,-246
-11,-255,-53,0,72,-3,-19,-989,-247
-12,-255,-56,-2,72,-4,-15,-988,-248
-12,-255,-56,-3,73,-5,-20,-984,-245
-15,-255,-55,-4,72,-3,-20,-990,-245
-15,-256,-53,-4,74,-4,-17,-988,-249
-12,-256,-55,-3,73,-4,-22,-987,-245
-14,-254,-56,-2,75,-3,-20,-988,-248
-11,-256,-54,-1,78,-2,-24,-991,-245
-13,-256,-53,1,78,-4,-20,-988,-248
-10,-255,-57,2,76,-4,-19,-988,-245
-11,-252,-54,3,75,-3,-20,-988,-250
-11,-253,-56,4,76,-3,-19,-992,-250
-9,-257,-56,4,76,-3,-21,-983,-249
-11,-257,-52,5,75,-3,-19,-989,-242
-12,-253,-55,5,75,-1,-19,-988,-243
-11,-254,-56,5,75,-2,-19,-989,-244
-16,-255,-53,4,75,-3,-16,-987,-241
-10,-255,-53,4,76,-2,-21,-986,-244
-12,-255,-54,4,75,-3,-15,-983,-238
-12,-254,-53,3,75,-2,-15,-984,-235
-10,-256,-52,3,75,-1,-16,-985,-241
-9,-254,-55,2,75,-1,-16,-986,-237
-12,-253,-53,-2,75,0,-17,-985,-235
-11,-255,-51,-6,74,1,-16,-989,-237
-13,-255,-57,-10,74,1,-16,-988,-241
-13,-256,-57,-15,71,0,-16,-989,-243
-14,-255,-53,-17,71,-1,-17,-990,-239
-13,-256,-53,-19,70,1,-20,-991,-244
-15,-255,-53,-20,68,1,-19,-994,-247
-14,-254,-55,-20,68,1,-17,-988,-247
-15,-257,-54,-21,70,-1,-16,-990,-249
-12,-256,-55,-20,71,1,-18,-987,-241
-11,-258,-54,-20,73,0,-21,-993,-248
-9,-254,-53,-19,75,-1,-17,-993,-247
-12,-255,-50,-18,75,-1,-16,-996,-243
-14,-254,-56,-18,77,-2,-11,-992,-248
-12,-256,-53,-18,78,-3,-11,-991,-245
-13,-255,-57,-18,80,-3,-16,-986,-245
-10,-254,-55,-18,79,-1,-15,-987,-249
-12,-257,-56,-15,79,-1,-21,-985,-247
-9,-255,-55,-13,79,-1,-18,-987,-247
-12,-256,-57,-10,81,-2,-15,-992,-244
-13,-256,-51,-8,80,-2,-15,-993,-245
-13,-254,-57,-6,77,-2,-18,-992,-246
-13,-252,-58,-6,75,-3,-16,-988,-243
-12,-258,-55,-5,74,-2,-19,-989,-243
-12,-256,-55,-6,75,-1,-14,-988,-244
-12,-255,-54,-10,75,-2,-18,-988,-246
-11,-254,-56,-14,74,-1,-18,-985,-244
-12,-255,-53,-16,74,-2,-17,-983,-240
-12,-254,-57,-19,73,-1,-13,-984,-240
-11,-256,-53,-20,74,-1,-16,-988,-239
-12,-256,-54,-20,73,-1,-18,-988,-240
-12,-257,-54,-21,73,0,-15,-988,-240
-13,-256,-56,-18,72,-2,-14,-994,-239
-10,-256,-56,-16,70,-2,-19,-992,-235
-12,-257,-53,-16,70,0,-18,-993,-240
-12,-257,-56,-15,70,-1,-17,-992,-241
-11,-258,-54,-15,71,-1,-21,-991,-245
-13,-254,-56,-15,71,-1,-23,-995,-249
-14,-257,-56,-17,70,-2,-23,-997,-247
-12,-256,-58,-16,69,-1,-18,-991,-251
-13,-255,-57,-17,70,-2,-20,-991,-249
-12,-256,-55,-16,69,-3,-23,-989,-247
-14,-254,-54,-13,70,-2,-22,-993,-251
-13,-257,-58,-10,70,-2,-20,-994,-245
-15,-254,-51,-9,71,-4,-23,-995,-243
-12,-256,-55,-8,70,-3,-18,-991,-238
-11,-258,-51,-9,69,-5,-21,-986,-240
-11,-257,-55,-11,69,-4,-21,-992,-240
-12,-255,-55,-11,67,-5,-20,-992,-241
-12,-256,-52,-12,68,-6,-19,-994,-240
-12,-256,-56,-13,68,-6,-20,-990,-242
-12,-257,-55,-13,66,-6,-23,-989,-241
-12,-255,-54,-13,65,-5,-23,-986,-243
-13,-255,-56,-13,63,-5,-19,-990,-242
-11,-256,-57,-12,62,-5,-22,-995,-241
-13,-254,-56,-11,62,-7,-22,-992,-238
-13,-256,-56,-8,63,-5,-27,-992,-244
-12,-256,-54,-8,62,-5,-21,-990,-244
-11,-254,-54,-8,62,-5,-19,-986,-243
-15,-255,-54,-7,61,-5,-19,-985,-246
-12,-255,-55,-8,61,-5,-18,-984,-243
-12,-256,-53,-11,61,-6,-19,-985,-246
-13,-255,-54,-14,61,-5,-21,-985,-238
-13,-255,-55,-16,61,-3,-18,-984,-240
-11,-257,-51,-17,61,-3,-24,-986,-237
-11,-255,-52,-20,61,-3,-19,-989,-232
-12,-256,-54,-20,61,-4,-20,-992,-233
-11,-255,-49,-22,60,-6,-16,-993,-230
-13,-257,-53,-23,61,-6,-20,-998,-239
-13,-255,-55,-25,62,-5,-18,-994,-237
-13,-257,-55,-26,62,-5,-18,-995,-241
-16,-257,-52,-25,63,-5,-19,-991,-241
-12,-257,-53,-22,61,-6,-23,-995,-245
-14,-254,-55,-21,61,-5,-21,-986,-246
-13,-255,-54,-18,60,-5,-20,-996,-248
-13,-256,-58,-17,60,-4,-21,-994,-246
-14,-255,-52,-15,58,-4,-19,-996,-243
-10,-255,-55,-16,58,-5,-15,-994,-248
-10,-254,-55,-17,59,-6,-19,-988,-240
-12,-256,-56,-18,60,-5,-21,-995,-243
-13,-256,-55,-21,58,-4,-18,-996,-244
-14,-255,-55,-21,59,-5,-18,-993,-250
-14,-255,-55,-20,57,-5,-17,-990,-239
-14,-256,-56,-20,58,-4,-16,-989,-244
-13,-254,-55,-18,59,-5,-19,-984,-248
-13,-253,-56,-17,61,-5,-21,-980,-248
-13,-257,-57,-16,63,-5,-19,-988,-243
-14,-255,-56,-15,65,-4,-16,-985,-242
-10,-254,-52,-14,66,-5,-17,-985,-243
-13,-255,-51,-14,68,-6,-15,-981,-238
-12,-256,-57,-15,68,-5,-19,-982,-237
-15,-255,-53,-18,70,-4,-20,-979,-239
-13,-256,-54,-21,69,-4,-15,-987,-242
-10,-255,-58,-25,66,-6,-14,-987,-238
-12,-256,-55,-31,65,-4,-16,-985,-238
-13,-255,-56,-33,65,-3,-21,-985,-243
-13,-256,-54,-34,65,-4,-18,-990,-249
-14,-254,-54,-33,65,-3,-19,-986,-247
-14,-256,-55,-30,66,-3,-20,-988,-249
-11,-256,-54,-28,68,-3,-24,-993,-249
-11,-255,-56,-26,69,-3,-17,-989,-245
-12,-255,-55,-23,71,-3,-21,-990,-248
-11,-255,-56,-22,72,-3,-19,-984,-246
-16,-254,-59,-24,74,-2,-18,-991,-249
-12,-255,-57,-24,73,-1,-23,-988,-242
-13,-254,-59,-26,72,-2,-21,-986,-243
-13,-254,-56,-27,70,0,-16,-984,-247
-14,-256,-53,-28,69,-2,-25,-985,-243
-11,-256,-57,-27,67,-2,-17,-996,-248
-12,-256,-57,-25,66,-2,-19,-990,-244
-13,-255,-55,-25,62,-2,-16,-992,-247
-10,-254,-53,-25,63,-1,-13,-992,-245
-14,-255,-58,-24,62,-1,-17,-992,-243
-13,-255,-54,-25,61,-1,-16,-985,-238
-15,-254,-54,-26,61,-2,-22,-993,-247
-11,-257,-53,-27,63,-2,-20,-985,-240
-13,-256,-55,-31,63,-2,-20,-983,-236
-13,-252,-52,-32,65,-2,-18,-986,-240
-15,-255,-55,-34,67,-3,-20,-987,-244
-14,-256,-55,-35,70,-1,-17,-986,-243
-12,-254,-55,-36,73,-1,-20,-988,-239
-12,-257,-54,-36,73,0,-21,-990,-239
-13,-258,-55,-35,75,1,-22,-987,-240
-13,-256,-56,-36,74,2,-23,-996,-242
-12,-255,-56,-36,75,1,-20,-997,-244
-17,-257,-53,-36,73,1,-23,-988,-243
-13,-256,-55,-34,75,0,-17,-992,-243
-11,-257,-55,-32,75,1,-15,-997,-247
-14,-257,-55,-33,76,1,-20,-995,-243
-12,-256,-59,-32,77,1,-20,-999,-247
-13,-257,-52,-34,76,2,-19,-994,-253
-12,-256,-58,-35,74,0,-20,-993,-255
-14,-254,-57,-37,73,-1,-17,-995,-256
-11,-256,-60,-37,72,-2,-22,-988,-256
-11,-256,-59,-36,72,-3,-21,-993,-256
-14,-255,-55,-35,71,-3,-18,-984,-256
-12,-256,-60,-32,70,-3,-17,-988,-253
-12,-257,-63,-28,68,-4,-18,-994,-253
-15,-256,-55,-25,69,-5,-23,-987,-250
-14,-256,-59,-23,69,-4,-18,-993,-244
-13,-251,-53,-22,68,-5,-22,-986,-241
-11,-256,-55,-20,69,-4,-21,-992,-244
-12,-258,-52,-20,71,-3,-21,-989,-241
-13,-255,-54,-19,71,-4,-18,-989,-241
-13,-255,-55,-21,74,-4,-24,-985,-248
-14,-255,-57,-23,73,-4,-17,-985,-252
-11,-255,-54,-24,73,-5,-21,-987,-249
-13,-255,-58,-26,71,-4,-18,-987,-248
-12,-255,-55,-27,72,-1,-18,-985,-254
-11,-253,-56,-29,71,-2,-21,-983,-249
-12,-256,-57,-28,71,-4,-21,-989,-248
-8,-254,-54,-28,72,-4,-20,-985,-245
-12,-256,-55,-28,72,-3,-16,-983,-243
-12,-255,-53,-28,74,-2,-18,-987,-242
-13,-256,-57,-28,73,-2,-17,-983,-242
-10,-252,-56,-29,74,-4,-16,-984,-246
-11,-255,-56,-30,75,-4,-16,-982,-247
-12,-256,-56,-33,76,-4,-15,-983,-245
-11,-255,-55,-35,76,-4,-18,-986,-249
-11,-256,-59,-39,77,-3,-16,-989,-246
-9,-255,-58,-40,78,-3,-19,-986,-247
-12,-255,-59,-41,77,-4,-17,-988,-254
-10,-256,-56,-40,76,-3,-16,-989,-251
-11,-258,-59,-40,76,-2,-18,-988,-252
-15,-254,-55,-40,75,-2,-21,-984,-255
-12,-255,-58,-40,74,-2,-17,-990,-256
-10,-254,-58,-40,75,-2,-16,-988,-256
-11,-253,-55,-43,74,-3,-17,-987,-252
-11,-255,-55,-43,74,-2,-16,-985,-253
-13,-253,-57,-42,75,-4,-17,-983,-253
-13,-255,-58,-42,76,-1,-18,-986,-251
-11,-256,-57,-42,74,-1,-18,-988,-252
-11,-254,-58,-41,75,0,-20,-986,-248
-12,-255,-56,-42,74,-1,-18,-984,-249
-10,-255,-58,-42,76,1,-18,-985,-247
-11,-254,-56,-44,77,0,-17,-988,-243
-12,-255,-57,-44,79,-1,-18,-983,-241
-12,-252,-57,-47,80,0,-15,-985,-245
-10,-253,-56,-51,82,1,-11,-983,-250
-13,-255,-55,-52,82,0,-13,-985,-246
-11,-255,-56,-55,83,1,-17,-988,-249
-11,-256,-57,-55,83,-1,-17,-988,-251
-12,-254,-59,-57,81,1,-18,-989,-249
-12,-255,-57,-57,81,1,-21,-985,-254
-13,-255,-56,-57,82,1,-15,-993,-253
-12,-253,-56,-56,82,0,-15,-987,-252
-13,-255,-57,-57,82,-1,-18,-985,-253
-14,-252,-58,-57,82,0,-16,-985,-250
-11,-255,-57,-57,83,0,-17,-983,-252
-11,-254,-58,-57,84,0,-21,-984,-252
-12,-254,-56,-56,85,-2,-19,-987,-249
-12,-255,-56,-57,83,0,-20,-989,-251
-10,-254,-56,-58,81,0,-17,-985,-252
-14,-255,-55,-58,81,-1,-18,-989,-253
-13,-256,-59,-59,81,-2,-21,-989,-253
-14,-256,-57,-60,81,0,-21,-989,-255
-14,-254,-58,-61,80,-1,-24,-983,-251
-10,-256,-58,-60,79,-1,-23,-986,-259
-13,-256,-61,-59,79,-1,-26,-983,-259
-16,-256,-62,-58,79,-2,-25,-986,-259
-16,-253,-61,-55,79,-2,-24,-991,-263
-14,-254,-61,-53,80,-1,-23,-988,-260
-13,-255,-60,-49,78,-1,-22,-988,-258
-12,-254,-56,-46,76,-1,-22,-991,-257
-11,-256,-54,-40,76,-1,-19,-992,-257
-14,-254,-58,-34,76,-1,-19,-991,-260
-11,-256,-58,-30,74,-3,-24,-991,-258
-14,-255,-57,-26,74,-2,-16,-991,-257
-10,-255,-59,-25,73,-3,-16,-993,-257
-14,-255,-61,-22,74,-4,-22,-983,-256
-14,-256,-62,-22,73,-2,-18,-986,-265
-12,-255,-60,-22,73,-3,-18,-992,-262
-15,-256,-60,-19,72,-3,-24,-990,-267
-13,-251,-61,-18,73,-3,-19,-985,-260
-14,-254,-58,-18,73,-3,-22,-986,-264
-12,-256,-59,-15,74,-3,-20,-980,-255
-8,-254,-59,-13,74,-2,-17,-983,-257
-14,-250,-57,-10,75,-1,-21,-985,-255
-11,-254,-56,-9,76,-1,-24,-988,-249
-10,-254,-60,-9,76,-3,-19,-983,-254
-14,-256,-61,-8,76,-3,-17,-983,-255
-10,-256,-58,-11,75,-2,-19,-978,-256
-11,-253,-61,-12,75,-2,-19,-979,-257
-14,-253,-60,-14,75,-2,-19,-985,-254
-14,-254,-55,-16,73,-2,-18,-979,-256
-10,-254,-60,-17,73,-3,-17,-980,-260
-13,-252,-55,-19,71,-2,-19,-977,-262
-11,-254,-57,-19,73,-1,-19,-979,-264
-11,-256,-59,-20,72,0,-17,-984,-259
-13,-254,-56,-20,71,-1,-21,-980,-260
-13,-254,-61,-21,70,0,-18,-981,-256
-13,-254,-60,-22,70,2,-22,-981,-257
-15,-252,-59,-22,71,1,-17,-983,-257
-14,-254,-59,-23,72,1,-21,-984,-261
-13,-251,-59,-23,73,0,-21,-978,-258
-12,-255,-62,-23,72,0,-17,-984,-261
-13,-254,-59,-23,73,0,-17,-983,-264
-11,-256,-60,-22,74,1,-22,-984,-258
-10,-255,-58,-21,77,1,-17,-985,-263
-13,-256,-59,-21,79,0,-17,-983,-258
-13,-254,-60,-22,80,1,-18,-983,-255
-11,-256,-60,-22,80,1,-18,-981,-257
-12,-255,-55,-23,80,1,-18,-986,-257
-13,-257,-60,-25,80,0,-23,-984,-257
-13,-255,-60,-26,77,0,-19,-987,-259
-14,-255,-58,-29,75,1,-17,-985,-256
-12,-254,-59,-30,75,2,-17,-985,-265
-13,-255,-59,-30,75,2,-23,-985,-256
-15,-256,-60,-27,74,3,-23,-985,-258
-12,-253,-62,-26,76,3,-20,-988,-258
-13,-252,-62,-26,76,1,-21,-980,-260
-14,-254,-58,-24,79,3,-18,-985,-260
-13,-253,-59,-24,81,2,-19,-985,-266
-11,-254,-57,-24,81,2,-21,-979,-258
-13,-252,-58,-24,80,2,-14,-977,-261
-14,-253,-63,-24,79,1,-20,-978,-259
-13,-256,-62,-23,78,1,-23,-979,-256
-15,-253,-56,-22,80,2,-21,-978,-265
-12,-254,-60,-23,79,2,-20,-976,-265
-13,-253,-62,-22,80,4,-19,-979,-269
-13,-251,-59,-23,79,3,-18,-984,-267
-11,-253,-60,-25,80,4,-20,-979,-267
-13,-253,-60,-27,80,4,-17,-980,-270
-9,-254,-61,-29,80,5,-16,-981,-270
-12,-254,-60,-32,79,6,-20,-980,-270
-9,-253,-60,-34,79,7,-16,-973,-273
-13,-253,-60,-37,79,8,-16,-975,-272
-12,-251,-62,-41,79,7,-16,-974,-268
-9,-255,-59,-44,80,8,-15,-979,-269
-12,-251,-59,-44,82,9,-17,-981,-273
-11,-253,-60,-46,83,10,-15,-979,-266
-12,-253,-58,-48,83,10,-22,-977,-268
-14,-254,-64,-47,83,9,-22,-986,-268
-11,-254,-61,-47,84,11,-18,-986,-268
-13,-255,-64,-48,83,11,-22,-984,-275
-13,-255,-63,-48,81,12,-20,-982,-276
-10,-255,-61,-47,83,12,-21,-988,-270
-12,-256,-64,-45,84,12,-22,-986,-280
-15,-251,-61,-43,82,10,-22,-982,-275
-13,-255,-58,-42,80,9,-26,-981,-280
-13,-254,-62,-40,79,9,-24,-979,-277
-13,-250,-65,-39,76,8,-23,-978,-287
-12,-251,-62,-40,76,7,-26,-967,-291
-13,-250,-64,-40,77,6,-23,-967,-290
-14,-252,-67,-43,77,5,-22,-965,-294
-15,-252,-68,-46,77,4,-26,-961,-295
-13,-250,-64,-49,79,3,-25,-962,-298
-14,-245,-67,-53,82,3,-21,-959,-297
-14,-243,-68,-57,83,3,-18,-957,-298
-14,-244,-66,-60,86,4,-21,-950,-297
-11,-246,-65,-66,86,5,-23,-952,-296
-15,-244,-64,-71,89,4,-19,-949,-296
-9,-247,-65,-78,91,3,-17,-948,-298
-11,-245,-67,-83,92,3,-19,-949,-292
-12,-245,-68,-89,90,4,-13,-951,-289
-9,-245,-67,-95,90,4,-17,-948,-295
-11,-244,-65,-101,88,5,-17,-946,-293
-11,-245,-65,-109,85,7,-16,-953,-294
-10,-244,-64,-115,81,6,-17,-947,-299
-10,-245,-71,-124,80,8,-19,-950,-297
-10,-244,-65,-132,80,8,-19,-949,-303
-11,-245,-66,-142,81,8,-17,-946,-306
-11,-245,-67,-150,82,9,-13,-947,-310
-10,-245,-68,-158,84,8,-19,-946,-309
-13,-245,-70,-162,86,9,-17,-947,-314
-14,-241,-71,-165,86,8,-22,-942,-312
-15,-243,-70,-168,83,7,-20,-950,-309
-14,-243,-66,-170,81,6,-23,-947,-307
-13,-244,-71,-169,79,8,-21,-939,-320
-14,-241,-70,-168,80,7,-25,-942,-310
-11,-243,-69,-168,80,7,-22,-942,-315
-15,-241,-71,-168,84,9,-17,-941,-313
-10,-240,-74,-167,89,8,-23,-940,-312
-10,-239,-72,-168,97,8,-18,-934,-314
-8,-242,-77,-170,101,9,-17,-937,-312
-11,-240,-72,-173,106,8,-13,-938,-316
-9,-240,-72,-177,110,7,-11,-933,-321
-10,-239,-72,-183,111,7,-12,-934,-325
-10,-241,-73,-190,113,5,-13,-934,-327
-10,-238,-76,-198,114,5,-15,-933,-331
-12,-238,-74,-209,111,3,-13,-927,-332
-11,-238,-76,-219,108,3,-14,-928,-336
-11,-237,-77,-228,103,4,-14,-928,-343
-12,-238,-74,-235,99,2,-18,-926,-346
-13,-236,-77,-240,91,3,-17,-926,-347
-11,-239,-79,-243,87,2,-19,-915,-343
-9,-238,-79,-244,81,2,-18,-915,-344
-11,-239,-77,-244,76,3,-21,-911,-337
-13,-235,-74,-240,71,-1,-22,-905,-341
-15,-232,-77,-235,70,0,-23,-900,-341
-10,-231,-73,-232,71,-2,-27,-899,-335
-13,-231,-76,-229,72,-2,-20,-895,-336
-13,-232,-78,-227,77,-5,-24,-894,-341
-10,-232,-78,-227,79,-9,-19,-888,-336
-14,-229,-76,-232,79,-11,-20,-889,-340
-13,-227,-74,-239,78,-12,-23,-884,-339
-12,-226,-78,-247,74,-17,-19,-881,-343
-15,-225,-79,-258,70,-18,-20,-880,-344
-13,-227,-77,-271,64,-22,-27,-881,-343
-14,-225,-76,-282,59,-23,-28,-880,-346
-13,-226,-76,-295,55,-26,-29,-882,-344
-13,-227,-81,-308,53,-30,-27,-884,-349
-13,-225,-80,-319,53,-34,-25,-885,-349
-11,-228,-80,-328,55,-39,-21,-885,-351
-11,-229,-77,-335,58,-44,-20,-889,-350
-11,-228,-77,-340,62,-49,-27,-889,-351
-11,-229,-79,-344,65,-55,-21,-890,-355
-9,-227,-80,-348,71,-63,-23,-892,-355
-13,-231,-80,-350,76,-69,-23,-887,-358
-10,-229,-79,-353,80,-74,-16,-889,-362
-12,-227,-84,-354,83,-78,-22,-880,-363
-10,-227,-86,-358,87,-80,-16,-876,-363
-8,-223,-83,-363,93,-83,-16,-877,-361
-7,-225,-81,-368,98,-80,-12,-875,-362
-8,-226,-81,-370,99,-76,-14,-878,-353
-8,-225,-75,-369,98,-71,-8,-874,-345
-10,-223,-75,-365,93,-63,-10,-875,-332
-11,-223,-73,-358,87,-58,-10,-878,-334
-9,-221,-77,-355,80,-49,-10,-870,-332
-7,-223,-75,-357,74,-40,-7,-865,-340
-7,-222,-76,-365,68,-32,-10,-862,-352
-11,-218,-82,-374,63,-24,-10,-856,-359
-9,-217,-82,-390,60,-15,-8,-853,-357
-10,-218,-86,-408,57,-8,-15,-853,-365
-8,-216,-85,-425,54,-2,-14,-848,-364
-10,-217,-86,-442,49,1,-13,-852,-369
-11,-222,-82,-455,44,5,-12,-849,-370
-11,-219,-86,-464,37,9,-18,-855,-371
-9,-216,-85,-469,30,13,-16,-853,-368
-12,-219,-80,-472,21,12,-19,-849,-366
-13,-217,-82,-473,16,9,-19,-849,-358
-13,-217,-81,-473,11,5,-23,-851,-352
-14,-216,-77,-472,9,-2,-24,-845,-350
-15,-214,-77,-469,10,-11,-25,-838,-347
-16,-211,-81,-469,13,-20,-34,-837,-353
-19,-212,-81,-472,18,-30,-34,-838,-358
-14,-213,-81,-481,24,-41,-37,-837,-357
-14,-213,-80,-494,29,-54,-34,-831,-365
-13,-214,-84,-509,29,-65,-29,-840,-369
-16,-212,-87,-526,26,-76,-36,-839,-367
-14,-217,-82,-543,22,-82,-35,-841,-374
-16,-216,-89,-561,13,-86,-33,-849,-381
-16,-220,-87,-577,6,-87,-29,-854,-387
-13,-223,-86,-594,-2,-87,-32,-861,-391
-15,-220,-88,-607,-11,-82,-33,-864,-393
-16,-223,-90,-619,-20,-76,-29,-871,-394
-14,-227,-92,-628,-28,-69,-33,-879,-393
-14,-226,-92,-637,-35,-64,-27,-880,-401
-13,-228,-96,-642,-42,-56,-27,-888,-402
-14,-226,-94,-646,-48,-48,-21,-881,-407
-11,-227,-94,-647,-53,-44,-20,-886,-414
-11,-229,-94,-646,-54,-39,-18,-888,-419
-11,-234,-98,-646,-50,-36,-17,-893,-422
-9,-232,-104,-644,-44,-34,-15,-890,-449
-7,-228,-104,-644,-33,-34,-6,-890,-444
-8,-227,-104,-643,-21,-37,-8,-890,-456
-7,-231,-102,-643,-11,-42,-6,-888,-459
-9,-230,-103,-642,-2,-48,-4,-889,-457
-6,-230,-103,-638,0,-53,-12,-884,-458
-8,-227,-104,-632,-4,-58,-12,-881,-451
-8,-229,-99,-622,-13,-62,-6,-879,-445
-6,-226,-102,-606,-25,-64,-17,-871,-429
-9,-225,-98,-587,-37,-65,-12,-872,-430
-13,-225,-94,-567,-46,-65,-16,-871,-426
-11,-225,-97,-544,-52,-63,-22,-866,-421
-13,-223,-100,-523,-55,-60,-21,-862,-423
-14,-223,-97,-506,-54,-58,-19,-862,-431
-11,-218,-103,-493,-50,-55,-18,-860,-451
-12,-220,-105,-485,-47,-52,-19,-865,-456
-12,-223,-106,-481,-43,-49,-21,-859,-462
-10,-221,-110,-479,-37,-45,-14,-855,-469
-9,-220,-113,-477,-34,-41,-17,-855,-474
-13,-218,-113,-476,-31,-41,-18,-854,-479
-12,-220,-117,-477,-30,-39,-19,-849,-485
-11,-219,-113,-477,-33,-40,-15,-852,-485
-9,-214,-112,-478,-37,-39,-16,-840,-484
-8,-219,-117,-477,-42,-39,-10,-843,-478
-10,-217,-113,-476,-44,-41,-4,-849,-481
-9,-220,-111,-471,-46,-41,-2,-842,-478
-8,-217,-111,-466,-43,-44,-5,-845,-478
-7,-218,-111,-455,-34,-46,-4,-844,-480
-6,-217,-108,-445,-22,-50,-3,-851,-480
-8,-219,-113,-432,-9,-53,-3,-843,-477
-9,-219,-110,-421,1,-55,-1,-852,-480
-5,-220,-114,-408,10,-57,-3,-846,-485
-7,-218,-112,-395,17,-57,-2,-847,-488
-8,-219,-114,-384,24,-58,-5,-845,-487
-11,-220,-114,-374,27,-56,-9,-847,-501
-9,-218,-117,-364,27,-56,-13,-849,-501
-10,-221,-120,-355,25,-54,-8,-852,-513
-8,-222,-119,-346,21,-50,-9,-852,-509
-9,-219,-120,-335,13,-45,-15,-852,-510
-11,-220,-116,-320,6,-38,-14,-850,-509
-11,-220,-119,-301,-1,-32,-13,-857,-508
-9,-222,-118,-277,-4,-24,-6,-854,-506
-7,-223,-119,-253,-3,-20,-4,-850,-500
-9,-221,-115,-222,1,-18,-3,-853,-496
-7,-220,-113,-188,11,-18,-3,-846,-500
-5,-221,-117,-149,27,-19,-4,-857,-488
-3,-220,-113,-108,41,-21,-2,-848,-492
-4,-223,-111,-63,57,-27,3,-846,-490
-3,-218,-111,-19,70,-35,8,-846,-487
-6,-219,-112,24,81,-44,7,-845,-485
-3,-220,-113,63,90,-49,11,-846,-484
-5,-216,-116,98,98,-55,6,-839,-477
-1,-218,-111,128,103,-60,20,-846,-481
-5,-216,-106,154,105,-66,8,-838,-468
-3,-216,-110,176,101,-71,10,-837,-476
-4,-216,-112,191,95,-74,6,-837,-477
-3,-216,-109,204,83,-76,9,-835,-477
-9,-214,-105,218,72,-76,-1,-831,-477
-7,-215,-111,232,59,-72,-6,-830,-476
-9,-216,-110,248,46,-66,-12,-841,-473
-15,-215,-109,263,34,-59,-14,-841,-477
-14,-217,-112,287,24,-53,-20,-848,-478
-13,-222,-111,314,19,-46,-21,-857,-474
-13,-223,-113,345,15,-42,-35,-865,-478
-15,-225,-110,376,14,-35,-29,-872,-475
-14,-229,-112,407,16,-26,-34,-884,-476
-14,-232,-112,438,23,-17,-36,-887,-480
-14,-228,-108,462,32,-9,-35,-888,-473
-12,-235,-107,487,40,-3,-26,-886,-464
-18,-228,-103,513,47,-1,-29,-883,-462
-17,-225,-106,541,54,3,-42,-882,-457
-13,-225,-103,571,58,6,-32,-871,-449
-16,-223,-100,604,61,6,-27,-864,-439
-10,-220,-96,636,66,4,-19,-863,-436
-11,-220,-100,668,71,-3,-16,-862,-429
-8,-220,-98,693,75,-12,-13,-855,-429
-9,-218,-103,717,77,-24,1,-855,-437
-5,-221,-103,736,82,-35,8,-856,-437
1,-222,-102,747,87,-48,12,-852,-448
-1,-220,-106,753,92,-60,13,-856,-448
-5,-222,-101,756,89,-74,12,-860,-451
-5,-223,-100,760,82,-86,12,-862,-452
-6,-222,-104,763,73,-93,11,-863,-443
-4,-223,-99,765,60,-98,12,-866,-443
-4,-221,-100,762,50,-105,8,-864,-440
-8,-218,-99,758,42,-110,-3,-863,-429
-7,-221,-103,752,38,-111,-6,-861,-429
-7,-220,-102,741,39,-113,-14,-860,-433
-8,-220,-101,732,45,-114,-5,-860,-448
-9,-221,-104,719,55,-118,-10,-857,-459
-9,-218,-108,703,72,-119,-17,-857,-460
-11,-221,-104,686,88,-121,-14,-860,-464
-11,-223,-107,669,100,-121,-15,-864,-467
-13,-224,-107,649,108,-122,-23,-873,-467
-13,-223,-110,630,112,-120,-21,-877,-459
-14,-225,-102,612,106,-118,-25,-881,-452
-13,-229,-99,600,91,-114,-24,-885,-430
-17,-229,-95,601,71,-111,-32,-890,-406
-16,-230,-89,613,50,-101,-34,-890,-389
-16,-230,-80,633,31,-90,-38,-899,-373
-16,-231,-87,654,13,-87,-44,-904,-365
-16,-232,-81,673,1,-85,-44,-894,-358
-17,-233,-80,687,-5,-81,-48,-897,-359
-15,-231,-82,690,-3,-82,-39,-901,-367
-17,-230,-84,684,2,-86,-38,-896,-371
-20,-226,-88,668,6,-89,-42,-889,-383
-21,-230,-85,638,6,-93,-47,-894,-394
-15,-227,-95,592,3,-93,-45,-889,-410
-11,-232,-91,531,-5,-92,-20,-895,-410
-10,-229,-93,460,-10,-92,-17,-899,-410
-8,-233,-95,392,-10,-94,-6,-905,-410
-2,-235,-93,336,-3,-98,6,-912,-405
-2,-240,-96,285,5,-101,16,-930,-413
-3,-242,-92,240,12,-103,20,-936,-414
-5,-243,-97,195,20,-100,21,-943,-414
-2,-247,-92,150,27,-90,17,-947,-412
-6,-244,-96,107,33,-79,10,-954,-413
-7,-246,-93,65,34,-68,10,-957,-413
-6,-248,-94,28,34,-58,3,-960,-407
-9,-249,-92,-6,25,-46,5,-963,-402
-10,-249,-93,-36,15,-30,-1,-967,-399
-11,-254,-87,-61,-1,-13,-11,-976,-396
-12,-256,-89,-79,-17,0,-16,-988,-385
-12,-257,-90,-89,-34,12,-21,-996,-383
-17,-258,-85,-91,-47,21,-31,-999,-393
-15,-261,-90,-83,-50,28,-35,-1005,-378
-20,-260,-85,-69,-49,32,-46,-1007,-382
-28,-260,-90,-61,-48,33,-64,-1001,-381
-25,-258,-90,-63,-44,41,-83,-1020,-403
-21,-263,-88,-74,-32,53,-61,-1011,-390
-18,-256,-95,-80,-31,42,-46,-993,-406
-24,-253,-104,-93,-60,17,-59,-982,-433
-24,-253,-106,-126,-91,1,-63,-980,-461
-21,-252,-106,-175,-103,-8,-58,-980,-463
-13,-250,-108,-227,-95,-19,-44,-971,-462
-8,-248,-110,-272,-65,-33,-19,-964,-468
-7,-249,-110,-308,-18,-45,0,-961,-467
-3,-250,-112,-340,28,-63,11,-961,-472
-5,-247,-111,-377,58,-80,21,-961,-480
-5,-250,-107,-427,70,-92,20,-960,-480
-2,-248,-110,-482,67,-96,22,-964,-469
-2,-246,-107,-532,55,-91,23,-959,-458
-2,-251,-107,-571,40,-84,22,-964,-455
-2,-259,-103,-601,23,-74,32,-984,-457
-3,-262,-102,-617,-7,-56,34,-1025,-455
-5,-275,-103,-628,-50,-33,37,-1058,-468
-1,-278,-107,-635,-90,0,25,-1076,-468
0,-274,-105,-627,-141,22,27,-1065,-453
-1,-279,-102,-577,-162,32,28,-1071,-453
-5,-279,-101,-503,-164,44,16,-1077,-458
-8,-272,-110,-427,-153,47,31,-1067,-462
-11,-278,-111,-360,-137,46,-14,-1067,-474
-10,-275,-111,-307,-131,64,-4,-1060,-483
-9,-266,-116,-274,-131,78,-7,-1046,-511
-22,-262,-118,-263,-134,85,-38,-1012,-511
-13,-260,-119,-258,-136,99,-23,-1010,-514
-12,-259,-117,-253,-126,102,-29,-1006,-496
-10,-258,-111,-242,-111,101,-9,-999,-481
-4,-255,-109,-224,-94,88,3,-978,-467
-6,-260,-102,-203,-72,73,-3,-997,-439
1,-256,-106,-174,-55,62,23,-987,-452
0,-254,-105,-150,-31,34,30,-976,-457
-11,-255,-103,-134,1,16,-7,-983,-447
-1,-254,-102,-120,26,11,46,-971,-452
-1,-256,-102,-112,42,8,18,-978,-446
-7,-255,-103,-81,37,27,8,-984,-443
4,-252,-106,-32,29,42,28,-978,-461
0,-251,-114,3,30,40,-4,-964,-481
-6,-251,-115,17,43,49,-8,-960,-488
-17,-252,-114,25,52,64,-43,-976,-471
-11,-251,-107,43,54,85,-6,-971,-468
-25,-250,-108,60,56,80,-67,-976,-465
-15,-253,-116,73,62,86,-47,-966,-473
-17,-252,-111,79,66,91,-50,-970,-475
-25,-256,-102,88,63,96,-75,-981,-450
-12,-250,-114,111,57,108,6,-974,-475
-20,-251,-114,112,55,89,-37,-970,-496
-23,-258,-110,99,61,85,-72,-978,-490
-21,-254,-113,98,61,99,-35,-982,-480
-31,-258,-111,121,51,101,-85,-982,-468
-17,-250,-113,167,29,111,-29,-957,-486
-22,-250,-115,197,12,93,-59,-957,-493
-19,-242,-114,208,9,80,-25,-948,-505
-23,-243,-120,195,11,62,-50,-939,-499
-13,-245,-106,179,12,57,-39,-946,-479
-16,-248,-105,182,9,50,-31,-953,-461
-12,-249,-107,204,4,44,-23,-952,-456
-10,-244,-110,222,9,22,-24,-939,-471
-17,-249,-104,225,26,11,-30,-950,-455
-16,-244,-105,244,42,9,-29,-946,-466
-16,-250,-110,262,52,13,-31,-954,-472
-4,-244,-111,288,68,16,-18,-948,-488
-16,-244,-110,305,86,14,-24,-944,-484
-4,-240,-111,328,101,21,0,-926,-484
-12,-245,-114,336,118,15,-11,-937,-469
-9,-242,-112,339,134,15,1,-949,-477
1,-245,-110,339,158,14,38,-948,-477
-15,-249,-96,331,186,1,-28,-962,-423
-14,-253,-96,355,195,10,-18,-963,-425
-12,-248,-98,396,192,10,2,-958,-423
-16,-247,-98,431,182,7,-14,-953,-430
-20,-246,-97,457,170,7,-45,-955,-417
-16,-253,-95,482,151,13,-48,-963,-425
-12,-253,-98,510,133,14,-30,-967,-436
-21,-246,-101,529,122,5,-60,-952,-435
-17,-250,-99,530,121,-1,-43,-961,-419
-18,-253,-99,537,118,-5,-55,-963,-414
-17,-256,-96,546,108,-9,-54,-973,-405
-27,-257,-91,558,103,-21,-68,-988,-399
-20,-254,-88,578,102,-17,-58,-984,-378
-16,-260,-88,608,89,-12,-47,-998,-378
-15,-257,-90,634,76,-14,-29,-1001,-397
-14,-259,-92,652,70,-15,-24,-1006,-398
-10,-259,-89,667,75,-19,-14,-1006,-393
-9,-267,-89,677,87,-26,2,-1022,-392
-5,-262,-93,688,108,-35,9,-1018,-400
-6,-264,-95,693,131,-47,-11,-1013,-393
-3,-265,-89,706,150,-52,9,-1031,-389
-4,-267,-88,725,167,-63,10,-1025,-394
-6,-268,-86,742,185,-74,13,-1044,-392
-7,-269,-86,756,200,-84,2,-1052,-381
-5,-269,-86,772,216,-93,7,-1034,-384
-5,-272,-85,786,232,-99,-1,-1050,-373
-8,-270,-87,803,243,-102,9,-1059,-370
-5,-270,-81,816,249,-107,9,-1062,-359
-4,-274,-81,826,253,-113,1,-1064,-358
-8,-275,-78,834,255,-119,-2,-1066,-357
-9,-276,-77,839,251,-123,-9,-1068,-348
-10,-274,-78,847,240,-129,-14,-1065,-351
-11,-271,-80,849,222,-132,-13,-1062,-354
-16,-270,-80,847,197,-132,-17,-1063,-353
-16,-272,-80,839,169,-132,-24,-1060,-355
-15,-268,-75,829,139,-133,-29,-1053,-346
-17,-267,-75,816,117,-135,-32,-1041,-340
-17,-265,-73,805,93,-137,-33,-1039,-324
-17,-267,-72,798,77,-138,-25,-1040,-321
-11,-265,-71,791,65,-139,-11,-1039,-312
-17,-269,-69,786,54,-137,-1,-1036,-298
-6,-266,-67,782,46,-135,3,-1036,-298
-7,-269,-64,784,40,-130,12,-1044,-287
0,-270,-66,788,36,-126,15,-1049,-285
-3,-268,-65,793,37,-124,15,-1051,-287
-3,-268,-63,801,37,-125,20,-1054,-292
4,-267,-62,811,43,-128,30,-1049,-289
-4,-255,-69,830,46,-140,32,-985,-296
-8,-254,-68,852,39,-153,5,-986,-310
-3,-264,-67,868,40,-159,5,-1023,-313
1,-284,-60,884,75,-157,16,-1099,-257
-5,-300,-40,921,142,-157,11,-1175,-185
-1,-320,-31,980,204,-162,23,-1235,-157
3,-328,-34,1027,254,-163,35,-1268,-152
4,-335,-36,1071,293,-154,53,-1309,-150
4,-352,-30,1115,320,-141,56,-1353,-148
4,-359,-28,1167,336,-124,59,-1393,-147
4,-369,-26,1222,347,-108,49,-1431,-140
3,-373,-32,1277,357,-95,44,-1442,-151
0,-372,-39,1332,374,-94,39,-1458,-177
-5,-377,-45,1379,398,-93,24,-1460,-202
3,-370,-43,1404,432,-103,50,-1445,-225
2,-362,-55,1408,470,-125,52,-1419,-242
4,-353,-57,1386,511,-154,46,-1379,-237
4,-341,-50,1349,550,-177,52,-1324,-224
6,-325,-44,1310,581,-193,56,-1277,-212
9,-313,-40,1279,600,-200,81,-1223,-188
12,-295,-36,1266,609,-208,63,-1167,-174
11,-285,-32,1257,615,-215,94,-1118,-168
7,-273,-32,1255,610,-224,64,-1068,-148
9,-260,-36,1256,605,-216,84,-1010,-138
6,-243,-25,1243,591,-213,68,-933,-131
11,-231,-24,1218,568,-206,72,-907,-114
7,-216,-17,1188,553,-202,58,-842,-115
0,-216,-20,1152,530,-195,58,-844,-83
-1,-193,4,1108,511,-189,18,-765,-26
-5,-188,3,1058,463,-179,15,-745,-13
-5,-187,6,1011,415,-168,22,-754,5
-6,-196,6,941,373,-158,4,-758,34
-8,-190,31,879,345,-144,9,-755,70
-4,-196,28,837,304,-130,23,-776,85
-6,-201,34,803,273,-124,-1,-796,119
-8,-216,47,777,257,-113,1,-837,153
-15,-229,47,775,249,-101,3,-896,180
-8,-241,45,794,251,-97,-4,-938,185
-4,-251,60,805,272,-92,1,-984,209
-12,-269,45,825,300,-86,-8,-1048,199
-15,-275,65,840,350,-78,-13,-1064,235
-12,-294,66,872,393,-64,-13,-1110,252
-8,-306,74,935,425,-44,-7,-1164,293
-3,-310,78,1028,450,-21,9,-1183,288
-2,-314,86,1133,470,1,15,-1219,310
7,-315,87,1257,485,22,61,-1218,319
6,-314,86,1388,497,33,59,-1208,321
15,-306,85,1519,505,42,88,-1181,310
15,-297,85,1636,510,53,98,-1153,310
19,-289,78,1730,508,66,108,-1132,294
14,-278,76,1785,500,75,108,-1104,284
24,-274,68,1792,483,92,128,-1080,267
24,-261,65,1756,460,104,137,-1045,252
25,-248,63,1680,425,110,135,-1014,238
22,-242,65,1569,383,107,139,-975,241
23,-237,59,1438,342,104,133,-941,231
19,-232,60,1295,299,96,123,-939,227
12,-228,63,1142,252,89,101,-909,223
10,-227,61,991,203,84,83,-908,240
6,-228,64,852,157,79,57,-910,243
4,-229,68,728,110,78,46,-908,260
0,-230,72,629,69,77,35,-920,269
1,-234,73,558,36,76,28,-936,279
0,-237,74,503,6,74,21,-932,277
-8,-236,70,446,-38,73,3,-921,266
-9,-239,74,399,-75,75,-4,-917,275
-11,-239,73,376,-95,78,-11,-931,283
-12,-241,77,371,-104,84,-21,-943,283
-12,-242,81,373,-107,86,-25,-950,293
-14,-246,83,378,-107,89,-37,-945,304
-16,-244,79,381,-99,91,-32,-957,306
-18,-243,87,373,-86,90,-37,-957,317
-17,-246,87,356,-69,89,-42,-959,327
-18,-244,89,329,-53,88,-31,-957,325
-16,-245,87,295,-40,89,-32,-957,332
-12,-246,89,266,-29,88,-28,-962,337
-14,-242,91,229,-20,90,-28,-958,340
-14,-245,94,200,-16,90,-21,-960,348
-14,-241,96,180,-12,92,-22,-959,359
-9,-251,93,170,-11,94,-18,-956,361
-12,-245,99,170,-9,98,-20,-948,366
-9,-241,100,174,-11,98,-11,-947,365
-7,-243,97,182,-12,97,-3,-947,359
-7,-243,94,190,-14,94,-6,-944,362
-9,-242,91,192,-15,92,-2,-944,358
-8,-241,92,188,-15,88,3,-949,345
-6,-240,91,182,-15,82,-2,-952,343
-6,-242,90,167,-14,75,8,-945,336
-6,-240,94,153,-16,71,0,-945,337
-9,-242,92,133,-14,65,4,-940,331
-6,-241,94,112,-12,60,4,-948,336
-6,-244,89,89,-5,54,-1,-946,342
-6,-243,93,65,5,47,6,-952,353
-8,-241,94,43,18,41,1,-957,352
-6,-246,97,24,30,37,4,-962,357
-6,-246,96,13,41,33,7,-962,366
-8,-246,99,5,49,29,6,-960,370
-3,-247,96,0,52,26,2,-959,369
-6,-247,98,0,50,26,2,-955,367
-8,-244,96,-5,47,25,2,-953,364
-6,-242,95,-9,39,24,5,-959,357
-1,-246,93,-18,33,24,0,-953,348
-5,-245,93,-31,24,26,3,-949,333
-2,-243,89,-43,18,24,3,-950,336
-4,-242,87,-54,14,24,5,-949,330
-4,-244,84,-64,15,22,7,-949,321
-4,-241,86,-71,22,21,11,-949,320
-5,-245,85,-79,30,20,14,-952,312
-1,-243,89,-89,40,19,24,-956,317
-1,-246,89,-98,50,16,30,-957,322
2,-246,86,-108,59,13,33,-960,327
0,-250,93,-115,68,11,31,-969,337
3,-246,92,-121,75,8,34,-969,340
4,-251,89,-122,82,8,37,-970,343
1,-251,93,-120,87,6,46,-976,337
5,-254,89,-120,89,6,45,-986,329
6,-254,88,-119,90,6,50,-995,333
5,-253,87,-115,87,7,58,-995,327
5,-256,87,-112,78,8,53,-992,322
5,-256,87,-105,68,11,52,-999,316
4,-257,83,-99,54,15,52,-1002,304
3,-256,81,-92,42,18,46,-1000,296
2,-256,79,-88,33,25,44,-1002,294
-3,-256,78,-82,26,32,34,-994,291
1,-255,74,-75,23,43,30,-995,282
2,-255,75,-71,25,53,34,-998,274
4,-256,75,-70,30,60,36,-1001,272
1,-258,74,-72,29,63,36,-1013,269
2,-258,69,-79,19,62,35,-1011,265
-2,-259,69,-87,9,58,27,-1011,257
-1,-260,70,-94,3,54,31,-1015,257
-2,-258,67,-102,-2,50,20,-1013,248
-1,-260,70,-108,-5,49,18,-1013,243
-4,-261,70,-116,-3,48,18,-1015,245
-5,-261,66,-121,0,46,13,-1022,243
-4,-261,64,-130,4,44,13,-1017,247
-2,-261,70,-137,8,42,11,-1026,236
-3,-259,66,-145,16,38,18,-1022,238
-3,-261,66,-148,26,34,12,-1015,240
-3,-260,61,-150,39,31,18,-1017,236
-1,-260,63,-149,52,28,13,-1017,238
-5,-262,63,-150,65,23,11,-1018,232
-4,-261,66,-152,77,17,12,-1018,231
-2,-259,64,-155,87,13,17,-1020,231
-8,-258,60,-158,95,7,11,-1014,236
-2,-261,63,-158,98,2,17,-1018,231
-4,-261,62,-155,102,-3,20,-1013,231
-2,-259,63,-145,105,-5,21,-1013,231
-3,-259,63,-133,108,-6,24,-1015,230
0,-259,63,-118,109,-8,27,-1016,232
1,-260,63,-103,110,-9,33,-1017,233
-1,-259,61,-89,112,-7,28,-1015,230
4,-259,61,-75,111,-7,36,-1015,219
2,-261,64,-64,110,-2,37,-1008,224
4,-262,62,-55,108,1,33,-1008,219
1,-260,61,-49,105,8,31,-1017,211
0,-259,61,-45,100,13,32,-1022,213
-4,-259,61,-42,93,20,28,-1022,215
0,-262,63,-40,89,27,27,-1027,222
-5,-263,63,-36,82,34,20,-1030,230
-5,-265,65,-29,78,41,15,-1041,238
-2,-267,68,-21,75,46,9,-1045,242
-4,-269,66,-11,70,48,9,-1050,248
-5,-264,67,1,68,51,6,-1050,248
-4,-267,67,13,65,51,0,-1049,247
-8,-268,65,24,63,50,7,-1045,249
-8,-259,69,32,61,50,2,-1042,243
-6,-263,67,36,60,48,1,-1045,245
-5,-265,64,37,59,46,-1,-1029,238
-8,-262,64,34,60,41,-5,-1039,235
-8,-263,66,31,61,37,-7,-1026,235
-7,-262,65,28,62,33,-5,-1024,238
-7,-263,66,23,65,27,-4,-1031,235
-7,-259,66,20,68,21,-2,-1023,245
-14,-261,65,16,70,16,-3,-1024,245
-9,-262,70,13,73,10,-6,-1019,246
-10,-261,67,12,76,5,-10,-1016,252
-9,-261,69,13,80,0,-6,-1010,258
-11,-258,71,14,82,-3,-7,-1005,257
-12,-256,70,15,84,-7,-5,-1004,259
-8,-254,71,16,85,-8,-6,-1000,259
-10,-256,69,16,87,-10,-9,-999,256
-10,-255,68,15,88,-12,-9,-996,257
-8,-255,72,14,90,-13,-7,-995,265
-11,-252,69,15,93,-13,-10,-992,264
-9,-253,77,17,91,-10,-9,-994,274
-10,-255,75,21,86,-6,-4,-995,277
-11,-253,77,26,77,-3,-4,-984,283
-9,-252,80,34,65,0,-5,-987,288
-7,-254,79,42,55,3,4,-984,289
-8,-252,78,50,49,6,-2,-990,289
-6,-253,78,56,44,8,4,-987,288
-6,-252,76,58,43,9,0,-985,279
-6,-255,77,54,43,8,4,-985,279
-5,-255,73,45,48,7,2,-987,277
-8,-254,74,33,54,8,6,-988,274
-5,-254,75,21,59,6,4,-985,277
-6,-254,76,10,65,3,7,-994,273
-6,-254,76,1,69,0,12,-997,272
-6,-255,75,-2,72,-1,8,-1000,275
-5,-256,72,-4,76,-4,10,-999,277
-4,-257,73,-1,80,-8,9,-1003,273
-8,-255,72,2,82,-9,6,-1001,268
-3,-260,72,3,83,-12,7,-1000,271
-8,-255,72,3,81,-14,10,-1003,260
-6,-257,69,0,77,-15,8,-1008,261
-4,-258,69,-1,75,-17,3,-1003,264
-5,-256,70,-3,71,-17,1,-1006,259
-8,-259,70,-5,69,-17,4,-1010,263
-5,-257,68,-4,69,-17,3,-1001,260
-5,-256,72,-3,68,-16,5,-1006,260
-8,-256,73,-2,69,-15,6,-1005,264
-8,-258,73,-1,70,-14,6,-1004,267
-5,-256,69,-2,72,-13,1,-1006,270
-8,-257,71,-2,70,-11,7,-1004,266
-5,-259,72,-4,69,-10,6,-999,269
-9,-257,73,-3,67,-10,8,-1009,261
-4,-255,68,-2,65,-10,11,-1001,263
-4,-258,66,-3,60,-8,9,-1007,261
-4,-257,71,-2,56,-8,11,-1006,258
-6,-257,71,-3,54,-9,7,-1003,256
-4,-256,69,-3,53,-8,9,-1004,259
-4,-257,71,-2,54,-10,13,-1004,262
-4,-259,69,-1,53,-9,11,-1007,265
-7,-257,67,3,53,-7,9,-1004,265
-3,-258,69,8,51,-7,8,-1010,267
-6,-258,72,12,52,-6,12,-1006,269
-3,-260,74,16,54,-5,8,-1009,269
-4,-258,72,17,57,-6,11,-1004,264
-5,-259,69,19,59,-5,12,-1006,265
-3,-257,73,20,61,-5,11,-1007,263
-1,-258,73,22,63,-3,13,-1001,267
-4,-256,74,23,67,-2,20,-1006,266
-2,-256,70,24,65,-3,22,-1004,268
-1,-255,70,26,64,-4,21,-1005,267
-2,-256,72,26,61,-5,22,-1003,264
-2,-255,72,26,60,-5,23,-999,266
-1,-256,70,26,57,-6,21,-1004,267
-3,-257,72,24,58,-8,17,-1003,264
-4,-255,71,24,60,-8,20,-998,268
-7,-256,73,23,60,-5,18,-1000,268
-4,-258,77,23,59,-4,13,-1001,273
-4,-256,75,24,57,-4,17,-1001,274
-6,-255,76,24,54,-2,12,-996,278
-3,-258,77,25,51,-2,9,-1001,280
-5,-255,77,26,50,-1,14,-993,286
-6,-255,73,24,49,-1,7,-993,282
-3,-256,77,22,52,-2,10,-995,281
-5,-256,72,18,59,-4,11,-990,275
-6,-255,75,13,64,-8,6,-999,270
-4,-257,73,6,71,-10,9,-997,273
-4,-254,73,-2,75,-12,7,-998,268
-3,-256,76,-6,78,-13,18,-995,272
-5,-257,72,-11,81,-15,15,-996,271
-3,-255,73,-12,83,-16,13,-995,279
-3,-259,74,-13,82,-15,12,-997,279
-6,-255,71,-13,79,-14,15,-996,280
-3,-256,71,-12,76,-11,13,-987,279
-5,-255,76,-11,74,-11,12,-997,279
-5,-252,74,-10,72,-11,11,-994,283
-6,-254,76,-9,69,-10,13,-994,284
-2,-257,74,-7,67,-10,10,-994,285
-2,-256,77,-5,63,-10,15,-1000,282
-5,-256,74,-2,63,-11,13,-999,282
-3,-257,75,1,65,-11,12,-996,282
-4,-256,76,3,67,-11,15,-996,279
-3,-256,73,2,69,-12,13,-998,279
-5,-253,78,-2,70,-14,14,-1000,281
-3,-257,73,-7,73,-15,13,-1000,276
-2,-258,77,-11,73,-14,15,-998,276
0,-258,78,-13,73,-11,16,-1003,280
-7,-255,79,-14,73,-11,11,-995,277
-1,-253,75,-14,71,-10,20,-1000,276
-6,-254,73,-14,66,-10,17,-995,277
-4,-257,74,-13,60,-8,13,-1000,272
-8,-254,74,-13,58,-10,15,-997,274
-5,-255,73,-14,57,-9,14,-1000,270
-5,-255,71,-15,58,-9,16,-998,265
-2,-257,73,-22,61,-10,21,-1000,270
-2,-258,76,-26,65,-9,15,-1006,269
-4,-256,71,-31,67,-9,17,-1005,270
-2,-257,73,-35,68,-9,13,-1005,271
-3,-260,77,-37,68,-8,11,-1002,272
-4,-255,75,-37,71,-7,16,-1008,277
-1,-256,75,-33,71,-6,18,-1004,279
-7,-257,72,-30,72,-6,14,-1008,281
-4,-257,78,-26,72,-6,15,-1000,274
-2,-258,75,-23,72,-7,15,-1004,270
-4,-256,75,-24,70,-6,21,-1011,269
-3,-256,71,-23,72,-7,12,-1004,267
-3,-257,72,-26,72,-7,11,-1003,260
-2,-257,72,-31,72,-7,14,-1006,266
-4,-256,70,-33,72,-7,14,-1002,257
-4,-254,71,-36,72,-6,15,-1011,259
-4,-256,70,-37,73,-5,14,-1008,260
-3,-258,71,-36,72,-4,13,-1004,261
-6,-261,73,-33,71,-4,10,-1006,263
-5,-256,72,-29,70,-3,10,-1007,265
-3,-258,72,-25,71,-3,12,-1005,272
-8,-257,73,-20,71,-3,16,-1006,270
-2,-258,73,-16,73,0,12,-1005,273
-4,-259,73,-12,74,2,12,-1005,274
-6,-257,72,-10,74,3,5,-1000,272
-3,-257,72,-8,71,3,7,-1002,273
-4,-256,70,-6,70,6,12,-1002,272
-4,-256,73,-7,68,6,11,-1003,266
-4,-255,71,-8,67,7,13,-1000,264
-3,-256,74,-10,65,8,17,-1004,269
-4,-254,69,-11,67,7,20,-1003,261
-7,-255,72,-11,66,7,17,-1005,269
-4,-257,72,-9,65,6,17,-1002,268
-6,-256,75,-7,64,4,14,-1000,271
-3,-257,70,-4,63,4,14,-1003,268
-1,-254,71,-1,63,1,12,-1001,270
-4,-257,71,0,64,0,10,-1005,274
0,-258,76,2,64,-2,15,-1005,273
-3,-257,67,3,67,-3,12,-1002,272
-2,-259,77,4,69,-3,12,-1003,268
-5,-256,71,2,74,-4,11,-1000,275
-5,-254,71,1,77,-3,10,-1004,272
-5,-256,74,-2,80,-4,13,-1000,271
-5,-257,77,-6,81,-4,11,-999,274
-5,-255,73,-7,84,-5,10,-1002,281
-2,-257,76,-8,84,-6,8,-1003,278
-7,-257,73,-8,82,-7,13,-1003,280
-3,-257,73,-6,79,-8,12,-1006,273
-6,-256,75,-5,78,-7,10,-1005,275
-4,-256,72,-4,75,-6,12,-1001,272
-2,-256,73,-4,74,-5,14,-997,271
-4,-257,73,-5,74,-5,9,-1002,271
-5,-258,74,-5,73,-4,9,-999,272
-2,-255,69,-5,72,-3,17,-998,275
-3,-255,75,-7,73,-3,10,-1000,272
-4,-257,75,-7,72,-3,8,-997,274
-7,-256,76,-6,73,-4,9,-1001,270
-4,-256,74,-5,71,-4,11,-1001,276
-4,-255,76,-2,71,-4,9,-998,277
-9,-257,70,1,71,-4,6,-999,276
-3,-257,72,2,71,-5,10,-996,275
-4,-256,72,5,74,-6,10,-991,278
-5,-255,74,4,76,-7,12,-993,273
-6,-253,72,4,79,-10,11,-991,271
-6,-253,71,2,80,-7,13,-999,270
-5,-254,72,-1,79,-9,16,-994,277
-6,-257,71,-3,76,-8,13,-991,269
-2,-257,76,-4,73,-7,8,-999,275
-6,-254,74,-5,69,-6,13,-997,276
-7,-254,75,-5,64,-3,7,-995,279
-6,-255,74,-5,61,-3,10,-1001,276
-5,-256,77,-5,60,-2,6,-1005,280
-4,-256,75,-4,60,-1,9,-1003,275
0,-257,75,-7,61,-1,5,-1003,278
-4,-256,71,-9,61,-1,8,-1003,274
-5,-256,78,-12,65,-3,12,-1002,270
-5,-256,74,-13,66,-4,13,-1012,268
-4,-255,71,-15,68,-4,13,-1003,267
-4,-257,77,-15,66,-5,17,-1002,265
-2,-255,74,-13,67,-7,17,-1005,272
-4,-257,72,-9,67,-6,9,-1008,266
-7,-266,73,-4,69,-7,10,-998,270
-4,-256,72,1,69,-7,12,-1001,274
-8,-255,73,4,72,-6,10,-996,274
-7,-256,72,6,74,-7,15,-999,271
-5,-256,72,6,74,-5,11,-1003,274
-4,-257,72,6,74,-5,11,-998,268
-6,-255,75,6,72,-5,13,-1003,276
-7,-256,73,6,71,-3,9,-1002,278
-3,-255,73,8,69,-3,9,-999,280
-7,-257,80,9,67,-1,14,-1006,279
-6,-258,74,10,65,-1,15,-1003,282
-3,-256,77,11,64,1,12,-1002,286
-4,-257,74,12,62,2,10,-996,287
-5,-256,79,12,61,5,8,-999,284
-2,-256,75,11,62,6,16,-997,281
-6,-256,73,8,63,5,17,-994,277
-5,-255,73,3,65,4,14,-1000,278
0,-255,75,-2,66,3,14,-996,276
-5,-255,74,-7,68,1,13,-1000,270
-4,-256,71,-11,67,1,13,-995,272
-1,-258,74,-17,70,-1,16,-997,274
-4,-256,79,-20,70,0,15,-999,275
-5,-256,75,-20,71,-1,11,-997,276
-5,-256,76,-20,70,-1,10,-999,277
-6,-256,79,-16,71,-2,11,-1003,280
-6,-256,78,-12,71,-1,10,-1003,281
-6,-260,79,-8,72,-1,15,-996,281
-7,-256,77,-4,70,0,12,-995,281
-5,-258,78,-2,68,-1,11,-1006,282
-4,-255,75,-1,64,0,9,-993,284
-5,-256,73,-3,61,-1,11,-998,280
-9,-255,76,-2,58,1,8,-1001,277
-8,-256,75,-3,53,2,8,-1002,276
-5,-256,72,-3,49,2,6,-1001,271
-4,-259,73,-4,47,1,8,-1001,272
-2,-256,74,-2,47,2,9,-999,276
-4,-258,74,1,48,1,11,-1003,274
-4,-259,76,3,48,2,12,-996,275
-5,-257,73,4,51,1,10,-999,273
-4,-255,71,8,54,1,11,-1002,275
-7,-254,77,9,56,0,9,-1004,277
-4,-256,75,8,59,-1,12,-1001,279
-3,-256,74,8,62,-1,14,-999,281
-6,-254,72,7,65,-2,12,-1001,286
-5,-256,78,5,65,-1,8,-1005,287
-3,-255,76,6,65,-2,13,-1000,281
-2,-257,76,6,66,-3,14,-1001,286
-6,-255,76,10,64,-2,13,-1002,285
-6,-254,75,13,59,-2,10,-996,285
-4,-256,77,15,56,-2,15,-1002,281
-1,-257,75,20,55,-2,12,-999,282
-3,-258,77,22,54,-3,15,-1000,283
-5,-255,77,24,57,-4,11,-1001,279
-3,-256,73,22,62,-4,19,-992,278
-4,-255,72,20,65,-5,13,-993,270
-5,-255,74,16,69,-5,14,-996,270
0,-255,74,11,71,-5,14,-995,273
-4,-253,75,2,72,-4,13,-993,270
-6,-255,75,-5,71,-3,10,-988,276
-5,-256,77,-10,67,-2,13,-996,280
-4,-255,79,-12,65,-2,13,-995,284
-6,-255,78,-11,63,0,16,-995,284
-5,-257,79,-8,59,0,9,-994,289
-5,-257,77,-3,59,0,9,-999,281
-6,-256,76,0,56,1,17,-1000,286
-5,-249,73,1,55,0,20,-1005,280
-4,-256,76,3,53,1,9,-998,277
-3,-256,75,1,54,2,13,-999,274
-3,-256,74,0,54,1,14,-999,273
-3,-256,73,-1,54,0,11,-999,279
-3,-258,72,-3,55,0,12,-1004,276
-5,-257,80,-4,55,-2,13,-1003,278
-5,-257,76,-3,55,-4,9,-1000,281
-8,-257,80,-4,56,-5,15,-1004,282
-2,-256,73,-2,57,-5,16,-999,282
-6,-255,77,-3,59,-4,9,-999,284
0,-255,75,-2,62,-5,13,-999,288
-3,-255,79,-7,63,-6,9,-1001,291
-5,-256,82,-9,63,-6,13,-1003,281
-6,-255,78,-10,65,-6,11,-998,281
-6,-254,76,-10,66,-6,13,-998,281
-4,-259,76,-9,68,-5,19,-996,284
-4,-257,76,-7,69,-5,10,-996,279
-5,-256,75,-6,70,-5,10,-997,278
-6,-255,74,-4,71,-5,18,-996,272
-2,-256,76,-3,71,-5,13,-998,273
-4,-251,77,-3,70,-6,13,-997,269
-1,-255,76,-4,71,-3,16,-997,274
-4,-256,76,-6,70,-2,10,-1000,275
-4,-252,75,-8,68,0,13,-997,277
-3,-256,78,-11,67,0,11,-993,276
-4,-255,73,-13,66,1,11,-997,284
-5,-255,75,-14,64,3,8,-996,287
-1,-256,77,-15,63,3,11,-1002,277
-5,-255,76,-17,63,3,8,-1001,284
-4,-257,77,-16,65,3,12,-1000,284
-4,-257,79,-15,64,4,13,-995,280
-7,-256,78,-14,65,4,10,-997,285
-4,-256,79,-13,67,3,7,-999,286
-5,-256,78,-12,67,2,12,-997,288
-4,-256,82,-12,67,0,8,-996,284
-5,-255,77,-12,66,-2,9,-999,293
-6,-256,77,-12,67,-2,10,-1000,285
-5,-254,77,-11,65,-3,13,-997,283
-5,-253,77,-8,64,-4,16,-997,283
-5,-255,77,-8,64,-4,10,-1002,283
-3,-257,77,-7,64,-3,9,-998,280
-6,-255,75,-6,64,-4,15,-996,281
-6,-255,71,-6,64,-2,12,-996,283
-5,-256,74,-6,63,-1,12,-995,280
-5,-256,79,-7,65,-2,16,-997,289
-5,-256,77,-8,66,-2,11,-996,287
-4,-255,77,-9,67,-1,10,-990,281
-1,-255,75,-11,68,-1,15,-1000,285
-5,-256,76,-12,65,-2,5,-996,280
-5,-258,79,-13,65,-2,12,-996,286
-2,-255,75,-13,64,-2,11,-999,281
-5,-255,78,-12,63,-1,18,-995,282
-3,-254,81,-10,65,-1,11,-994,279
-3,-253,75,-6,66,-2,12,-996,280
-4,-256,72,-4,67,-2,11,-993,282
-4,-255,77,-3,68,-3,13,-997,281
-4,-253,76,-3,67,-2,15,-993,285
0,-256,76,-3,65,-1,13,-994,284
-6,-256,76,-3,65,-2,10,-995,281
-7,-254,74,-4,64,-3,11,-997,287
-5,-256,77,-5,66,-3,14,-997,287
-5,-256,79,-4,66,-3,12,-998,283
-6,-255,78,-3,67,-4,11,-995,284
-3,-255,77,-3,69,-3,13,-999,281
-1,-253,77,-3,71,-5,14,-995,285
-4,-260,78,-3,74,-4,10,-994,282
-4,-256,77,-5,74,-6,16,-996,282
-4,-257,75,-9,76,-5,19,-994,277
-1,-255,76,-14,78,-5,22,-996,277
-2,-257,76,-19,79,-6,20,-993,276
-2,-256,75,-23,77,-5,21,-994,276
3,-253,79,-24,75,-4,25,-994,281
1,-258,72,-24,73,-2,23,-996,283
-1,-256,77,-23,73,-2,25,-993,284
-2,-256,77,-22,73,-1,25,-995,279
-5,-259,74,-22,76,0,21,-994,283
-3,-255,74,-23,76,2,23,-998,284
-3,-255,78,-24,77,3,18,-989,285
-3,-254,76,-25,77,5,16,-998,285
-4,-255,77,-25,80,7,22,-1000,283
-4,-256,76,-26,81,6,12,-993,284
-2,-255,80,-27,83,7,16,-1001,284
-4,-255,75,-28,83,7,17,-1000,286
0,-258,78,-31,80,7,11,-998,284
-4,-253,78,-35,73,9,15,-999,287
-2,-255,72,-39,67,11,10,-1001,287
-5,-255,80,-43,59,12,10,-1004,284
-8,-256,76,-48,52,15,11,-1004,284
-6,-256,76,-53,47,19,3,-1003,275
-6,-258,75,-59,43,19,6,-1006,267
-6,-257,71,-66,39,21,-1,-1006,270
-10,-257,77,-72,36,23,-1,-1009,272
-12,-256,74,-77,33,23,-9,-1013,270
-9,-259,77,-76,31,22,-10,-1011,268
-10,-260,70,-72,29,22,-10,-1010,271
-11,-261,73,-63,28,21,-16,-1011,268
-10,-258,73,-54,27,18,-17,-1007,265
-13,-257,68,-45,32,14,-17,-1009,260
-10,-257,72,-38,39,10,-17,-1012,256
-11,-259,71,-34,44,4,-14,-1011,252
-9,-258,71,-30,52,0,-15,-1010,253
-9,-258,66,-26,55,-5,-14,-1006,255
-12,-255,72,-22,58,-10,-11,-1007,262
-10,-259,70,-19,61,-14,-7,-1009,264
-10,-259,70,-14,63,-20,-9,-1010,267
-7,-259,75,-9,66,-23,-6,-1012,264
-9,-258,71,-5,69,-30,-4,-1008,262
-10,-260,69,-3,73,-33,-3,-1010,258
-6,-257,69,-1,77,-35,-1,-1006,253
-9,-257,68,-3,79,-40,0,-1008,254
-8,-257,68,-3,83,-43,6,-1012,258
-10,-257,68,1,87,-46,5,-1006,266
-4,-259,72,9,92,-51,7,-1008,267
-3,-259,75,21,99,-55,9,-1007,274
-3,-259,73,36,104,-58,10,-1014,270
-3,-258,71,52,109,-62,16,-1008,275
-2,-256,74,64,114,-65,19,-1004,281
-1,-258,72,74,114,-65,24,-997,275
0,-255,74,80,114,-64,21,-998,274
0,-255,76,80,112,-62,26,-998,273
2,-257,76,76,110,-59,30,-996,274
0,-255,77,66,109,-57,25,-997,272
0,-255,74,53,106,-52,28,-1003,273
4,-254,78,40,107,-45,31,-992,274
2,-254,79,29,104,-41,35,-1001,274
0,-255,73,22,106,-36,35,-994,278
4,-255,74,15,107,-30,32,-992,278
4,-253,78,12,104,-25,35,-990,280
4,-257,79,12,102,-20,35,-990,284
2,-255,74,13,98,-14,35,-994,287
4,-255,76,18,96,-10,36,-995,293
1,-255,77,19,93,-9,34,-991,291
4,-252,74,18,90,-7,36,-987,290
2,-251,81,14,88,-6,35,-976,293
3,-251,74,4,88,-6,39,-970,286
3,-247,72,-16,85,-5,30,-962,279
1,-244,77,-40,85,-4,31,-961,276
-1,-245,71,-69,82,-3,28,-955,269
0,-243,71,-101,80,-4,27,-954,268
-1,-242,77,-132,76,-4,23,-948,273
-2,-244,74,-162,76,-4,20,-947,269
-2,-245,75,-187,77,-5,17,-950,273
-5,-246,76,-210,82,-5,15,-952,271
-4,-245,76,-228,88,-5,14,-958,280
-4,-246,79,-242,94,-7,10,-962,284
-7,-249,80,-255,100,-9,2,-968,293
-7,-251,77,-264,105,-9,4,-968,289
-9,-251,81,-269,111,-8,-1,-977,291
-8,-253,77,-274,119,-7,-2,-982,287
-7,-253,78,-279,128,-7,-1,-988,287
-5,-253,82,-286,138,-7,-2,-992,288
-8,-254,78,-293,147,-10,-2,-999,288
-7,-255,77,-303,155,-14,2,-1004,288
-7,-257,77,-313,159,-19,1,-1003,287
-7,-258,79,-328,160,-22,10,-1005,286
-6,-257,77,-344,158,-26,11,-1008,279
-5,-256,76,-364,153,-33,12,-1007,277
-7,-255,72,-390,145,-36,4,-996,279
-4,-254,73,-420,137,-37,5,-985,272
-7,-254,72,-457,126,-39,4,-976,271
-7,-249,72,-497,116,-41,-1,-960,273
-6,-247,72,-539,107,-43,-1,-962,271
-6,-244,72,-581,99,-51,-3,-955,276
-7,-243,75,-623,98,-60,-7,-954,275
-7,-243,72,-661,99,-69,-9,-953,280
-10,-245,79,-695,99,-78,-6,-953,287
-11,-242,76,-721,102,-86,-9,-952,285
-9,-244,79,-745,104,-93,-9,-959,284
-8,-246,78,-768,105,-97,-7,-959,277
-6,-250,77,-788,104,-98,-5,-961,279
-8,-248,78,-802,104,-97,5,-968,279
-6,-252,73,-810,109,-97,4,-977,281
-2,-254,80,-813,118,-95,13,-983,279
-4,-256,79,-809,135,-89,24,-1004,285
3,-260,76,-796,156,-84,28,-1012,299
2,-258,83,-786,177,-78,31,-1025,312
4,-264,88,-774,202,-73,30,-1022,334
3,-261,90,-762,221,-64,47,-1029,350
3,-262,91,-758,240,-56,46,-1022,355
-1,-256,94,-764,246,-49,37,-1006,346
-1,-255,84,-778,234,-42,42,-1001,319
2,-256,77,-809,201,-34,35,-1011,288
-2,-255,69,-856,149,-26,35,-1007,250
-1,-257,59,-916,84,-14,20,-1013,216
1,-259,48,-976,33,-9,42,-1021,186
1,-261,42,-1031,7,-14,33,-1039,164
0,-267,48,-1075,1,-25,24,-1068,147
2,-285,29,-1114,9,-33,34,-1078,128
-10,-276,33,-1152,21,-48,29,-1093,126
-1,-277,39,-1175,34,-67,26,-1097,122
-18,-288,33,-1182,44,-88,6,-1094,122
-7,-285,34,-1187,52,-106,1,-1120,113
-1,-292,28,-1190,59,-110,17,-1139,118
-5,-282,36,-1196,67,-122,-19,-1134,113
-10,-288,29,-1199,64,-119,-4,-1128,110
-16,-291,38,-1199,52,-107,-28,-1141,126
-11,-294,33,-1192,25,-73,6,-1149,119
-4,-293,31,-1181,-5,-51,-20,-1156,98
-10,-295,27,-1175,-28,-28,0,-1145,82
-3,-303,22,-1171,-40,-1,13,-1184,74
-8,-306,18,-1163,-36,26,4,-1194,49
-3,-310,14,-1153,-21,44,15,-1205,54
-6,-314,19,-1133,0,55,24,-1220,55
0,-309,16,-1104,14,66,36,-1209,35
9,-311,8,-1080,25,72,66,-1208,11
4,-305,3,-1068,48,63,54,-1191,-5
6,-307,4,-1061,76,63,63,-1189,-9
4,-302,3,-1055,98,65,53,-1176,-10
5,-298,-3,-1049,110,70,53,-1162,-27
5,-295,-1,-1047,114,72,56,-1152,-29
6,-295,-2,-1040,115,74,53,-1138,-37
4,-294,-4,-1026,119,75,45,-1142,-48
3,-289,-7,-1014,123,73,51,-1134,-51
4,-294,-9,-1004,128,69,51,-1140,-68
5,-292,-12,-999,138,67,54,-1146,-73
2,-293,-17,-995,146,64,55,-1149,-83
3,-294,-19,-994,152,63,50,-1152,-95
1,-296,-17,-993,155,64,43,-1155,-104
1,-296,-20,-995,156,65,33,-1153,-109
-3,-299,-19,-998,155,63,24,-1156,-106
-5,-297,-18,-1001,152,59,18,-1156,-106
-4,-300,-21,-1007,143,49,20,-1166,-106
-5,-301,-19,-1015,134,41,14,-1176,-101
-6,-304,-21,-1029,119,33,9,-1189,-92
-7,-305,-20,-1044,107,29,8,-1194,-98
-4,-305,-25,-1064,98,25,11,-1200,-120
-4,-307,-27,-1091,93,22,22,-1193,-138
-3,-306,-31,-1129,87,23,19,-1192,-161
-3,-303,-41,-1168,83,20,22,-1187,-177
-3,-304,-44,-1204,74,22,24,-1184,-184
-6,-304,-45,-1230,64,25,16,-1185,-196
-3,-304,-50,-1244,47,23,20,-1188,-211
-4,-308,-48,-1248,28,21,12,-1194,-218
-6,-308,-47,-1247,12,10,15,-1195,-227
-9,-307,-52,-1242,-1,-2,3,-1196,-229
0,-305,-53,-1239,-13,-18,9,-1195,-243
-6,-306,-56,-1237,-22,-34,13,-1196,-253
-5,-308,-60,-1237,-22,-48,9,-1200,-266
-6,-308,-65,-1242,-13,-54,19,-1199,-286
-4,-311,-66,-1246,-2,-56,20,-1212,-294
0,-312,-69,-1250,6,-53,33,-1210,-300
4,-315,-73,-1249,11,-46,35,-1212,-315
3,-312,-78,-1245,13,-40,46,-1204,-329
4,-307,-77,-1241,16,-35,45,-1194,-343
4,-304,-78,-1234,22,-25,46,-1181,-343
-1,-304,-78,-1227,29,-10,35,-1176,-346
0,-300,-74,-1221,36,3,31,-1164,-349
-1,-293,-77,-1216,42,16,27,-1150,-349
-3,-289,-78,-1213,47,23,18,-1127,-353
-6,-286,-81,-1212,55,29,11,-1107,-359
-6,-280,-80,-1211,65,32,-1,-1086,-364
-8,-272,-86,-1206,70,35,0,-1066,-376
-9,-265,-88,-1201,75,37,-4,-1049,-387
-7,-263,-89,-1193,75,40,-4,-1013,-400
-10,-259,-94,-1178,74,40,-12,-999,-416
-9,-254,-102,-1160,72,40,-14,-980,-432
-13,-254,-105,-1143,71,39,-26,-963,-447
-17,-249,-101,-1124,64,37,-31,-965,-445
-16,-249,-101,-1108,52,37,-40,-953,-449
-18,-245,-105,-1090,36,37,-44,-943,-452
-18,-243,-105,-1067,23,41,-45,-936,-457
-18,-243,-103,-1040,14,43,-34,-934,-457
-18,-239,-104,-1004,10,45,-45,-925,-445
-16,-237,-105,-967,4,52,-30,-912,-445
-15,-233,-103,-939,0,58,-41,-897,-454
-17,-231,-104,-904,-3,60,-31,-895,-448
-13,-227,-100,-863,-3,60,-18,-891,-445
-10,-229,-96,-824,-4,55,-17,-875,-429
-21,-212,-98,-788,-3,54,-57,-840,-420
-12,-220,-97,-762,-5,66,-19,-848,-422
-15,-220,-93,-746,-5,67,-37,-847,-409
-13,-226,-89,-729,-6,75,-27,-865,-384
-7,-215,-89,-690,-9,87,3,-844,-388
-4,-223,-90,-647,-11,71,18,-848,-385
-19,-218,-85,-612,-9,60,-44,-832,-394
-9,-224,-85,-575,-16,72,-11,-847,-389
-13,-223,-90,-532,-24,70,-17,-861,-391
-6,-224,-91,-488,-28,69,10,-862,-387
-1,-226,-83,-452,-31,58,29,-878,-369
-10,-229,-85,-406,-35,46,0,-880,-365
3,-233,-81,-348,-43,48,36,-912,-359
-8,-239,-82,-289,-55,41,11,-907,-364
-7,-244,-81,-235,-68,45,-11,-936,-361
-6,-246,-83,-176,-85,62,9,-945,-357
-8,-254,-80,-100,-106,73,-1,-962,-349
-2,-253,-75,0,-128,93,7,-952,-360
-10,-258,-86,104,-146,107,-3,-965,-371
-6,-260,-88,209,-158,126,10,-968,-362
-3,-265,-90,324,-172,134,8,-1003,-368
-6,-261,-92,451,-182,139,-15,-990,-387
-11,-267,-89,573,-185,144,0,-985,-391
-13,-256,-87,688,-178,144,-18,-988,-399
-13,-261,-98,795,-161,149,-25,-979,-399
-9,-255,-96,884,-132,147,-7,-971,-434
-8,-254,-107,946,-96,134,-12,-968,-445
-3,-245,-109,973,-46,120,-6,-958,-482
-10,-237,-117,962,18,116,-13,-941,-480
-17,-239,-128,914,67,99,-13,-927,-523
-13,-229,-120,817,87,80,-14,-916,-523
-7,-226,-118,699,87,64,-16,-901,-519
-10,-228,-113,576,69,56,-22,-909,-475
-10,-234,-105,474,40,52,-12,-914,-451
-8,-241,-90,397,12,53,-7,-926,-412
-7,-247,-83,355,4,55,5,-947,-367
-6,-252,-75,355,20,55,7,-965,-346
-6,-258,-70,384,48,52,-1,-984,-319
-9,-257,-71,430,70,47,-11,-999,-309
-11,-260,-68,477,81,45,-11,-1013,-313
-11,-261,-69,518,81,48,-13,-1010,-321
-10,-260,-78,551,77,53,-8,-1015,-338
-9,-264,-81,566,70,56,-3,-1016,-355
-7,-259,-88,576,64,58,2,-1010,-374
-4,-259,-87,575,62,61,4,-1009,-381
-2,-258,-91,561,59,64,1,-1002,-392
-5,-260,-92,541,55,67,6,-1004,-400
-7,-257,-92,517,48,72,5,-1011,-412
-6,-261,-96,487,41,76,6,-1019,-411
-8,-264,-95,458,29,77,5,-1016,-411
-8,-260,-94,432,14,75,-1,-1024,-407
-7,-266,-92,413,2,73,-9,-1024,-404
-10,-263,-91,400,-4,70,-5,-1040,-404
-14,-272,-92,389,-8,62,-7,-1053,-410
-11,-270,-93,380,-7,51,-15,-1049,-405
-10,-271,-96,368,-7,40,-18,-1051,-409
-13,-271,-96,356,-4,26,-25,-1051,-412
-13,-266,-97,342,4,13,-27,-1046,-413
-15,-267,-97,330,16,8,-27,-1050,-417
-11,-270,-96,314,27,0,-24,-1047,-426
-13,-266,-98,294,40,-12,-28,-1044,-423
-12,-264,-101,267,55,-25,-19,-1037,-425
-11,-264,-95,233,72,-34,-26,-1035,-427
-14,-263,-99,194,91,-41,-30,-1028,-419
-13,-266,-92,150,107,-42,-22,-1029,-410
-20,-262,-90,105,114,-45,-30,-1032,-386
-18,-264,-89,57,110,-47,-44,-1032,-383
-20,-265,-85,7,98,-44,-43,-1034,-378
-19,-261,-83,-46,81,-44,-41,-1025,-372
-21,-261,-86,-95,68,-41,-51,-1018,-373
-18,-259,-86,-139,67,-34,-37,-1010,-376
-19,-258,-84,-186,75,-29,-44,-1003,-374
-17,-256,-89,-233,84,-26,-35,-990,-384
-15,-254,-93,-281,96,-28,-37,-993,-384
-16,-254,-86,-332,106,-28,-33,-993,-392
-18,-254,-86,-379,112,-28,-28,-988,-390
-15,-253,-91,-417,114,-29,-24,-984,-389
-11,-255,-93,-448,115,-29,-19,-989,-402
-12,-253,-92,-474,118,-31,-12,-986,-394
-9,-256,-90,-494,123,-36,-11,-988,-394
-12,-254,-92,-508,123,-41,-6,-994,-395
-8,-254,-87,-522,120,-47,-3,-984,-394
-7,-255,-87,-532,115,-49,-5,-978,-386
-7,-254,-88,-540,106,-51,-1,-975,-385
-6,-253,-89,-546,96,-53,-3,-967,-380
-8,-250,-85,-551,89,-55,-9,-969,-380
-8,-250,-85,-553,86,-55,-9,-962,-369
-10,-247,-80,-549,89,-57,-6,-960,-358
-10,-246,-77,-543,93,-62,-3,-960,-350
-8,-249,-78,-535,104,-67,-4,-959,-344
-11,-247,-75,-525,119,-71,-10,-962,-337
-9,-247,-76,-517,130,-73,-9,-953,-334
-13,-246,-73,-507,136,-75,-13,-953,-333
-13,-244,-75,-497,137,-74,-14,-951,-328
-10,-246,-76,-485,129,-68,-17,-946,-337
-13,-244,-79,-474,118,-64,-15,-947,-349
-11,-241,-83,-466,106,-53,-14,-941,-357
-10,-244,-83,-459,98,-40,-14,-928,-361
-10,-241,-86,-455,91,-31,-17,-937,-376
-13,-242,-88,-457,90,-23,-15,-932,-388
-8,-239,-86,-456,96,-15,-14,-936,-387
-10,-242,-87,-454,108,-13,-14,-936,-386
-10,-239,-91,-446,125,-14,-13,-935,-381
-11,-242,-90,-434,143,-17,-15,-927,-388
-10,-239,-87,-417,162,-20,-16,-923,-379
-11,-236,-89,-396,176,-21,-17,-926,-378
-11,-235,-81,-371,185,-21,-17,-915,-369
-11,-236,-86,-343,190,-21,-15,-913,-368
-11,-235,-84,-314,190,-18,-6,-913,-364
-7,-236,-80,-284,188,-16,-6,-905,-363
-8,-232,-80,-252,183,-14,-7,-901,-361
-8,-236,-81,-223,175,-11,-5,-907,-360
-9,-235,-80,-195,165,-7,-1,-905,-361
-9,-232,-77,-166,155,-4,-4,-905,-353
-10,-234,-82,-137,147,-3,-3,-910,-354
-9,-235,-78,-109,143,-5,-12,-910,-348
-11,-237,-80,-81,135,-3,-10,-915,-347
-13,-236,-77,-53,127,-2,-11,-914,-346
-18,-235,-89,-26,122,-3,-11,-919,-350
-10,-238,-81,-1,117,-2,-14,-918,-351
-13,-239,-79,21,116,-2,-14,-921,-355
-9,-238,-81,44,116,-2,-15,-926,-362
-9,-239,-82,63,119,0,-20,-924,-367
-9,-237,-87,78,122,2,-17,-922,-369
-12,-239,-86,93,122,6,-19,-927,-377
-12,-238,-87,107,121,7,-21,-921,-379
-12,-239,-86,123,120,10,-19,-926,-389
-11,-237,-90,138,120,13,-17,-922,-387
-11,-237,-90,156,122,15,-13,-922,-382
-10,-237,-87,176,126,17,-17,-912,-382
-8,-237,-88,197,132,18,-10,-911,-380
-7,-234,-90,225,138,15,-12,-904,-383
-4,-232,-85,254,144,13,-7,-896,-366
-7,-233,-80,284,153,11,-1,-895,-367
-5,-230,-79,313,163,8,6,-887,-367
-6,-226,-82,332,169,4,11,-881,-360
-7,-223,-80,350,175,-1,9,-874,-357
-4,-224,-78,366,177,-4,5,-867,-352
-4,-223,-81,374,174,-8,8,-863,-354
-3,-216,-88,374,170,-8,6,-854,-360
-5,-217,-82,369,162,-6,9,-846,-358
-3,-216,-80,359,155,-6,10,-843,-358
-4,-213,-81,349,150,-6,8,-836,-357
-4,-211,-81,341,144,-8,9,-827,-354
-2,-210,-77,332,141,-8,10,-818,-347
-5,-208,-76,322,138,-10,0,-818,-340
-7,-205,-78,316,136,-8,5,-806,-336
-7,-206,-80,309,129,-6,4,-801,-336
-4,-206,-77,305,124,-6,-5,-796,-340
-8,-204,-77,299,123,-7,-6,-790,-346
-9,-199,-76,289,119,-7,-4,-785,-345
-11,-201,-76,280,115,-4,-11,-783,-345
-11,-200,-77,271,108,-5,-13,-780,-351
-10,-198,-77,265,100,-2,-19,-775,-346
-11,-199,-78,265,90,-1,-22,-773,-340
-11,-197,-77,268,83,2,-23,-768,-345
-12,-195,-78,275,80,3,-27,-757,-336
-11,-192,-70,283,77,4,-27,-751,-334
-15,-194,-75,292,78,6,-28,-739,-338
-8,-191,-72,299,80,7,-25,-738,-329
-9,-191,-76,305,82,5,-19,-734,-326
-10,-189,-65,307,83,3,-23,-724,-320
-13,-187,-71,304,83,-2,-25,-724,-319
-14,-187,-72,297,81,-4,-28,-721,-319
-13,-185,-69,289,80,-6,-29,-722,-316
-13,-182,-67,278,81,-11,-28,-715,-311
-15,-183,-74,270,83,-12,-31,-714,-317
-10,-182,-69,261,83,-16,-32,-709,-325
-12,-181,-70,249,81,-20,-22,-711,-328
-13,-181,-73,233,74,-24,-24,-705,-336
-9,-184,-80,212,67,-28,-16,-705,-349
-12,-179,-79,187,60,-29,-13,-703,-355
-10,-181,-83,163,54,-30,-9,-708,-359
-7,-181,-83,138,54,-31,-4,-704,-361
-8,-184,-82,114,56,-31,-7,-709,-366
-6,-189,-84,92,62,-31,3,-714,-364
-5,-188,-80,73,69,-32,7,-726,-362
1,-192,-82,59,75,-32,12,-736,-359
2,-192,-81,49,76,-31,23,-743,-362
1,-196,-82,43,75,-33,22,-756,-362
1,-195,-82,40,72,-29,25,-756,-366
1,-196,-83,37,69,-28,34,-765,-370
0,-197,-86,35,62,-26,33,-771,-376
5,-200,-84,32,55,-25,31,-782,-380
4,-204,-88,28,44,-23,30,-784,-386
2,-205,-89,23,33,-21,28,-791,-395
4,-206,-93,18,20,-18,28,-800,-398
3,-211,-96,16,11,-15,28,-806,-401
-3,-213,-96,15,8,-13,22,-823,-398
-5,-211,-92,16,12,-11,7,-838,-403
-8,-216,-93,16,17,-8,0,-842,-401
-8,-217,-90,14,19,-5,-3,-852,-403
-11,-223,-90,12,20,-5,-14,-863,-402
-15,-223,-89,11,20,-6,-22,-875,-400
-14,-226,-92,13,20,-5,-29,-876,-400
-16,-229,-89,11,18,-5,-39,-884,-400
-17,-230,-93,14,16,-6,-46,-888,-399
-21,-230,-91,18,12,-9,-45,-901,-404
-18,-236,-95,21,11,-8,-50,-910,-402
-18,-236,-91,24,9,-11,-54,-911,-398
-21,-237,-93,34,3,-12,-47,-926,-406
-22,-240,-95,45,-5,-15,-52,-927,-403
-18,-242,-94,63,-12,-16,-46,-933,-405
-18,-244,-90,83,-16,-17,-58,-936,-410
-16,-243,-91,99,-18,-17,-51,-937,-403
-18,-245,-90,113,-15,-18,-41,-945,-402
-20,-244,-92,123,-10,-19,-45,-947,-398
-16,-248,-96,133,-9,-20,-45,-950,-397
-20,-247,-92,140,-13,-22,-37,-957,-394
-14,-248,-87,148,-21,-22,-36,-950,-390
-14,-249,-90,159,-29,-24,-29,-956,-397
-14,-248,-92,166,-33,-26,-23,-960,-386
-11,-249,-87,176,-34,-27,-23,-958,-380
-9,-251,-88,185,-30,-27,-18,-956,-378
-10,-244,-86,195,-26,-30,-14,-956,-376
-10,-249,-88,202,-23,-29,-1,-955,-370
-7,-247,-83,207,-22,-31,-3,-955,-362
-6,-246,-82,213,-21,-30,-1,-955,-356
-8,-244,-79,219,-21,-31,1,-950,-351
-9,-243,-75,225,-19,-31,8,-949,-343
-3,-244,-74,231,-17,-32,6,-950,-342
-5,-249,-78,233,-14,-33,13,-952,-343
-8,-246,-74,233,-12,-31,14,-952,-337
-2,-247,-77,227,-11,-33,12,-949,-340
-6,-248,-80,220,-14,-31,10,-955,-341
-6,-248,-77,213,-17,-30,11,-952,-347
-8,-244,-76,204,-20,-27,6,-958,-346
-12,-246,-77,199,-25,-25,-1,-950,-340
-5,-249,-77,199,-29,-24,-4,-950,-337
-8,-247,-74,200,-31,-21,-8,-949,-332
-9,-246,-74,202,-32,-18,-10,-951,-338
-11,-245,-76,205,-33,-16,-15,-948,-333
-13,-244,-76,205,-32,-14,-19,-949,-336
-14,-241,-75,202,-31,-12,-25,-939,-333
-16,-242,-78,195,-29,-11,-25,-935,-338
-12,-243,-73,186,-26,-9,-25,-931,-336
-13,-238,-75,176,-22,-8,-22,-931,-338
-13,-239,-77,165,-20,-6,-25,-917,-331
-11,-237,-77,153,-20,-5,-23,-925,-333
-10,-236,-76,141,-17,-6,-21,-914,-331
-12,-235,-71,130,-14,-5,-23,-914,-329
-12,-233,-72,119,-9,-6,-18,-906,-330
-12,-231,-77,108,-4,-7,-13,-901,-333
-14,-231,-77,93,0,-9,-18,-899,-334
-11,-229,-77,78,2,-9,-15,-896,-336
-10,-232,-78,59,3,-10,-10,-898,-337
-11,-231,-74,39,4,-10,-9,-905,-338
-8,-235,-73,19,4,-9,-15,-907,-337
-10,-236,-76,0,6,-8,-10,-911,-334
-7,-236,-75,-19,8,-8,-10,-918,-331
-6,-240,-75,-38,13,-6,-4,-921,-338
-7,-239,-78,-57,17,-5,-6,-931,-336
-9,-245,-75,-76,20,0,-4,-939,-337
-7,-247,-77,-95,25,1,-1,-944,-336
-8,-246,-78,-109,31,4,-2,-954,-333
-8,-249,-72,-118,37,5,7,-958,-330
-4,-251,-71,-122,42,7,13,-966,-331
-4,-251,-71,-122,49,10,7,-972,-338
-3,-254,-74,-117,54,12,15,-979,-333
-1,-255,-75,-107,59,13,14,-973,-327
-6,-255,-73,-95,64,12,14,-980,-327
-7,-256,-69,-84,69,13,11,-985,-319
-5,-255,-70,-74,74,13,11,-990,-324
-7,-255,-75,-68,80,12,8,-993,-317
-5,-256,-72,-62,86,11,10,-988,-309
-4,-258,-68,-59,92,10,7,-991,-306
-7,-257,-71,-53,96,9,0,-988,-303
-8,-254,-67,-47,99,6,2,-989,-300
-9,-256,-70,-40,98,5,-2,-990,-300
-8,-257,-63,-31,98,4,-7,-988,-299
-13,-255,-65,-22,98,3,-9,-988,-303
-12,-256,-66,-14,98,2,-15,-983,-298
-14,-252,-66,-7,99,1,-18,-981,-300
-12,-253,-66,-3,99,0,-18,-981,-295
-16,-253,-63,1,98,0,-17,-978,-298
-13,-254,-67,4,97,0,-18,-975,-297
-15,-251,-67,6,98,1,-18,-977,-298
-12,-254,-67,7,97,2,-20,-977,-302
-13,-255,-64,8,98,4,-21,-976,-301
-10,-250,-66,9,99,4,-19,-971,-298
-12,-250,-67,7,97,6,-17,-970,-298
-11,-249,-69,8,95,7,-15,-967,-299
-13,-250,-65,7,93,7,-10,-964,-298
-11,-252,-64,8,90,9,-17,-967,-295
-9,-250,-65,11,88,8,-11,-970,-287
-8,-252,-67,14,87,9,-5,-966,-289
-7,-252,-66,15,85,8,-9,-965,-288
-10,-248,-65,17,84,8,-5,-966,-291
-7,-253,-66,16,84,7,1,-971,-296
-8,-252,-67,12,85,6,-3,-969,-295
-10,-252,-68,5,87,5,2,-968,-298
-6,-252,-66,-1,91,3,-2,-970,-297
-9,-249,-61,-6,93,3,-4,-966,-299
-3,-243,-75,-10,95,3,-3,-970,-297
-2,-252,-74,-11,95,2,-9,-969,-297
-19,-253,-84,-11,97,3,0,-966,-298
-6,-243,-62,-10,98,4,1,-967,-296
7,-248,-59,-7,99,4,-3,-970,-296
-1,-248,-58,-6,102,5,-3,-964,-292
-8,-260,-77,-6,102,6,-2,-966,-306
-4,-244,-65,-8,102,8,-4,-968,-297
-12,-253,-52,-10,103,10,-6,-965,-293
-5,-244,-66,-13,104,12,-4,-979,-297
-9,-250,-68,-16,107,13,-2,-971,-296
-11,-250,-67,-20,110,14,-4,-976,-301
-7,-254,-68,-24,113,16,-12,-977,-300
-11,-253,-66,-27,114,17,-11,-974,-298
-12,-252,-65,-27,114,19,-11,-982,-301
-12,-252,-64,-26,114,18,-5,-984,-298
-7,-239,-65,-24,112,19,-14,-984,-302
-1,-253,-87,-19,112,17,-9,-979,-297
-4,-255,-64,-13,113,18,-13,-976,-299
-23,-255,-92,-7,113,16,-10,-977,-309
-11,-256,-69,-1,111,15,-16,-976,-302
-17,-252,-74,5,112,14,-9,-972,-304
-7,-248,-67,9,112,14,-11,-967,-306
-4,-245,-61,11,114,13,-11,-968,-306
-16,-250,-78,14,115,11,-14,-968,-302
-11,-252,-67,17,116,10,-14,-971,-302
-10,-252,-67,19,117,8,-16,-972,-303
-12,-250,-66,21,116,8,-17,-970,-305
-12,-252,-70,25,116,8,-15,-969,-302
-15,-246,-54,28,114,7,-14,-965,-299
-18,-259,-58,27,113,5,-13,-973,-302
-14,-267,-68,28,111,5,-16,-967,-299
-8,-260,-71,28,110,4,-19,-964,-303
-19,-251,-64,27,110,5,-18,-967,-300
-5,-251,-60,26,109,4,-16,-967,-298
-30,-237,-77,26,109,4,-17,-972,-298
-13,-249,-67,26,107,6,-17,-967,-298
-7,-242,-54,23,107,4,-17,-965,-299
-17,-250,-64,19,106,3,-16,-965,-298
-19,-256,-68,14,102,5,-18,-965,-297
-10,-252,-62,10,101,5,-14,-969,-291
-15,-251,-63,8,96,4,-19,-972,-291
-12,-252,-69,5,93,5,-15,-973,-295
-13,-253,-64,3,91,5,-17,-972,-293
-18,-250,-64,2,91,4,-17,-976,-297
-14,-250,-52,1,90,4,-18,-971,-294
-5,-250,-66,-1,92,4,-21,-973,-294
-13,-260,-56,-2,90,3,-19,-972,-292
-12,-248,-62,-3,89,2,-17,-980,-295
-12,-258,-55,-6,87,1,-20,-971,-291
-21,-245,-72,-6,85,0,-19,-973,-296
-8,-251,-73,-6,84,1,-18,-974,-290
-17,-246,-62,-8,81,-1,-21,-975,-288
-3,-255,-61,-9,77,-1,-19,-971,-287
-19,-261,-58,-11,74,-3,-17,-978,-288
-15,-251,-63,-16,72,-3,-18,-977,-285
-13,-254,-63,-19,70,-4,-22,-975,-285
-13,-254,-66,-20,68,-5,-22,-978,-286
-14,-250,-64,-22,67,-5,-21,-980,-285
-17,-255,-62,-22,65,-5,-20,-979,-284
-17,-244,-70,-22,62,-4,-19,-980,-285
-15,-255,-52,-19,59,-4,-23,-983,-292
-3,-249,-66,-13,56,-4,-20,-984,-284
-20,-255,-63,-10,53,-6,-23,-981,-285
-11,-251,-61,-9,51,-6,-19,-984,-286
-12,-252,-68,-8,50,-7,-21,-985,-285
-11,-253,-64,-6,48,-8,-22,-980,-282
-15,-251,-54,-8,45,-10,-18,-985,-285
-15,-255,-67,-7,43,-10,-18,-982,-283
-17,-256,-64,-6,42,-11,-15,-982,-282
-7,-248,-78,-4,41,-11,-22,-989,-285
-14,-255,-63,-2,39,-12,-16,-988,-285
-12,-255,-63,3,37,-13,-17,-983,-282
-12,-256,-63,7,37,-13,-17,-978,-284
-11,-255,-64,9,35,-13,-14,-980,-282
-11,-249,-61,12,35,-13,-16,-984,-287
-12,-251,-63,14,32,-14,-15,-979,-284
-8,-256,-66,15,32,-15,-12,-981,-285
-10,-247,-60,15,30,-14,-12,-978,-283
-8,-256,-60,12,29,-14,-14,-983,-286
-6,-253,-62,10,31,-15,-15,-973,-281
-18,-252,-70,7,31,-14,-12,-984,-281
-5,-254,-56,3,32,-15,-11,-973,-282
-10,-255,-60,3,34,-15,-11,-982,-281
-6,-255,-59,2,36,-14,-12,-975,-277
-9,-252,-63,0,37,-14,-13,-974,-281
-8,-252,-63,1,40,-14,-2,-978,-286
-9,-250,-64,-2,40,-12,-2,-974,-286
-7,-252,-63,-3,43,-12,-3,-973,-283
-7,-256,-64,-5,46,-11,-1,-971,-287
-3,-251,-61,-8,49,-11,-1,-970,-285
-7,-255,-58,-8,50,-11,3,-974,-281
-6,-250,-67,-9,52,-10,0,-977,-279
-12,-246,-62,-11,53,-10,-6,-977,-276
-14,-253,-64,-14,54,-8,-2,-979,-278
-8,-253,-64,-16,55,-8,-1,-990,-283
-10,-253,-64,-17,56,-7,-3,-984,-287
-8,-255,-61,-17,57,-7,-1,-980,-285
-9,-255,-64,-19,57,-8,-10,-983,-289
-10,-252,-62,-17,57,-9,-6,-987,-295
-8,-253,-68,-14,56,-8,-5,-984,-291
-12,-253,-65,-9,56,-7,-12,-986,-294
-9,-255,-62,-4,58,-6,-10,-988,-297
-10,-253,-64,1,61,-6,-14,-985,-302
-3,-260,-64,4,63,-6,-8,-985,-295
-12,-255,-69,8,68,-6,-14,-985,-288
-12,-254,-66,9,68,-4,-15,-981,-294
-8,-254,-63,14,67,-5,-11,-981,-289
-12,-246,-70,18,66,-4,-16,-983,-292
-11,-252,-65,20,65,-3,-16,-980,-292
-13,-251,-64,23,65,-2,-11,-981,-294
-10,-252,-67,27,62,-1,-15,-976,-293
-13,-253,-63,30,62,-2,-12,-971,-289
-20,-254,-68,32,62,-2,-14,-976,-290
-7,-249,-66,33,66,0,-11,-968,-287
-10,-249,-64,31,68,-2,-13,-965,-287
-9,-249,-63,29,67,-1,-4,-968,-289
-11,-251,-64,26,66,-2,-12,-963,-292
-9,-251,-63,24,66,-3,-9,-971,-287
-11,-248,-62,25,67,-1,-5,-973,-292
-10,-253,-64,25,67,-2,-4,-971,-289
-10,-251,-62,27,68,-3,-2,-972,-292
-10,-253,-65,28,68,-2,-11,-973,-296
-9,-254,-63,30,67,-1,-6,-973,-298
-11,-252,-65,30,69,0,-11,-976,-297
-12,-250,-65,29,69,-1,-6,-977,-294
-12,-255,-64,30,69,1,-7,-976,-296
-9,-253,-67,29,71,2,-6,-981,-290
-7,-255,-65,30,74,4,-10,-984,-284
-6,-257,-62,32,76,4,-11,-984,-279
-10,-252,-58,34,76,5,-12,-982,-275
-9,-256,-66,36,78,4,-10,-985,-281
-12,-253,-63,37,80,4,-14,-986,-277
-9,-254,-63,37,83,4,-10,-981,-285
-9,-255,-63,37,85,3,-8,-982,-281
-11,-255,-62,40,87,3,-7,-981,-283
-11,-255,-64,41,89,3,-14,-978,-283
-9,-254,-63,44,90,4,-13,-981,-283
-11,-254,-65,48,90,3,-11,-979,-283
-11,-254,-62,52,93,2,-17,-985,-285
-10,-252,-63,54,94,2,-13,-973,-286
-10,-253,-64,56,97,3,-12,-979,-288
-10,-251,-65,55,97,3,-11,-975,-283
-8,-253,-63,51,96,0,-13,-974,-283
-9,-253,-63,47,95,1,-18,-974,-287
-9,-255,-64,43,93,3,-16,-972,-289
-14,-248,-61,39,89,3,-16,-971,-284
-10,-255,-63,38,86,1,-13,-972,-282
-13,-252,-62,39,82,3,-13,-982,-281
-9,-253,-64,38,80,3,-18,-981,-280
-10,-255,-62,37,79,3,-19,-978,-289
-10,-247,-62,34,77,4,-18,-973,-293
-11,-253,-65,32,77,5,-20,-975,-296
-12,-252,-67,29,77,4,-21,-972,-296
-12,-251,-66,27,77,4,-18,-974,-299
-11,-252,-64,25,76,6,-20,-971,-296
-10,-251,-64,28,75,4,-17,-970,-297
-9,-252,-63,29,73,4,-14,-967,-297
-8,-253,-63,35,72,6,-16,-972,-291
-13,-251,-65,37,73,6,-16,-966,-284
-12,-252,-64,39,75,8,-17,-967,-285
-11,-251,-62,39,75,8,-15,-968,-285
-13,-251,-64,36,76,7,-17,-977,-282
-12,-254,-62,33,76,8,-17,-976,-285
-12,-253,-63,27,75,7,-19,-975,-287
-9,-252,-64,20,76,7,-18,-979,-286
-11,-252,-63,16,76,7,-21,-974,-289
-12,-253,-65,10,77,8,-17,-980,-283
-12,-253,-65,9,78,8,-16,-978,-287
-12,-254,-66,7,78,8,-17,-967,-287
-12,-251,-65,6,78,7,-18,-976,-282
-12,-254,-66,4,75,6,-16,-977,-289
-12,-253,-65,1,74,5,-18,-975,-290
-12,-259,-67,0,74,6,-26,-981,-291
-11,-253,-65,0,73,5,-17,-978,-290
-11,-252,-64,0,72,6,-17,-980,-286
-12,-250,-64,0,67,5,-22,-973,-288
-15,-254,-69,2,63,4,-24,-973,-290
-11,-254,-63,2,59,4,-29,-973,-290
-14,-254,-65,1,54,4,-19,-970,-293
-14,-248,-64,-1,49,4,-22,-965,-291
-17,-251,-64,-5,45,4,-23,-973,-288
-14,-253,-67,-7,42,5,-23,-965,-291
-12,-251,-67,-11,40,5,-22,-970,-289
-12,-253,-66,-14,39,6,-23,-967,-289
-14,-251,-68,-16,37,6,-22,-967,-287
-11,-255,-61,-18,37,7,-20,-969,-286
-12,-251,-63,-19,38,7,-20,-971,-284
-11,-251,-63,-19,38,6,-16,-968,-285
-14,-251,-64,-21,37,5,-19,-971,-281
-11,-253,-64,-23,37,5,-26,-975,-286
-10,-251,-65,-26,38,4,-21,-976,-282
-11,-255,-63,-29,38,3,-25,-972,-286
-13,-253,-63,-33,39,2,-20,-976,-284
-15,-252,-63,-33,39,2,-16,-974,-280
-16,-248,-66,-35,39,-1,-18,-983,-283
-12,-251,-62,-34,38,-2,-17,-979,-288
-9,-251,-62,-36,40,-3,-16,-975,-279
-12,-255,-63,-37,40,-3,-17,-976,-287
-12,-255,-63,-37,42,-2,-12,-975,-286
-11,-252,-63,-36,42,-2,-15,-975,-291
-10,-253,-64,-36,43,-3,-14,-972,-292
-11,-254,-65,-38,43,-4,-14,-981,-290
-9,-256,-64,-38,43,-3,-12,-979,-291
-10,-253,-64,-38,41,-4,-14,-984,-289
-13,-254,-62,-37,38,-3,-15,-979,-288
-13,-250,-63,-38,38,-2,-14,-979,-292
-13,-254,-63,-36,37,-2,-15,-980,-286
-13,-254,-64,-33,36,-1,-16,-980,-287
-11,-253,-63,-30,36,-1,-12,-983,-279
-10,-255,-58,-26,39,-2,-14,-983,-276
-13,-251,-59,-25,40,0,-14,-980,-279
-11,-254,-64,-25,42,-2,-12,-988,-279
-12,-254,-62,-27,44,-1,-17,-985,-280
-9,-255,-64,-29,45,-1,-16,-977,-287
-12,-253,-64,-33,48,-2,-17,-985,-282
-9,-255,-63,-35,50,-3,-18,-978,-289
-9,-250,-59,-38,52,-2,-19,-984,-288
-13,-255,-64,-39,53,-2,-14,-982,-281
-14,-255,-64,-38,54,-1,-15,-977,-286
-12,-252,-64,-37,56,-2,-17,-975,-284
-13,-251,-62,-35,55,-2,-17,-980,-281
-10,-251,-62,-32,54,-2,-15,-973,-277
-12,-250,-62,-30,55,-1,-17,-972,-283
-14,-250,-61,-28,54,-1,-14,-972,-282
-12,-252,-63,-26,54,-1,-11,-970,-284
-12,-251,-63,-26,53,-1,-15,-969,-285
-9,-252,-59,-27,51,-1,-14,-970,-281
-12,-251,-64,-30,49,0,-19,-964,-283
-13,-251,-61,-33,48,-1,-15,-971,-280
-11,-251,-64,-38,47,0,-18,-969,-281
-12,-254,-62,-41,48,-2,-20,-971,-279
-12,-253,-63,-44,51,-1,-16,-970,-275
-13,-252,-63,-44,53,1,-17,-976,-273
-11,-255,-60,-45,54,1,-17,-979,-278
-15,-253,-65,-45,53,1,-19,-978,-281
-12,-254,-64,-47,52,1,-23,-980,-282
-12,-254,-64,-48,52,0,-21,-983,-284
-14,-255,-65,-48,51,-1,-21,-987,-287
-19,-254,-53,-48,49,-1,-24,-985,-283
-16,-255,-64,-47,48,-1,-27,-984,-281
-15,-256,-62,-46,47,-1,-25,-986,-276
-14,-255,-65,-44,48,-1,-25,-990,-279
-13,-256,-60,-42,48,-1,-23,-992,-274
-15,-257,-60,-38,47,-3,-25,-988,-276
-14,-256,-66,-36,50,-3,-25,-985,-275
-14,-256,-62,-34,53,-3,-26,-988,-278
-12,-258,-63,-31,54,-5,-21,-989,-279
-8,-254,-64,-29,56,-5,-24,-990,-282
-12,-255,-64,-27,55,-6,-18,-988,-286
-14,-252,-65,-28,55,-6,-24,-986,-283
-14,-253,-64,-26,53,-7,-23,-978,-293
-13,-256,-64,-24,53,-5,-23,-983,-287
-10,-254,-60,-22,51,-6,-17,-982,-284
-12,-252,-64,-20,51,-6,-19,-980,-281
-12,-253,-62,-16,48,-7,-19,-981,-280
-9,-252,-63,-15,47,-8,-19,-975,-278
-15,-253,-62,-14,46,-7,-20,-976,-277
-14,-256,-60,-17,46,-7,-19,-981,-279
-14,-255,-62,-20,45,-7,-20,-972,-274
-20,-252,-58,-21,46,-6,-19,-972,-265
-15,-251,-60,-22,47,-4,-18,-975,-270
-12,-253,-58,-23,49,-4,-22,-978,-270
-14,-253,-62,-23,50,-4,-19,-977,-265
-15,-250,-60,-24,52,-4,-26,-982,-270
-14,-252,-64,-26,53,-3,-21,-974,-277
-15,-252,-63,-28,54,-5,-19,-975,-284
-14,-252,-63,-32,55,-3,-17,-978,-284
-16,-252,-64,-35,54,-3,-20,-979,-290
-12,-253,-64,-38,55,-3,-21,-980,-283
-12,-252,-70,-40,54,-4,-19,-979,-287
-14,-251,-64,-41,55,-5,-19,-977,-285
-12,-252,-64,-41,56,-5,-18,-981,-288
-13,-254,-67,-40,59,-6,-21,-986,-292
-10,-255,-65,-39,58,-7,-16,-981,-287
-11,-254,-64,-36,62,-7,-18,-979,-286
-14,-251,-64,-35,61,-8,-22,-981,-286
-14,-254,-65,-33,60,-8,-22,-978,-284
-10,-253,-65,-28,63,-9,-15,-981,-284
-14,-255,-65,-26,62,-7,-25,-981,-287
-14,-254,-68,-22,60,-6,-20,-984,-286
-15,-252,-66,-17,57,-9,-22,-976,-289
-21,-259,-62,-14,56,-8,-18,-980,-290
-11,-255,-69,-9,55,-7,-21,-978,-289
-10,-253,-66,-8,55,-7,-25,-974,-289
-13,-252,-63,-7,55,-6,-23,-977,-280
-14,-253,-63,-6,57,-7,-22,-979,-280
-15,-254,-63,-6,58,-6,-22,-978,-275
-14,-254,-62,-7,58,-6,-28,-980,-277
-13,-252,-61,-10,58,-6,-20,-978,-272
-14,-253,-62,-11,59,-5,-26,-982,-268
-13,-253,-61,-14,60,-4,-20,-972,-266
-13,-255,-60,-17,60,-4,-24,-979,-278
-11,-254,-63,-19,59,-4,-22,-983,-277
-14,-254,-62,-19,61,-4,-24,-979,-281
-14,-254,-64,-18,61,-4,-20,-981,-281
-11,-255,-62,-16,62,-4,-18,-975,-282
-10,-255,-61,-14,62,-4,-21,-976,-279
-14,-253,-63,-11,64,-4,-21,-982,-284
-15,-253,-64,-7,65,-4,-22,-972,-281
-11,-251,-62,-4,66,-6,-19,-979,-283
-13,-253,-60,-2,66,-5,-19,-975,-282
-13,-253,-63,0,67,-4,-16,-971,-283
-12,-252,-63,0,67,-4,-19,-981,-280
-8,-255,-65,1,66,-5,-17,-981,-286
-11,-251,-63,3,67,-5,-20,-980,-285
-12,-253,-62,3,66,-5,-17,-975,-283
-13,-255,-63,3,66,-5,-21,-976,-281
-13,-252,-64,3,66,-4,-18,-978,-286
-15,-250,-57,-1,65,-3,-18,-981,-281
-13,-252,-63,-2,66,-5,-16,-971,-280
-13,-252,-62,-3,66,-1,-17,-976,-283
-13,-253,-65,-4,67,-2,-21,-976,-282
-12,-254,-61,-2,68,-1,-21,-981,-280
-13,-252,-61,-1,70,0,-20,-981,-285
-12,-253,-63,-1,72,1,-18,-977,-285
-10,-253,-62,1,73,0,-15,-974,-277
-11,-254,-64,3,75,1,-17,-977,-280
-13,-254,-62,4,75,2,-19,-978,-281
-15,-253,-63,2,75,-1,-19,-978,-281
-11,-251,-63,2,75,0,-20,-975,-281
-12,-252,-62,2,75,0,-17,-974,-277
-12,-253,-61,0,77,0,-18,-981,-281
-13,-254,-64,-1,76,0,-19,-977,-276
-11,-254,-64,-1,78,1,-19,-974,-278
-11,-253,-65,-2,80,0,-20,-973,-275
-11,-253,-61,-3,81,-2,-18,-975,-269
-11,-254,-62,-4,82,0,-18,-978,-276
-12,-250,-61,-5,83,-1,-18,-977,-281
-11,-252,-62,-6,84,-1,-19,-971,-277
-14,-252,-64,-9,87,0,-20,-976,-279
-13,-256,-64,-11,88,-1,-21,-977,-279
-12,-254,-65,-12,92,-1,-19,-977,-282
-11,-254,-63,-14,92,-2,-19,-975,-279
-13,-255,-61,-13,91,-2,-20,-983,-284
-13,-256,-63,-11,91,0,-21,-980,-282
-13,-253,-63,-12,89,-1,-21,-983,-283
-12,-255,-63,-11,86,0,-18,-983,-286
-15,-255,-65,-11,86,1,-25,-979,-282
-13,-252,-64,-8,85,2,-21,-980,-283
-9,-254,-62,-7,84,3,-22,-983,-281
-13,-253,-64,-4,83,4,-17,-977,-282
-16,-252,-66,-2,82,4,-17,-980,-285
-13,-254,-62,1,81,5,-17,-980,-280
-10,-256,-63,3,83,4,-18,-983,-282
-14,-253,-64,1,84,5,-15,-982,-284
-11,-254,-62,3,85,5,-20,-979,-283
-10,-254,-62,2,88,3,-16,-979,-282
-11,-255,-63,3,91,4,-20,-976,-278
-11,-254,-60,3,93,4,-18,-974,-281
-11,-255,-62,3,96,5,-21,-976,-279
-14,-254,-63,3,95,5,-18,-983,-278
-10,-256,-60,2,94,4,-16,-981,-278
-11,-252,-64,3,94,4,-15,-978,-282
-10,-256,-61,4,95,4,-17,-977,-283
-11,-255,-63,4,93,3,-18,-976,-283
-14,-251,-60,5,93,4,-15,-979,-278
-12,-254,-62,5,92,3,-14,-977,-277
-11,-253,-63,4,93,2,-16,-976,-281
-12,-252,-63,3,95,1,-14,-978,-278
-12,-256,-60,3,95,0,-17,-978,-279
-11,-254,-64,3,94,0,-17,-977,-277
-13,-254,-62,3,93,0,-15,-979,-282
-11,-253,-66,3,94,0,-18,-986,-281
-12,-255,-64,3,93,0,-18,-982,-280
-11,-254,-64,3,94,-2,-19,-978,-279
-13,-251,-60,4,95,-2,-19,-979,-282
-11,-253,-61,6,97,-2,-21,-981,-279
-11,-254,-61,5,99,-2,-17,-984,-281
-12,-255,-62,5,99,-1,-19,-981,-279
-11,-255,-62,6,97,-1,-17,-976,-280
-12,-253,-62,4,97,-1,-18,-976,-278
-14,-252,-64,3,96,-1,-19,-978,-275
-14,-253,-62,4,96,0,-15,-976,-279
-10,-253,-61,3,96,1,-16,-980,-278
-12,-251,-62,1,95,1,-16,-978,-276
-13,-254,-63,1,94,0,-18,-982,-276
-12,-254,-64,0,93,1,-18,-985,-276
-11,-255,-63,0,91,0,-21,-981,-281
-10,-254,-65,-3,92,1,-18,-983,-279
-12,-252,-62,-4,93,0,-17,-982,-279
-12,-255,-65,-6,96,-1,-20,-977,-277
-13,-255,-64,-6,98,1,-20,-980,-278
-11,-255,-63,-6,99,-1,-18,-985,-269
-13,-253,-61,-5,97,-1,-19,-979,-276
-11,-254,-62,-5,96,-2,-20,-981,-282
-13,-252,-62,-2,96,-3,-17,-979,-278
-11,-253,-64,0,94,-1,-21,-981,-280
-11,-253,-65,1,94,-2,-24,-981,-284
-12,-254,-64,0,92,-2,-20,-975,-284
-12,-252,-61,-1,91,-1,-25,-972,-286
-12,-254,-62,-3,90,-1,-21,-979,-284
-11,-253,-65,-2,89,-2,-18,-978,-283
-12,-254,-65,-2,88,-2,-21,-978,-280
-12,-251,-64,-3,85,-4,-18,-981,-282
-13,-254,-65,-2,83,-3,-22,-979,-281
-11,-253,-65,-4,83,-3,-30,-982,-281
-13,-253,-63,-4,83,-3,-25,-978,-286
-16,-253,-65,-3,79,-4,-20,-985,-285
-13,-257,-64,-4,80,-5,-21,-983,-285
-14,-252,-64,-3,77,-5,-26,-983,-283
-14,-254,-64,0,77,-6,-20,-987,-283
-13,-257,-64,1,75,-5,-20,-981,-283
-17,-251,-62,3,76,-4,-25,-988,-283
-18,-252,-67,4,76,-6,-20,-982,-284
-14,-252,-62,4,78,-5,-27,-983,-282
-16,-254,-62,5,81,-6,-18,-985,-283
-13,-254,-62,2,81,-5,-22,-987,-283
-12,-253,-63,2,81,-7,-17,-982,-281
-12,-253,-60,3,79,-8,-20,-977,-281
-14,-255,-63,4,77,-7,-21,-976,-279
-11,-254,-64,7,75,-8,-20,-977,-282
-13,-252,-61,13,74,-8,-18,-982,-281
-12,-252,-64,16,74,-9,-15,-980,-279
-8,-253,-64,21,73,-8,-19,-976,-281
-11,-253,-63,22,74,-9,-17,-972,-281
-12,-251,-62,22,73,-10,-20,-969,-280
-12,-249,-64,22,73,-10,-17,-968,-270
-13,-250,-62,20,72,-10,-17,-969,-272
-13,-252,-61,17,70,-9,-20,-975,-277
-10,-254,-61,12,70,-11,-22,-971,-271
-11,-251,-63,5,69,-9,-16,-971,-272
-13,-254,-64,1,68,-9,-21,-981,-269
-15,-252,-59,-4,68,-8,-18,-973,-268
-12,-255,-61,-5,69,-9,-24,-983,-268
-12,-252,-61,-6,69,-8,-21,-978,-269
-13,-256,-63,-4,69,-8,-18,-983,-274
-13,-255,-64,-3,68,-8,-22,-978,-269
-13,-256,-59,-4,68,-7,-23,-983,-278
-16,-254,-63,-3,69,-9,-18,-982,-274
-11,-256,-62,-2,70,-8,-19,-979,-273
-12,-255,-63,-1,70,-9,-21,-982,-278
-12,-253,-63,-3,67,-8,-18,-978,-279
-14,-252,-62,-5,65,-9,-17,-978,-275
-12,-253,-60,-8,66,-11,-20,-977,-274
-16,-253,-61,-11,64,-9,-20,-980,-279
-12,-252,-63,-13,64,-10,-18,-980,-278
-13,-253,-63,-12,65,-11,-18,-979,-278
-13,-251,-64,-10,66,-10,-21,-978,-279
-15,-253,-64,-7,67,-10,-14,-980,-281
-15,-253,-63,-4,66,-10,-16,-985,-279
-12,-255,-62,-5,68,-10,-18,-986,-286
-11,-253,-63,-5,68,-11,-15,-980,-283
-12,-252,-63,-6,68,-10,-12,-988,-283
-12,-255,-63,-8,65,-10,-19,-979,-277
-12,-253,-59,-8,65,-9,-9,-982,-277
-11,-255,-59,-7,65,-9,-15,-981,-272
-12,-253,-62,-6,66,-11,-17,-980,-272
-11,-254,-59,-3,68,-10,-17,-984,-264
-13,-253,-60,0,69,-10,-19,-979,-265
-13,-253,-61,-1,72,-10,-11,-982,-264
-14,-254,-64,-1,74,-10,-17,-978,-271
-10,-253,-63,-3,76,-11,-19,-981,-272
-12,-253,-63,-6,75,-11,-16,-981,-271
-13,-253,-61,-8,76,-10,-19,-980,-273
-12,-256,-62,-6,73,-9,-18,-982,-266
-14,-255,-63,-8,72,-9,-22,-983,-272
-10,-256,-61,-8,70,-9,-16,-973,-273
-11,-253,-62,-7,67,-7,-22,-980,-276
-14,-252,-62,-7,68,-7,-19,-980,-274
-15,-254,-60,-8,67,-7,-18,-981,-274
-13,-253,-61,-10,66,-7,-19,-979,-279
-11,-255,-62,-13,66,-7,-21,-982,-280
-13,-255,-64,-16,66,-8,-17,-980,-275
-10,-254,-64,-17,68,-7,-17,-983,-276
-9,-254,-61,-19,67,-6,-24,-979,-281
-12,-255,-64,-19,67,-6,-17,-981,-282
-12,-255,-63,-18,65,-6,-18,-979,-288
-11,-253,-65,-16,62,-7,-18,-982,-283
-9,-254,-63,-14,62,-6,-16,-980,-282
-10,-254,-64,-12,63,-6,-18,-977,-284
-10,-254,-63,-12,62,-7,-16,-982,-281
-7,-255,-64,-11,61,-7,-15,-982,-282
-11,-254,-61,-9,62,-7,-16,-978,-279
-12,-254,-61,-8,62,-7,-15,-977,-270
-11,-253,-64,-8,63,-8,-13,-975,-275
-10,-255,-62,-8,65,-9,-17,-985,-273
-11,-254,-62,-6,64,-9,-18,-981,-275
-17,-253,-65,-5,63,-8,-19,-981,-275
-13,-253,-61,-4,63,-7,-16,-977,-279
-13,-254,-61,-4,62,-7,-18,-979,-276
-11,-254,-61,-1,62,-6,-18,-975,-273
-12,-254,-63,0,62,-8,-19,-979,-273
-14,-250,-62,0,61,-9,-17,-983,-274
-10,-253,-62,-1,61,-8,-17,-979,-275
-14,-252,-66,-2,62,-9,-17,-983,-279
-13,-250,-61,-6,61,-7,-22,-982,-276
-13,-253,-60,-9,59,-9,-22,-983,-280
-12,-255,-61,-9,58,-7,-16,-979,-280
-12,-255,-62,-8,57,-8,-18,-980,-276
-13,-252,-62,-6,57,-9,-21,-980,-281
-12,-255,-61,-5,60,-9,-18,-988,-280
-15,-255,-62,-5,58,-9,-19,-983,-275
-12,-255,-62,-5,61,-8,-16,-980,-279
-11,-254,-63,-7,63,-9,-20,-985,-284
-13,-251,-64,-8,63,-9,-18,-990,-279
-12,-254,-61,-7,61,-9,-14,-983,-280
-14,-253,-62,-9,59,-8,-15,-986,-278
-11,-255,-60,-8,57,-8,-17,-982,-280
-12,-255,-61,-7,58,-9,-16,-981,-280
-13,-259,-65,-5,59,-8,-16,-986,-282
-14,-251,-62,-5,61,-9,-15,-980,-285
-13,-251,-63,-4,63,-9,-17,-979,-280
-11,-250,-64,-5,64,-10,-17,-974,-284
-11,-253,-63,-5,65,-8,-15,-974,-279
-10,-253,-62,-5,65,-7,-16,-979,-279
-13,-249,-62,-5,65,-7,-16,-977,-281
-12,-254,-60,-6,65,-6,-17,-973,-276
-14,-254,-62,-6,66,-6,-14,-975,-275
-13,-253,-61,-7,66,-7,-18,-979,-269
-11,-254,-61,-9,65,-5,-16,-974,-277
-10,-253,-63,-9,65,-6,-16,-981,-271
-9,-251,-62,-10,64,-5,-17,-977,-271
-11,-254,-62,-11,65,-4,-14,-978,-268
-11,-253,-62,-11,64,-4,-15,-979,-269
-11,-253,-63,-13,65,-5,-17,-972,-273
-10,-253,-62,-14,66,-5,-14,-979,-279
-16,-251,-64,-15,66,-6,-15,-981,-279
-11,-254,-64,-17,65,-7,-17,-981,-277
-13,-249,-64,-16,65,-6,-14,-983,-277
-12,-252,-62,-18,65,-6,-14,-979,-277
-12,-252,-64,-18,65,-6,-15,-980,-274
-16,-258,-63,-18,66,-6,-16,-982,-270
-13,-253,-60,-17,67,-6,-15,-981,-280
-9,-253,-63,-19,68,-7,-10,-980,-278
-10,-256,-63,-21,70,-8,-12,-980,-276
-10,-254,-65,-23,73,-7,-18,-983,-280
-12,-255,-63,-24,75,-6,-12,-983,-272
-12,-255,-61,-24,77,-7,-11,-981,-277
-10,-256,-62,-24,77,-6,-15,-982,-277
-14,-254,-61,-23,77,-5,-15,-985,-278
-12,-255,-62,-20,75,-5,-15,-985,-277
-12,-252,-61,-17,73,-5,-10,-983,-279
-10,-254,-59,-15,74,-4,-14,-984,-277
-10,-256,-67,-13,74,-4,-10,-981,-279
-10,-255,-63,-13,74,-5,-17,-982,-268
-11,-253,-64,-14,76,-4,-9,-984,-277
-11,-255,-63,-13,78,-5,-12,-984,-273
-10,-254,-61,-14,78,-4,-15,-982,-273
-11,-255,-62,-14,80,-4,-11,-985,-280
-11,-253,-64,-16,80,-4,-16,-979,-276
-10,-252,-61,-15,80,-5,-12,-981,-281
-11,-254,-64,-13,79,-4,-15,-983,-277
-10,-253,-63,-13,80,-5,-10,-978,-275
-6,-252,-55,-13,79,-5,-15,-978,-280
-11,-254,-59,-11,81,-4,-19,-981,-274
-11,-253,-61,-11,81,-5,-20,-983,-280
-12,-253,-65,-11,80,-4,-16,-979,-271
-12,-256,-63,-12,81,-5,-15,-973,-278
-12,-253,-59,-12,81,-4,-20,-984,-275
-12,-254,-60,-14,81,-5,-18,-987,-278
-11,-254,-61,-14,81,-5,-17,-982,-277
-12,-254,-63,-14,79,-5,-19,-978,-276
-15,-255,-63,-12,76,-4,-17,-983,-280
-12,-254,-64,-12,75,-3,-18,-982,-279
-13,-256,-62,-10,75,-5,-17,-981,-273
-14,-255,-59,-7,74,-5,-15,-987,-271
-10,-256,-61,-6,74,-5,-16,-978,-275
-11,-253,-61,-4,74,-5,-17,-985,-275
-9,-254,-60,-4,73,-5,-17,-980,-275
-14,-254,-62,-4,75,-4,-18,-979,-268
-11,-255,-61,-6,73,-5,-19,-984,-277
-11,-254,-58,-7,72,-5,-17,-980,-280
-14,-255,-63,-9,70,-5,-19,-977,-271
-13,-253,-61,-12,69,-7,-23,-975,-275
-5,-250,-64,-11,68,-8,-15,-974,-274
-10,-255,-62,-10,68,-8,-17,-979,-275
-11,-254,-60,-7,66,-8,-16,-986,-266
-13,-255,-61,-5,66,-8,-19,-980,-273
-10,-255,-58,-4,68,-6,-16,-976,-272
-12,-254,-64,-3,68,-7,-14,-978,-277
-10,-254,-62,-4,68,-7,-19,-979,-278
-10,-254,-63,-9,70,-7,-15,-979,-276
-8,-253,-65,-14,69,-7,-15,-980,-285
-12,-254,-59,-17,70,-6,-12,-978,-277
-8,-253,-61,-18,71,-6,-16,-981,-277
-11,-256,-60,-20,70,-6,-18,-979,-277
-12,-253,-61,-19,68,-6,-15,-978,-270
-10,-255,-61,-18,67,-6,-13,-973,-277
-11,-253,-63,-17,65,-5,-13,-974,-274
-10,-254,-62,-18,66,-4,-16,-976,-278
-12,-253,-63,-18,66,-4,-16,-982,-277
-10,-256,-61,-19,66,-5,-16,-980,-269
-13,-253,-59,-20,66,-4,-13,-979,-277
-12,-254,-58,-21,66,-4,-14,-980,-269
-9,-253,-59,-21,67,-6,-12,-988,-271
-11,-254,-63,-21,67,-6,-13,-981,-268
-13,-256,-65,-21,68,-6,-17,-982,-273
-11,-255,-61,-20,66,-6,-13,-983,-277
-13,-254,-62,-21,68,-6,-13,-986,-269
-10,-256,-62,-20,68,-7,-18,-983,-273
-13,-256,-61,-18,68,-8,-13,-985,-281
-12,-255,-63,-20,67,-6,-17,-979,-276
-10,-254,-66,-19,69,-6,-15,-983,-277
-8,-255,-61,-21,69,-5,-14,-988,-279
-10,-254,-61,-20,68,-5,-14,-983,-281
-11,-255,-61,-19,69,-7,-19,-979,-278
-10,-254,-63,-18,68,-6,-15,-982,-275
-11,-253,-61,-15,68,-6,-16,-981,-276
-14,-255,-64,-11,68,-6,-17,-981,-272
-9,-253,-64,-8,69,-5,-15,-982,-278
-12,-252,-65,-6,67,-3,-15,-986,-279
-9,-254,-65,-3,67,-4,-10,-985,-282
-12,-256,-64,-1,64,-3,-12,-985,-284
-12,-253,-63,1,65,-3,-14,-980,-282
-7,-252,-61,1,65,-4,-14,-979,-278
-10,-254,-62,2,65,-3,-13,-981,-283
-9,-256,-62,2,65,-2,-9,-983,-275
-11,-252,-62,1,66,-2,-12,-977,-270
-7,-257,-62,-4,68,-3,-16,-982,-274
-10,-253,-60,-7,71,-4,-16,-984,-263
-11,-254,-61,-7,74,-4,-11,-982,-270
-11,-256,-60,-7,76,-5,-15,-980,-266
-11,-256,-62,-7,79,-5,-11,-986,-266
-11,-253,-61,-7,79,-4,-14,-989,-268
-12,-255,-60,-7,80,-4,-17,-985,-269
-12,-254,-62,-5,80,-5,-15,-985,-272
-15,-254,-62,-3,77,-4,-15,-984,-270
-12,-253,-61,0,76,-3,-17,-983,-274
-12,-255,-64,3,74,-3,-15,-983,-266
-11,-256,-63,5,74,-3,-21,-979,-278
-12,-255,-61,5,73,-4,-16,-978,-273
-11,-254,-64,4,73,-2,-16,-986,-274
-14,-255,-60,2,72,-1,-12,-978,-271
-10,-256,-59,1,73,-1,-13,-985,-270
-13,-256,-63,-1,72,-2,-18,-979,-270
-13,-255,-60,-3,73,-2,-16,-985,-280
-11,-255,-64,-4,74,-2,-20,-980,-271
-14,-256,-60,-3,72,-2,-18,-983,-268
-12,-254,-60,-3,70,-3,-21,-984,-272
