ADXL345 X,ADXL345 Y,ADXL345 Z,rotation X,rotation Y,rotation Z,MMA8451Q X,MMA8451Q Y,MMA8451Q Z
35,-262,-72,-39,40,-24,53,-1001,-133
32,-258,-70,-36,40,-24,47,-992,-129
33,-258,-79,-34,39,-22,49,-994,-130
32,-259,-70,-32,37,-22,47,-991,-129
34,-257,-69,-31,34,-22,50,-986,-133
33,-256,-71,-32,32,-23,51,-985,-126
33,-257,-68,-40,27,-22,48,-987,-122
33,-260,-69,-51,27,-25,54,-984,-114
34,-260,-71,-61,27,-25,50,-986,-117
36,-261,-69,-63,28,-25,49,-993,-122
34,-259,-69,-62,30,-24,48,-992,-124
35,-260,-73,-61,33,-24,51,-990,-128
34,-258,-69,-53,35,-25,54,-995,-132
32,-259,-73,-41,37,-25,55,-993,-132
36,-259,-73,-34,38,-24,54,-994,-137
35,-259,-77,-29,38,-24,55,-988,-139
34,-258,-78,-29,37,-22,58,-994,-138
38,-257,-77,-32,36,-22,57,-987,-138
36,-259,-75,-33,37,-21,59,-988,-137
41,-258,-76,-35,37,-20,54,-988,-134
35,-261,-74,-33,37,-19,56,-992,-127
34,-260,-69,-31,36,-18,51,-987,-125
32,-259,-70,-32,38,-18,45,-991,-122
31,-256,-73,-36,40,-16,55,-986,-121
32,-256,-70,-39,44,-15,58,-990,-123
32,-258,-71,-45,45,-13,55,-984,-121
35,-256,-69,-51,49,-12,48,-985,-121
40,-259,-71,-52,47,-11,57,-990,-124
36,-257,-66,-55,48,-11,52,-985,-123
35,-256,-69,-55,44,-9,52,-983,-125
34,-258,-71,-57,41,-9,55,-984,-125
33,-258,-72,-59,38,-10,53,-986,-130
35,-259,-69,-59,33,-9,53,-990,-130
35,-258,-72,-59,31,-8,57,-1002,-139
34,-262,-76,-59,31,-8,51,-995,-133
34,-260,-72,-59,29,-8,51,-997,-134
33,-262,-75,-58,31,-7,48,-999,-135
35,-263,-76,-58,33,-7,43,-1001,-134
33,-263,-75,-54,33,-9,49,-998,-132
33,-260,-73,-48,36,-10,46,-999,-133
34,-262,-75,-44,36,-10,48,-994,-137
36,-262,-75,-38,37,-10,50,-996,-132
31,-262,-72,-32,38,-11,46,-994,-131
33,-257,-69,-29,37,-14,52,-993,-134
33,-260,-72,-26,35,-14,46,-992,-129
36,-258,-70,-25,32,-14,46,-989,-126
38,-257,-68,-27,31,-16,43,-990,-129
29,-256,-71,-28,30,-15,51,-990,-126
33,-259,-69,-24,28,-16,49,-988,-127
33,-256,-67,-23,26,-14,52,-990,-126
35,-261,-69,-20,24,-15,53,-992,-130
35,-259,-71,-13,21,-15,47,-992,-126
29,-258,-72,-8,18,-14,47,-990,-127
37,-259,-68,-7,16,-12,50,-987,-128
34,-259,-73,-4,14,-11,51,-988,-128
32,-257,-71,-3,14,-10,50,-989,-128
34,-258,-69,-5,14,-8,51,-990,-127
35,-259,-70,-5,14,-9,51,-988,-123
31,-258,-72,-4,14,-7,50,-990,-127
37,-254,-60,-7,15,-7,49,-986,-125
34,-260,-72,-8,16,-5,43,-983,-121
32,-256,-72,-12,18,-4,51,-987,-119
33,-258,-71,-17,20,-5,47,-986,-129
34,-261,-70,-23,23,-4,51,-988,-124
39,-259,-68,-29,27,-4,52,-986,-125
34,-257,-73,-35,28,-5,48,-987,-122
36,-260,-69,-39,31,-7,47,-989,-117
31,-256,-71,-46,31,-6,51,-981,-118
35,-258,-71,-51,32,-5,45,-983,-124
34,-260,-74,-55,31,-6,49,-987,-125
33,-257,-71,-59,33,-7,50,-987,-128
33,-258,-72,-64,28,-8,47,-989,-125
32,-255,-72,-68,27,-8,41,-987,-134
34,-258,-67,-74,24,-7,41,-988,-129
33,-260,-73,-76,22,-7,43,-989,-131
34,-259,-73,-76,20,-7,40,-989,-135
31,-260,-73,-73,20,-5,43,-995,-137
32,-262,-70,-70,21,-5,43,-996,-137
31,-260,-73,-63,22,-5,47,-991,-138
34,-263,-74,-55,24,-5,46,-995,-142
38,-262,-75,-49,25,-5,47,-993,-143
34,-262,-75,-45,25,-6,45,-1000,-144
33,-262,-76,-39,24,-6,46,-999,-143
33,-260,-73,-36,21,-6,44,-994,-141
31,-260,-75,-34,19,-3,49,-995,-140
32,-261,-74,-34,17,-5,50,-992,-143
34,-261,-77,-33,13,-5,45,-997,-138
33,-260,-73,-34,10,-4,43,-994,-133
35,-259,-71,-33,7,-2,42,-989,-130
31,-260,-68,-33,4,-1,45,-986,-123
31,-258,-71,-34,2,-1,42,-988,-126
40,-256,-68,-33,-2,0,42,-980,-121
30,-257,-70,-32,-3,1,50,-984,-120
35,-259,-69,-32,-3,1,39,-985,-119
31,-258,-70,-33,-1,1,42,-978,-116
32,-256,-66,-34,0,4,43,-981,-116
30,-256,-68,-35,2,4,41,-980,-114
33,-257,-69,-37,1,6,40,-984,-120
32,-256,-66,-41,3,4,46,-983,-124
32,-256,-68,-41,5,5,39,-985,-112
34,-261,-66,-46,6,6,40,-987,-120
32,-260,-71,-49,8,5,45,-992,-122
32,-258,-68,-52,7,5,45,-989,-115
32,-258,-69,-52,7,6,41,-987,-123
33,-258,-68,-51,4,5,47,-989,-118
29,-256,-71,-52,2,6,41,-991,-122
34,-259,-69,-52,0,7,40,-995,-123
31,-259,-72,-53,-1,7,40,-986,-124
29,-264,-70,-55,-1,8,39,-992,-123
30,-259,-70,-57,-3,8,39,-992,-128
28,-259,-70,-59,-4,10,32,-996,-128
31,-262,-69,-59,-7,12,32,-999,-123
30,-262,-73,-61,-10,13,27,-999,-126
32,-263,-70,-61,-14,13,29,-1003,-130
27,-261,-72,-60,-17,15,28,-1000,-130
30,-264,-72,-58,-20,13,27,-1003,-131
29,-265,-73,-56,-20,13,30,-1001,-129
26,-261,-69,-53,-21,12,25,-997,-129
28,-265,-76,-48,-23,11,30,-997,-135
29,-259,-73,-44,-25,10,26,-993,-133
26,-258,-70,-42,-28,8,31,-992,-132
26,-257,-73,-47,-34,8,25,-986,-131
26,-257,-71,-55,-37,6,27,-982,-125
28,-258,-70,-65,-41,6,29,-991,-121
30,-259,-73,-70,-44,5,24,-991,-119
27,-260,-69,-70,-47,5,16,-992,-129
24,-258,-72,-65,-50,4,22,-989,-127
26,-260,-71,-57,-51,4,31,-992,-125
27,-257,-76,-47,-51,2,23,-992,-135
28,-260,-75,-38,-52,3,22,-994,-137
28,-258,-75,-35,-52,3,25,-994,-143
27,-259,-75,-35,-55,5,23,-992,-137
28,-260,-75,-35,-56,5,23,-996,-138
28,-259,-73,-41,-58,6,19,-992,-134
27,-260,-76,-44,-60,6,18,-991,-133
25,-259,-72,-45,-63,7,20,-993,-131
25,-258,-70,-40,-64,6,23,-993,-131
27,-262,-68,-36,-65,7,23,-992,-125
24,-259,-72,-34,-65,6,21,-996,-124
25,-260,-69,-32,-66,5,18,-993,-125
24,-259,-76,-32,-67,6,18,-991,-124
26,-260,-66,-34,-70,5,16,-987,-123
25,-257,-71,-39,-74,5,20,-983,-125
24,-259,-71,-45,-79,2,21,-983,-128
24,-258,-67,-51,-85,1,20,-985,-124
26,-258,-72,-55,-92,0,20,-982,-123
22,-261,-73,-59,-100,-1,14,-986,-122
24,-258,-73,-61,-107,-1,19,-993,-127
26,-260,-70,-61,-113,-2,22,-994,-128
25,-260,-74,-61,-117,-4,24,-994,-127
24,-266,-75,-58,-120,-3,11,-997,-129
24,-262,-75,-55,-121,-3,17,-996,-135
25,-263,-71,-53,-123,-5,13,-999,-132
25,-261,-74,-48,-123,-7,13,-998,-133
26,-265,-73,-44,-124,-7,17,-999,-136
25,-262,-73,-40,-125,-9,14,-1004,-132
27,-263,-78,-34,-127,-8,12,-997,-131
27,-265,-71,-28,-130,-12,14,-1001,-130
25,-263,-71,-24,-134,-14,10,-1001,-134
24,-261,-72,-22,-138,-15,15,-1000,-131
26,-261,-74,-22,-141,-16,16,-998,-132
25,-261,-73,-24,-146,-18,20,-992,-134
24,-261,-75,-27,-149,-19,14,-994,-136
26,-261,-74,-30,-155,-22,18,-994,-132
24,-258,-71,-31,-159,-25,24,-992,-137
27,-262,-71,-32,-164,-25,14,-997,-134
25,-260,-72,-29,-169,-26,17,-990,-135
40,-259,-69,-30,-176,-29,22,-992,-137
30,-259,-74,-27,-181,-28,20,-994,-140
27,-260,-73,-25,-186,-28,18,-992,-146
26,-258,-73,-22,-190,-32,18,-986,-143
27,-258,-73,-21,-193,-31,15,-986,-149
27,-255,-75,-19,-197,-32,21,-982,-140
26,-257,-77,-19,-202,-32,22,-983,-138
26,-255,-79,-19,-205,-32,23,-983,-142
25,-255,-78,-17,-208,-32,25,-980,-143
29,-257,-75,-18,-210,-34,22,-978,-141
27,-257,-73,-18,-212,-37,30,-982,-144
27,-257,-74,-21,-213,-37,34,-972,-139
30,-254,-72,-23,-217,-39,33,-979,-144
33,-257,-75,-30,-218,-39,36,-976,-141
33,-257,-75,-35,-221,-41,45,-982,-138
33,-257,-72,-40,-224,-43,48,-978,-138
33,-256,-75,-41,-226,-47,50,-979,-145
34,-255,-77,-44,-229,-48,52,-982,-140
38,-258,-79,-47,-232,-52,57,-981,-140
35,-257,-73,-48,-236,-55,52,-982,-143
34,-256,-77,-52,-241,-58,56,-977,-147
37,-256,-75,-56,-247,-58,61,-977,-142
33,-253,-75,-62,-251,-58,53,-973,-146
36,-256,-74,-65,-255,-57,55,-972,-145
34,-255,-78,-69,-258,-56,42,-969,-140
36,-256,-74,-72,-262,-54,47,-971,-143
32,-256,-71,-76,-269,-50,46,-968,-143
31,-253,-76,-74,-278,-47,43,-972,-151
31,-254,-73,-77,-287,-46,46,-974,-141
34,-257,-77,-80,-297,-44,47,-973,-139
33,-256,-77,-80,-311,-43,41,-982,-136
32,-257,-70,-79,-326,-43,48,-983,-133
30,-260,-69,-78,-343,-42,48,-990,-127
32,-259,-67,-75,-364,-42,45,-990,-125
29,-261,-68,-74,-386,-41,50,-994,-117
33,-259,-69,-73,-409,-41,50,-1003,-115
34,-262,-69,-71,-430,-43,46,-1003,-116
35,-261,-67,-75,-448,-44,58,-1000,-114
34,-260,-64,-79,-463,-46,56,-1000,-111
33,-260,-63,-85,-474,-52,57,-1003,-113
34,-262,-70,-88,-487,-55,55,-1004,-111
36,-267,-65,-92,-499,-60,58,-1008,-107
37,-268,-69,-96,-514,-64,54,-1015,-113
36,-265,-69,-100,-531,-69,60,-1013,-112
41,-270,-57,-100,-549,-74,60,-1020,-118
38,-266,-69,-101,-566,-80,75,-1021,-117
40,-271,-69,-99,-582,-88,77,-1030,-116
41,-272,-70,-93,-597,-96,82,-1034,-112
45,-272,-67,-82,-615,-107,82,-1038,-107
41,-272,-67,-64,-632,-113,78,-1035,-108
42,-272,-66,-41,-652,-117,75,-1028,-109
39,-271,-67,-16,-670,-122,66,-1031,-111
39,-270,-68,7,-690,-122,70,-1026,-114
38,-270,-70,25,-710,-124,58,-1024,-119
34,-269,-68,42,-729,-122,59,-1015,-120
34,-268,-69,54,-751,-121,54,-1013,-125
31,-266,-67,62,-777,-118,45,-1014,-127
32,-265,-70,69,-803,-116,48,-1006,-126
30,-266,-70,76,-831,-112,43,-1003,-123
28,-263,-68,85,-859,-110,38,-1004,-119
29,-264,-68,89,-887,-108,35,-1003,-116
28,-262,-70,96,-914,-107,28,-1005,-115
27,-262,-64,98,-937,-107,30,-1008,-105
30,-262,-64,100,-959,-107,29,-1003,-108
27,-261,-67,98,-976,-108,29,-1003,-100
21,-262,-77,97,-990,-111,34,-1000,-95
29,-264,-65,93,-1005,-115,31,-989,-90
31,-258,-61,86,-1020,-118,36,-993,-87
27,-256,-65,79,-1033,-120,33,-985,-93
30,-257,-64,72,-1045,-120,28,-983,-83
31,-256,-65,62,-1060,-121,29,-972,-88
28,-254,-62,51,-1074,-120,23,-965,-86
27,-252,-64,46,-1086,-118,19,-960,-92
27,-253,-65,43,-1095,-114,14,-950,-103
30,-246,-71,43,-1101,-107,30,-937,-108
24,-259,-59,45,-1104,-102,34,-926,-119
31,-241,-75,46,-1106,-96,40,-916,-129
35,-238,-73,43,-1112,-90,53,-906,-139
34,-234,-82,37,-1119,-79,57,-900,-150
38,-235,-78,22,-1127,-67,68,-894,-159
42,-235,-83,7,-1135,-52,73,-889,-180
42,-235,-85,-14,-1144,-35,85,-886,-172
48,-238,-82,-34,-1150,-17,97,-915,-179
50,-238,-82,-52,-1153,2,114,-915,-171
55,-247,-82,-69,-1159,19,129,-936,-171
58,-251,-81,-81,-1166,37,139,-949,-163
62,-258,-78,-94,-1173,51,156,-979,-166
65,-262,-80,-103,-1178,59,173,-1001,-155
68,-267,-75,-110,-1176,60,191,-1021,-151
70,-270,-78,-119,-1168,55,193,-1048,-155
70,-276,-81,-128,-1155,44,194,-1060,-151
69,-278,-76,-141,-1143,29,197,-1067,-169
68,-279,-84,-157,-1136,13,183,-1062,-175
63,-275,-86,-175,-1137,-6,168,-1061,-184
57,-274,-91,-189,-1146,-21,146,-1040,-198
54,-269,-94,-195,-1158,-28,120,-1024,-217
44,-265,-95,-191,-1166,-26,97,-1007,-227
40,-257,-100,-174,-1162,-17,76,-987,-242
36,-257,-102,-156,-1143,-2,51,-970,-256
31,-256,-104,-137,-1110,14,31,-962,-261
24,-253,-104,-121,-1070,30,15,-952,-270
22,-255,-106,-111,-1027,45,-1,-957,-269
22,-256,-108,-110,-986,56,-18,-961,-269
14,-256,-104,-112,-953,61,-25,-969,-261
14,-257,-105,-118,-928,62,-31,-977,-254
14,-260,-104,-124,-908,60,-34,-993,-244
14,-262,-96,-128,-896,53,-44,-997,-229
7,-263,-97,-128,-890,44,-46,-998,-225
4,-261,-97,-126,-891,34,-58,-1003,-219
2,-265,-93,-117,-900,22,-69,-996,-208
0,-262,-90,-106,-916,11,-81,-996,-199
-2,-260,-87,-90,-938,-2,-94,-987,-195
-9,-255,-85,-77,-968,-14,-111,-976,-194
-15,-256,-91,-62,-1001,-25,-123,-970,-191
-15,-254,-89,-50,-1037,-31,-141,-964,-186
-21,-252,-82,-41,-1073,-37,-154,-949,-184
-26,-247,-87,-35,-1109,-43,-173,-947,-179
-24,-250,-86,-29,-1144,-50,-187,-947,-178
-31,-249,-83,-24,-1180,-54,-193,-945,-167
-30,-252,-74,-14,-1217,-59,-197,-948,-151
-32,-250,-73,-1,-1254,-65,-195,-955,-136
-27,-252,-70,16,-1294,-70,-185,-957,-129
-26,-252,-71,31,-1331,-76,-177,-958,-115
-23,-253,-66,51,-1365,-80,-166,-964,-104
-19,-255,-66,66,-1394,-84,-156,-971,-92
-14,-255,-65,77,-1421,-88,-136,-981,-92
-11,-258,-64,80,-1441,-89,-112,-985,-94
-2,-260,-65,70,-1454,-89,-100,-990,-93
0,-261,-62,51,-1458,-91,-92,-997,-94
2,-267,-67,28,-1461,-92,-74,-1002,-90
3,-261,-68,2,-1460,-88,-56,-1004,-90
8,-262,-64,-23,-1456,-87,-42,-1006,-92
11,-261,-66,-49,-1448,-85,-32,-1005,-106
17,-263,-67,-71,-1438,-80,-19,-1005,-116
18,-262,-69,-103,-1427,-72,-4,-1008,-127
23,-264,-73,-138,-1418,-65,7,-1009,-140
28,-260,-79,-178,-1406,-60,15,-1007,-145
31,-264,-74,-212,-1393,-57,24,-1005,-151
32,-265,-76,-240,-1375,-59,38,-1010,-148
33,-266,-75,-258,-1355,-58,40,-1020,-147
32,-268,-72,-263,-1332,-54,42,-1024,-136
32,-269,-81,-257,-1313,-49,38,-1031,-135
30,-275,-76,-245,-1300,-39,31,-1036,-143
27,-273,-77,-227,-1292,-29,17,-1029,-149
25,-270,-79,-209,-1289,-16,12,-1036,-159
18,-272,-82,-189,-1291,-2,-4,-1028,-167
15,-267,-77,-173,-1298,13,-26,-1019,-173
11,-268,-84,-156,-1310,28,-34,-1022,-173
9,-267,-81,-146,-1324,48,-47,-1019,-171
2,-266,-76,-136,-1337,65,-63,-1023,-164
-8,-267,-76,-119,-1345,77,-80,-1009,-158
1,-266,-75,-97,-1349,85,-96,-1013,-149
-3,-266,-74,-71,-1348,88,-104,-1010,-149
-3,-266,-79,-46,-1342,87,-105,-1007,-133
-1,-266,-72,-23,-1332,81,-100,-1008,-130
-1,-265,-69,-3,-1319,66,-98,-1004,-121
1,-264,-69,10,-1304,50,-78,-1003,-118
2,-263,-71,20,-1290,34,-74,-1003,-115
6,-260,-68,23,-1272,16,-57,-999,-111
10,-258,-73,22,-1255,1,-45,-994,-112
28,-259,-63,18,-1238,-12,-33,-992,-116
15,-257,-70,6,-1217,-20,-23,-989,-125
20,-256,-79,-9,-1197,-24,-4,-983,-139
24,-256,-76,-35,-1178,-22,4,-984,-139
27,-256,-79,-63,-1157,-14,12,-973,-149
28,-255,-78,-93,-1135,-2,28,-969,-149
31,-257,-77,-125,-1115,13,35,-977,-145
37,-259,-74,-146,-1096,30,42,-986,-146
36,-261,-73,-157,-1083,49,54,-993,-135
37,-262,-68,-156,-1075,69,50,-1003,-133
34,-267,-72,-150,-1066,88,53,-1013,-135
32,-269,-72,-138,-1054,105,48,-1030,-130
33,-270,-71,-122,-1040,119,54,-1036,-128
31,-273,-74,-100,-1023,130,43,-1045,-129
30,-274,-68,-77,-1002,138,36,-1049,-129
28,-275,-70,-51,-980,146,24,-1055,-129
24,-273,-68,-29,-959,153,18,-1055,-129
20,-274,-74,-7,-937,161,3,-1053,-130
16,-274,-72,12,-917,164,-5,-1052,-126
13,-269,-70,32,-898,168,-29,-1037,-126
10,-270,-68,47,-878,169,-38,-1025,-124
8,-267,-68,59,-857,170,-50,-1022,-123
5,-264,-66,70,-836,170,-60,-1009,-118
2,-261,-70,79,-817,171,-65,-1001,-115
-1,-257,-68,88,-798,168,-78,-995,-107
2,-259,-67,92,-778,163,-92,-986,-113
0,-256,-69,90,-760,163,-100,-976,-115
-5,-255,-69,83,-746,164,-108,-975,-106
-8,-251,-67,73,-735,166,-115,-967,-112
-8,-254,-66,60,-728,166,-121,-966,-100
-12,-252,-62,44,-720,168,-124,-959,-98
-10,-252,-64,26,-713,168,-128,-960,-99
-13,-251,-67,16,-707,167,-136,-955,-101
-16,-241,-75,7,-706,163,-139,-954,-98
-13,-250,-66,2,-704,160,-135,-952,-104
-11,-252,-64,-1,-706,154,-132,-948,-106
-9,-248,-66,-2,-707,148,-123,-945,-103
-11,-244,-69,-1,-708,136,-126,-933,-113
-6,-245,-69,-2,-708,124,-121,-934,-116
-11,-243,-68,-11,-704,113,-120,-928,-119
-10,-242,-68,-25,-695,104,-119,-923,-121
-9,-244,-70,-43,-684,96,-118,-927,-114
-9,-247,-66,-65,-676,91,-121,-928,-111
-7,-247,-65,-86,-665,88,-119,-934,-103
-8,-249,-66,-103,-661,85,-121,-943,-96
-8,-252,-62,-121,-660,85,-121,-950,-92
-11,-253,-64,-134,-658,85,-119,-962,-100
-9,-252,-64,-145,-655,85,-120,-967,-87
-9,-254,-58,-154,-650,89,-115,-972,-83
-9,-254,-62,-161,-642,88,-118,-981,-78
-14,-256,-59,-165,-634,90,-116,-984,-77
-9,-260,-59,-167,-626,88,-116,-981,-75
-9,-256,-59,-166,-618,85,-116,-986,-82
-7,-258,-62,-167,-610,85,-118,-992,-75
-8,-260,-62,-167,-600,84,-120,-990,-76
-13,-256,-59,-167,-591,81,-123,-991,-76
-10,-260,-62,-165,-583,79,-133,-994,-87
-15,-260,-63,-165,-577,79,-140,-998,-85
-12,-262,-63,-164,-568,81,-139,-998,-83
-15,-262,-61,-163,-564,82,-141,-992,-86
-17,-259,-63,-159,-562,80,-144,-993,-84
-15,-261,-64,-153,-561,73,-144,-984,-85
-19,-258,-61,-150,-559,64,-150,-988,-87
-19,-258,-63,-145,-551,57,-147,-983,-84
-17,-257,-64,-146,-546,52,-150,-982,-88
-19,-255,-62,-151,-541,46,-152,-982,-87
-22,-255,-64,-156,-539,42,-159,-985,-80
-19,-257,-62,-163,-536,39,-158,-984,-83
-20,-258,-58,-167,-531,35,-158,-986,-76
-18,-259,-61,-171,-526,30,-162,-988,-79
-22,-259,-65,-171,-519,24,-161,-986,-79
-22,-254,-62,-167,-513,21,-168,-983,-80
-22,-260,-60,-161,-507,17,-168,-986,-78
-20,-260,-62,-153,-500,15,-166,-989,-77
-20,-259,-64,-150,-492,13,-169,-984,-81
-31,-265,-58,-144,-488,11,-168,-982,-81
-16,-261,-66,-138,-485,13,-173,-976,-85
-31,-249,-59,-136,-483,17,-169,-972,-81
-25,-253,-55,-135,-481,23,-176,-967,-81
-21,-252,-58,-137,-477,31,-174,-967,-78
-25,-251,-57,-137,-476,32,-173,-961,-71
-26,-249,-60,-138,-470,26,-186,-960,-73
-26,-250,-59,-146,-463,24,-183,-962,-64
-26,-252,-56,-159,-463,22,-187,-953,-64
-24,-252,-56,-164,-467,18,-189,-960,-59
-26,-252,-53,-167,-469,19,-186,-952,-56
-20,-247,-53,-170,-468,21,-186,-955,-57
-29,-247,-56,-171,-465,22,-185,-963,-55
-25,-250,-54,-178,-460,23,-187,-953,-47
-24,-251,-56,-184,-456,21,-186,-955,-57
-26,-251,-56,-196,-451,19,-181,-948,-55
-25,-250,-51,-208,-445,18,-185,-956,-54
-26,-251,-55,-220,-440,17,-174,-951,-54
-23,-250,-53,-230,-435,14,-181,-959,-50
-23,-251,-56,-240,-430,11,-175,-955,-42
-23,-252,-48,-244,-426,3,-180,-960,-44
-24,-250,-54,-245,-421,-5,-178,-960,-45
-24,-253,-51,-246,-418,-11,-175,-959,-38
-27,-247,-48,-249,-411,-15,-181,-964,-41
-23,-252,-52,-252,-402,-20,-178,-967,-31
-27,-250,-50,-255,-392,-23,-177,-965,-34
-21,-253,-49,-254,-377,-26,-173,-962,-29
-22,-252,-52,-255,-363,-30,-174,-963,-31
-22,-253,-49,-254,-346,-34,-174,-959,-27
-26,-249,-48,-251,-332,-36,-173,-958,-30
-24,-249,-48,-249,-320,-38,-175,-956,-29
-23,-249,-50,-251,-311,-38,-176,-950,-27
-24,-250,-49,-254,-301,-38,-180,-950,-28
-26,-251,-48,-259,-291,-38,-179,-947,-25
-27,-248,-47,-266,-282,-39,-185,-942,-25
-25,-249,-45,-270,-273,-40,-191,-941,-25
-31,-244,-47,-275,-267,-40,-187,-936,-26
-30,-247,-44,-282,-264,-40,-192,-942,-27
-32,-246,-48,-290,-263,-40,-203,-943,-24
-37,-246,-44,-300,-263,-42,-207,-944,-31
-33,-248,-48,-311,-262,-44,-210,-949,-36
-34,-253,-49,-321,-262,-46,-208,-960,-36
-32,-257,-55,-335,-257,-48,-212,-969,-40
-33,-258,-53,-347,-252,-52,-215,-983,-39
-33,-261,-52,-359,-244,-57,-212,-997,-42
-38,-269,-47,-370,-236,-65,-210,-1015,-42
-30,-271,-50,-378,-226,-74,-206,-1032,-44
-27,-277,-46,-385,-213,-83,-197,-1063,-39
-26,-283,-50,-387,-196,-92,-193,-1082,-40
-24,-288,-50,-390,-175,-101,-183,-1102,-48
-27,-290,-49,-397,-145,-116,-176,-1116,-43
-20,-295,-50,-403,-108,-129,-170,-1128,-40
-17,-299,-53,-412,-68,-145,-161,-1140,-49
-15,-302,-52,-418,-29,-160,-150,-1149,-39
-11,-300,-54,-425,13,-173,-142,-1142,-40
-11,-301,-52,-422,53,-179,-133,-1148,-42
-8,-299,-51,-418,90,-188,-126,-1143,-52
-11,-297,-59,-409,115,-195,-133,-1137,-66
-17,-295,-65,-399,121,-202,-152,-1121,-110
-29,-291,-75,-394,99,-207,-184,-1109,-160
-45,-284,-89,-393,40,-213,-246,-1090,-201
-61,-280,-104,-397,-42,-217,-304,-1073,-239
-64,-281,-109,-408,-116,-215,-337,-1070,-283
-70,-287,-116,-427,-147,-212,-363,-1096,-311
-71,-294,-120,-456,-111,-216,-387,-1133,-331
-70,-309,-122,-501,-12,-232,-381,-1190,-328
-63,-323,-113,-547,113,-249,-350,-1251,-300
-57,-342,-104,-592,227,-255,-308,-1325,-255
-41,-362,-89,-624,307,-238,-238,-1402,-202
-20,-387,-76,-639,350,-192,-172,-1472,-164
-2,-399,-74,-622,358,-137,-95,-1526,-140
9,-410,-71,-573,347,-92,-33,-1558,-143
19,-407,-75,-499,326,-61,1,-1555,-155
31,-401,-84,-391,299,-34,31,-1533,-183
37,-389,-95,-261,259,-15,74,-1472,-220
43,-373,-110,-108,210,-14,88,-1401,-290
39,-346,-128,46,166,-28,70,-1316,-360
38,-323,-144,169,150,-46,46,-1229,-432
32,-297,-167,242,170,-69,37,-1154,-486
30,-280,-170,256,217,-96,14,-1089,-525
22,-263,-175,213,282,-128,-12,-1026,-540
14,-256,-167,131,347,-161,-37,-989,-527
4,-248,-157,32,396,-195,-54,-956,-485
1,-243,-156,-67,417,-228,-71,-928,-459
-4,-237,-147,-152,410,-255,-96,-909,-434
-2,-236,-141,-215,386,-274,-96,-891,-419
1,-232,-144,-257,361,-288,-83,-882,-423
2,-241,-140,-281,349,-301,-65,-878,-434
11,-232,-153,-292,356,-318,-52,-877,-447
11,-235,-157,-292,378,-334,-31,-888,-458
19,-238,-158,-287,413,-349,-8,-904,-471
24,-245,-159,-270,449,-367,4,-906,-486
26,-248,-160,-237,487,-370,9,-928,-497
27,-254,-166,-205,525,-366,22,-954,-511
27,-261,-168,-179,559,-358,13,-982,-529
21,-264,-171,-163,581,-336,6,-998,-525
20,-269,-169,-154,590,-307,-1,-1027,-518
18,-278,-164,-144,586,-275,-10,-1056,-507
18,-282,-160,-126,574,-237,-2,-1071,-494
22,-285,-153,-97,561,-195,3,-1072,-469
24,-277,-145,-49,539,-149,13,-1058,-448
21,-271,-142,18,508,-103,16,-1038,-422
30,-270,-145,92,469,-60,28,-1011,-407
30,-258,-136,155,433,-39,36,-987,-401
30,-255,-140,193,404,-36,41,-967,-401
35,-252,-141,213,381,-48,43,-953,-396
33,-245,-142,202,361,-68,45,-940,-405
33,-246,-138,164,348,-98,41,-930,-396
30,-244,-136,112,339,-137,37,-930,-392
24,-244,-136,56,330,-181,23,-933,-390
23,-252,-133,3,319,-226,2,-942,-379
15,-253,-129,-39,301,-271,-14,-952,-365
13,-255,-127,-69,283,-316,-31,-964,-346
7,-258,-125,-84,258,-358,-47,-980,-343
4,-254,-124,-91,234,-395,-60,-987,-334
0,-260,-118,-92,206,-420,-79,-990,-329
-1,-263,-124,-88,176,-433,-81,-997,-331
-3,-264,-124,-83,144,-440,-91,-1003,-327
1,-263,-121,-74,111,-439,-93,-1002,-330
0,-263,-122,-65,81,-432,-80,-1001,-329
2,-260,-126,-54,56,-416,-71,-996,-330
3,-261,-123,-42,35,-399,-60,-988,-327
8,-257,-119,-23,15,-382,-44,-973,-323
15,-256,-125,1,0,-365,-25,-963,-324
22,-249,-120,25,-18,-343,0,-949,-322
27,-247,-122,56,-36,-325,23,-934,-321
29,-245,-119,87,-51,-313,37,-917,-322
36,-238,-121,119,-64,-302,50,-900,-317
36,-233,-124,146,-78,-292,67,-885,-322
42,-229,-118,166,-90,-282,79,-868,-317
47,-228,-121,180,-101,-273,89,-855,-317
43,-220,-118,188,-107,-268,99,-850,-310
51,-227,-118,187,-109,-267,104,-843,-308
49,-223,-117,182,-111,-268,99,-842,-297
48,-223,-116,174,-111,-272,101,-838,-296
48,-222,-113,163,-112,-276,94,-845,-288
43,-222,-111,148,-111,-280,91,-844,-275
44,-226,-108,135,-108,-287,82,-849,-274
43,-229,-107,119,-102,-294,77,-854,-273
43,-231,-107,106,-92,-297,69,-864,-269
39,-231,-103,99,-79,-298,60,-866,-261
36,-229,-105,94,-64,-300,48,-864,-259
32,-225,-107,99,-52,-301,48,-857,-254
32,-225,-105,110,-41,-301,42,-851,-254
33,-224,-107,123,-29,-303,43,-851,-262
33,-227,-105,131,-14,-304,37,-845,-262
26,-224,-105,135,2,-303,31,-844,-262
29,-224,-100,137,17,-302,29,-839,-259
28,-222,-104,138,30,-298,30,-834,-259
29,-220,-100,136,40,-293,32,-840,-253
32,-222,-104,134,48,-283,38,-844,-246
33,-224,-98,133,53,-274,43,-842,-236
36,-224,-99,134,55,-263,54,-843,-226
29,-227,-97,140,54,-253,58,-847,-219
39,-223,-92,143,56,-244,67,-841,-216
39,-222,-95,149,58,-235,77,-848,-214
43,-224,-90,154,62,-226,81,-847,-211
43,-221,-91,156,69,-218,87,-845,-209
48,-222,-94,156,77,-211,94,-844,-212
50,-224,-96,150,89,-207,101,-847,-218
52,-222,-93,140,103,-205,115,-847,-215
50,-220,-97,129,119,-201,118,-846,-220
52,-221,-98,114,133,-200,119,-847,-219
61,-212,-110,99,146,-195,128,-844,-221
54,-223,-93,86,159,-193,127,-845,-221
55,-222,-100,72,173,-191,132,-847,-225
55,-225,-93,59,186,-185,129,-850,-223
57,-223,-93,50,200,-183,134,-851,-233
58,-226,-98,41,214,-181,130,-853,-223
55,-224,-93,34,230,-175,130,-859,-229
55,-229,-95,28,245,-171,127,-861,-229
53,-227,-95,26,257,-166,120,-855,-236
46,-228,-97,24,265,-160,110,-863,-228
50,-228,-100,26,269,-152,97,-865,-231
45,-228,-99,30,266,-145,91,-855,-234
42,-229,-97,32,260,-137,87,-859,-229
43,-229,-97,32,252,-128,81,-860,-234
38,-228,-97,33,242,-117,78,-863,-238
38,-229,-96,29,233,-109,71,-872,-228
37,-231,-93,28,224,-106,60,-880,-217
36,-230,-95,30,217,-106,58,-881,-207
35,-235,-88,35,212,-106,56,-889,-199
34,-236,-85,43,205,-107,56,-885,-192
37,-234,-87,54,200,-109,56,-889,-186
33,-234,-82,61,198,-112,55,-886,-174
35,-234,-81,65,195,-114,57,-886,-169
35,-234,-81,68,191,-114,59,-885,-168
35,-232,-82,64,189,-115,52,-885,-171
35,-234,-85,62,188,-112,48,-888,-180
35,-229,-79,58,188,-108,58,-887,-182
38,-232,-84,53,190,-108,62,-885,-176
40,-233,-81,52,192,-105,74,-877,-185
39,-233,-85,51,191,-106,75,-879,-186
42,-229,-85,49,189,-104,77,-876,-187
43,-232,-86,42,185,-101,81,-876,-192
43,-230,-84,29,177,-95,87,-878,-192
42,-231,-85,11,170,-92,87,-883,-184
44,-232,-88,-7,164,-89,87,-879,-182
43,-234,-84,-23,161,-87,86,-885,-180
42,-236,-83,-37,156,-83,84,-889,-172
42,-238,-79,-48,151,-81,81,-907,-170
43,-238,-84,-53,147,-79,81,-911,-165
43,-240,-79,-56,143,-79,77,-912,-165
42,-236,-78,-57,137,-78,83,-902,-168
43,-240,-82,-61,132,-80,86,-909,-164
44,-237,-81,-67,126,-83,85,-907,-166
44,-237,-82,-70,123,-84,89,-903,-168
44,-238,-79,-73,120,-84,93,-910,-164
47,-238,-81,-76,116,-84,97,-908,-167
49,-239,-78,-80,111,-83,108,-910,-154
52,-242,-78,-83,107,-80,104,-914,-158
49,-236,-78,-85,106,-74,110,-911,-155
51,-244,-78,-83,110,-60,113,-928,-147
48,-251,-74,-91,115,-64,116,-951,-145
53,-249,-75,-105,120,-75,113,-955,-133
52,-251,-70,-115,126,-81,122,-957,-131
55,-255,-73,-114,130,-84,133,-960,-115
55,-254,-66,-108,132,-86,134,-965,-114
58,-255,-63,-96,131,-87,142,-963,-116
61,-256,-70,-86,132,-90,146,-977,-107
61,-256,-64,-76,136,-95,145,-970,-112
57,-254,-68,-71,142,-98,134,-966,-122
53,-256,-70,-67,148,-99,122,-970,-111
53,-255,-65,-68,153,-99,118,-966,-124
48,-254,-72,-74,153,-98,113,-962,-124
50,-255,-72,-86,149,-94,102,-969,-130
47,-255,-74,-99,141,-89,93,-969,-136
43,-255,-75,-115,128,-84,79,-970,-136
40,-258,-80,-129,113,-79,75,-987,-143
38,-257,-72,-143,95,-74,70,-988,-144
36,-260,-77,-157,80,-70,61,-995,-143
34,-260,-72,-169,62,-70,56,-1007,-143
37,-266,-77,-179,47,-69,59,-1008,-135
36,-264,-72,-184,30,-70,58,-1017,-135
37,-263,-72,-183,14,-75,57,-1016,-135
34,-266,-71,-178,-2,-79,57,-1014,-130
34,-261,-75,-174,-20,-83,57,-1004,-128
33,-260,-73,-165,-41,-88,52,-998,-123
34,-260,-70,-157,-63,-93,50,-990,-129
25,-258,-79,-152,-85,-95,48,-990,-126
35,-258,-72,-150,-104,-98,51,-985,-126
32,-257,-73,-152,-122,-102,41,-982,-129
31,-259,-73,-158,-138,-105,45,-980,-137
31,-257,-70,-166,-151,-109,42,-979,-133
32,-257,-75,-177,-164,-111,42,-978,-139
33,-256,-80,-192,-178,-113,48,-975,-149
34,-256,-80,-208,-195,-115,54,-985,-148
37,-259,-79,-224,-208,-117,55,-984,-153
38,-259,-81,-239,-225,-120,62,-988,-155
40,-260,-81,-252,-240,-123,78,-989,-171
45,-260,-75,-262,-253,-124,79,-994,-166
41,-260,-80,-270,-264,-127,85,-995,-167
47,-262,-81,-278,-279,-127,92,-1003,-166
46,-260,-79,-282,-296,-126,98,-1001,-174
47,-263,-89,-284,-312,-120,103,-1006,-182
54,-268,-87,-288,-324,-114,117,-1010,-194
55,-262,-90,-292,-325,-107,132,-1016,-201
62,-270,-92,-301,-317,-102,154,-1022,-209
65,-269,-90,-308,-301,-101,174,-1027,-214
69,-272,-95,-320,-287,-106,188,-1037,-219
75,-276,-95,-331,-276,-114,196,-1041,-223
74,-278,-97,-344,-272,-125,201,-1057,-223
75,-275,-97,-355,-272,-134,207,-1071,-226
74,-281,-99,-361,-270,-145,201,-1076,-229
73,-285,-99,-359,-267,-152,185,-1081,-229
68,-290,-99,-350,-260,-159,178,-1095,-240
62,-290,-100,-335,-249,-163,169,-1106,-244
61,-291,-102,-313,-238,-167,149,-1111,-246
59,-296,-100,-289,-228,-169,147,-1120,-252
61,-296,-107,-265,-221,-170,144,-1126,-258
61,-301,-106,-242,-215,-169,149,-1134,-267
65,-303,-106,-219,-210,-167,164,-1158,-264
71,-312,-103,-198,-205,-164,188,-1175,-264
76,-315,-105,-181,-202,-164,209,-1197,-270
80,-324,-107,-167,-194,-164,228,-1224,-281
86,-333,-114,-162,-185,-164,252,-1258,-296
87,-338,-116,-165,-182,-169,252,-1292,-308
85,-345,-122,-177,-182,-178,255,-1311,-322
85,-354,-124,-193,-186,-187,253,-1345,-336
81,-356,-126,-208,-193,-197,244,-1365,-349
77,-364,-125,-215,-204,-206,215,-1387,-362
65,-364,-129,-211,-219,-214,184,-1396,-366
58,-367,-132,-189,-231,-214,138,-1398,-384
45,-369,-132,-152,-241,-203,100,-1385,-386
36,-358,-136,-103,-247,-184,64,-1365,-400
27,-349,-141,-52,-257,-162,39,-1330,-415
24,-338,-139,-18,-273,-137,14,-1290,-407
19,-328,-141,-3,-302,-113,-5,-1245,-402
13,-317,-139,-6,-340,-87,-26,-1205,-403
9,-306,-139,-25,-381,-63,-34,-1172,-390
8,-296,-134,-52,-422,-45,-44,-1137,-378
9,-288,-130,-86,-458,-34,-34,-1102,-372
12,-278,-129,-117,-491,-31,-33,-1070,-367
14,-272,-128,-144,-520,-36,-24,-1032,-365
15,-264,-130,-161,-543,-46,-21,-1009,-377
19,-259,-135,-163,-557,-55,-11,-982,-392
23,-254,-136,-167,-563,-55,5,-960,-405
28,-246,-144,-179,-565,-52,36,-940,-410
35,-242,-141,-195,-558,-49,53,-927,-411
43,-236,-139,-216,-548,-47,79,-913,-415
52,-236,-140,-239,-532,-49,111,-897,-415
57,-236,-143,-258,-515,-51,133,-890,-420
63,-239,-143,-277,-496,-49,156,-899,-418
66,-239,-142,-290,-482,-39,177,-919,-420
69,-241,-140,-304,-472,-27,188,-947,-426
69,-255,-144,-315,-476,-17,189,-968,-426
69,-262,-145,-319,-488,-3,189,-990,-422
68,-267,-145,-298,-493,25,190,-1015,-425
71,-273,-148,-254,-498,61,193,-1034,-423
68,-279,-143,-192,-506,91,184,-1052,-422
67,-281,-141,-118,-510,112,177,-1066,-420
65,-283,-142,-45,-515,130,170,-1068,-420
62,-281,-140,19,-511,143,155,-1061,-413
60,-275,-136,70,-498,149,143,-1053,-398
57,-273,-135,113,-474,155,136,-1036,-385
60,-271,-131,148,-447,164,133,-1026,-384
59,-267,-132,173,-421,172,138,-1013,-368
59,-264,-128,191,-399,178,132,-1005,-357
57,-258,-126,203,-382,185,127,-984,-338
55,-257,-123,213,-371,194,119,-976,-335
52,-256,-125,220,-364,199,118,-962,-333
48,-254,-123,220,-359,203,115,-967,-325
47,-252,-122,218,-355,207,91,-955,-326
43,-249,-122,216,-352,211,85,-948,-325
43,-250,-120,212,-355,219,80,-946,-321
50,-249,-112,212,-354,225,70,-945,-313
39,-250,-116,215,-354,232,63,-951,-312
34,-252,-113,221,-346,238,50,-952,-305
34,-253,-115,233,-339,245,52,-948,-296
32,-252,-113,250,-330,249,47,-953,-292
30,-249,-111,272,-321,251,45,-941,-288
34,-249,-110,295,-312,251,40,-934,-277
33,-239,-109,318,-303,249,48,-920,-275
34,-237,-109,345,-295,250,51,-897,-276
36,-233,-107,373,-288,247,54,-872,-270
39,-226,-110,393,-280,242,62,-850,-273
40,-220,-113,409,-270,239,63,-826,-276
44,-219,-110,419,-262,236,72,-808,-273
42,-206,-109,420,-258,233,69,-794,-282
39,-202,-113,417,-258,233,63,-771,-285
36,-198,-112,405,-258,239,69,-757,-296
37,-197,-113,392,-256,247,69,-754,-298
36,-197,-112,374,-249,256,59,-745,-293
37,-196,-109,355,-239,267,52,-736,-292
32,-198,-113,336,-229,277,47,-735,-288
33,-199,-114,319,-218,287,38,-742,-287
26,-199,-110,304,-209,293,22,-747,-277
25,-201,-110,292,-201,299,13,-759,-271
23,-200,-107,283,-195,302,11,-762,-262
23,-202,-105,277,-189,301,2,-761,-263
22,-202,-103,280,-184,297,-7,-762,-251
19,-199,-101,282,-182,294,-13,-756,-253
18,-201,-98,288,-182,288,-15,-758,-234
17,-197,-96,293,-185,283,-14,-761,-229
16,-197,-102,299,-194,276,-15,-756,-220
16,-201,-97,305,-205,270,-23,-759,-218
16,-198,-96,306,-218,262,-22,-757,-209
16,-197,-96,303,-230,257,-25,-752,-217
14,-197,-96,296,-247,253,-30,-749,-212
12,-197,-96,284,-263,249,-33,-753,-213
9,-197,-92,265,-281,247,-46,-750,-216
6,-197,-95,244,-301,246,-54,-750,-219
4,-197,-93,221,-323,248,-63,-752,-220
2,-200,-91,197,-344,251,-76,-756,-216
0,-198,-92,174,-360,253,-92,-759,-215
-1,-204,-93,154,-372,254,-102,-768,-211
-8,-204,-94,136,-381,256,-115,-774,-211
-10,-207,-96,118,-385,259,-124,-783,-211
-12,-208,-97,100,-387,261,-131,-796,-214
-12,-210,-95,83,-389,257,-128,-801,-219
-17,-216,-113,65,-390,251,-136,-806,-220
-12,-212,-93,50,-389,244,-122,-810,-221
-3,-213,-94,31,-386,235,-116,-809,-220
3,-214,-96,14,-378,227,-96,-807,-220
3,-213,-93,-1,-366,217,-71,-804,-216
10,-215,-94,-10,-354,205,-46,-806,-212
15,-216,-94,-14,-343,195,-26,-803,-212
20,-212,-94,-12,-333,187,-5,-811,-222
24,-211,-95,-9,-327,178,10,-809,-215
26,-214,-91,-6,-325,169,20,-808,-216
28,-213,-96,-5,-326,166,27,-816,-220
33,-217,-98,-2,-326,162,25,-827,-213
27,-221,-94,-2,-323,160,28,-832,-214
27,-224,-97,0,-315,162,14,-853,-215
23,-230,-96,1,-306,169,0,-873,-209
20,-235,-93,0,-295,178,-16,-894,-204
14,-241,-90,0,-283,190,-22,-919,-198
11,-245,-89,-2,-269,204,-32,-936,-194
10,-252,-86,-5,-257,219,-48,-955,-176
7,-257,-78,-1,-247,231,-53,-974,-164
4,-256,-76,7,-241,242,-61,-973,-152
5,-263,-80,20,-238,248,-61,-983,-148
4,-259,-77,36,-238,253,-62,-991,-144
5,-259,-73,46,-240,254,-52,-989,-142
10,-258,-74,60,-242,251,-53,-985,-140
9,-258,-72,68,-240,244,-47,-977,-133
10,-257,-69,78,-234,235,-42,-975,-132
9,-254,-72,87,-227,223,-31,-970,-128
14,-255,-73,100,-218,209,-32,-959,-126
12,-251,-70,117,-212,194,-34,-951,-126
6,-251,-69,131,-214,183,-43,-953,-121
2,-254,-64,141,-222,178,-50,-957,-108
2,-250,-70,149,-231,178,-63,-960,-103
-2,-256,-71,154,-239,182,-80,-973,-112
-3,-261,-67,153,-244,188,-107,-991,-115
-10,-261,-70,146,-251,197,-121,-1006,-122
-12,-264,-72,125,-262,209,-138,-1018,-126
-13,-270,-70,102,-274,219,-140,-1023,-129
-12,-267,-73,80,-286,224,-135,-1025,-130
-10,-264,-74,58,-294,226,-121,-1027,-136
-4,-266,-73,40,-300,223,-112,-1025,-141
-4,-265,-73,25,-304,214,-102,-1016,-138
1,-264,-76,17,-306,200,-90,-1005,-141
6,-265,-71,11,-309,185,-81,-996,-139
1,-260,-75,10,-310,167,-77,-992,-138
1,-257,-67,13,-307,148,-86,-987,-131
0,-258,-71,17,-305,134,-77,-977,-124
0,-254,-74,21,-304,120,-86,-968,-123
-2,-254,-69,21,-306,111,-90,-967,-118
0,-253,-71,21,-303,103,-94,-966,-114
-4,-251,-65,17,-299,99,-103,-956,-114
-4,-252,-67,9,-292,96,-103,-956,-107
-8,-246,-71,-1,-281,95,-108,-944,-113
-3,-248,-66,-13,-273,96,-103,-936,-118
-3,-249,-69,-22,-265,92,-90,-938,-113
-2,-247,-73,-31,-256,90,-92,-933,-120
-1,-246,-71,-45,-248,87,-86,-942,-125
3,-245,-71,-62,-240,84,-72,-942,-122
2,-247,-71,-82,-229,82,-66,-945,-127
4,-248,-66,-100,-220,79,-68,-942,-128
3,-247,-70,-116,-209,74,-67,-945,-121
4,-249,-67,-125,-200,69,-63,-945,-116
3,-251,-67,-131,-191,68,-61,-950,-116
3,-250,-68,-138,-181,65,-63,-949,-115
3,-248,-69,-146,-171,65,-68,-950,-107
1,-252,-68,-149,-163,63,-73,-950,-113
2,-251,-69,-150,-153,62,-78,-950,-111
1,-252,-66,-152,-144,61,-78,-945,-111
0,-248,-66,-153,-133,58,-83,-946,-123
0,-250,-70,-156,-121,57,-81,-948,-118
0,-250,-69,-162,-108,58,-94,-948,-106
0,-253,-63,-167,-94,57,-97,-958,-105
-1,-252,-66,-173,-80,56,-88,-954,-104
-1,-251,-66,-178,-63,53,-96,-953,-105
-4,-252,-64,-182,-48,52,-99,-954,-99
-2,-250,-67,-184,-34,51,-105,-959,-97
-5,-250,-66,-190,-18,49,-108,-954,-100
-6,-252,-64,-194,-5,45,-110,-957,-98
-6,-249,-69,-201,8,40,-113,-953,-102
-7,-251,-64,-209,19,38,-116,-953,-103
-8,-253,-64,-221,25,35,-123,-958,-105
-14,-253,-65,-231,32,30,-130,-961,-107
-13,-254,-66,-243,39,26,-130,-973,-117
-15,-256,-67,-253,45,22,-139,-981,-117
-14,-257,-71,-264,55,19,-148,-983,-124
-16,-260,-70,-274,63,16,-147,-985,-126
-14,-261,-68,-284,70,12,-148,-991,-134
-12,-271,-75,-294,73,10,-146,-999,-139
-11,-263,-79,-303,81,4,-135,-1009,-147
-12,-262,-80,-313,92,-3,-133,-1005,-164
-12,-265,-83,-322,104,-12,-124,-1009,-180
-14,-263,-91,-332,114,-24,-127,-1015,-192
-14,-268,-93,-342,118,-33,-134,-1021,-202
-15,-268,-92,-353,116,-40,-144,-1028,-214
-17,-270,-103,-368,110,-42,-158,-1034,-230
-21,-277,-98,-386,107,-41,-169,-1057,-242
-27,-276,-102,-407,108,-37,-177,-1062,-248
-24,-281,-105,-428,119,-29,-177,-1080,-247
-24,-284,-100,-447,131,-22,-178,-1089,-247
-23,-290,-99,-455,148,-14,-171,-1110,-240
-19,-300,-93,-454,164,-6,-163,-1123,-227
-18,-299,-92,-435,175,0,-150,-1140,-214
-19,-303,-89,-402,184,3,-141,-1162,-205
-13,-312,-87,-360,193,4,-128,-1174,-196
-8,-317,-87,-314,204,2,-118,-1199,-195
-9,-320,-87,-267,217,0,-111,-1215,-194
-7,-323,-88,-224,235,-3,-113,-1232,-199
-7,-328,-89,-187,255,-7,-113,-1235,-198
-7,-327,-88,-159,272,-14,-118,-1260,-206
-9,-327,-92,-141,289,-22,-127,-1261,-215
-18,-329,-93,-134,300,-26,-141,-1277,-214
-22,-329,-92,-134,305,-30,-155,-1283,-225
-25,-328,-102,-142,301,-33,-183,-1280,-240
-35,-333,-104,-154,288,-29,-204,-1287,-261
-38,-336,-111,-174,271,-21,-221,-1295,-276
-41,-340,-116,-203,253,-11,-227,-1304,-305
-42,-344,-121,-236,242,-1,-242,-1314,-316
-41,-342,-121,-273,236,5,-238,-1325,-336
-48,-360,-117,-306,232,6,-234,-1341,-342
-41,-355,-124,-329,228,5,-226,-1356,-354
-38,-361,-128,-337,221,2,-219,-1368,-359
-32,-361,-130,-329,210,-1,-207,-1379,-370
-26,-362,-131,-304,201,1,-183,-1378,-379
-15,-364,-135,-267,193,-1,-150,-1377,-395
-7,-360,-139,-218,195,-5,-121,-1377,-412
0,-357,-146,-163,199,-11,-91,-1358,-425
5,-350,-145,-104,213,-18,-69,-1328,-433
10,-339,-145,-47,225,-31,-48,-1296,-441
14,-327,-145,3,235,-48,-34,-1249,-442
19,-319,-146,46,247,-68,-27,-1205,-445
21,-306,-154,75,262,-91,-6,-1167,-455
24,-296,-154,91,279,-112,0,-1117,-456
30,-286,-150,97,299,-132,15,-1084,-459
30,-269,-154,91,323,-152,28,-1037,-458
35,-262,-152,82,355,-175,52,-999,-448
42,-256,-149,75,390,-198,66,-970,-447
45,-248,-147,65,429,-220,81,-946,-442
46,-243,-151,52,469,-237,89,-933,-442
48,-243,-144,36,511,-245,93,-925,-436
49,-245,-143,18,553,-249,100,-931,-425
51,-248,-142,0,596,-246,98,-943,-427
47,-250,-138,-21,630,-245,89,-963,-420
39,-260,-149,-50,670,-243,74,-991,-428
35,-270,-148,-75,701,-239,63,-1021,-430
27,-278,-149,-97,720,-239,32,-1063,-434
23,-286,-147,-114,724,-238,11,-1085,-423
19,-293,-139,-117,718,-242,-11,-1107,-419
18,-297,-138,-108,707,-241,-16,-1119,-411
10,-296,-137,-82,695,-240,-34,-1120,-401
6,-296,-134,-47,680,-233,-56,-1119,-393
2,-289,-133,0,658,-222,-64,-1107,-379
2,-294,-130,48,631,-208,-71,-1089,-364
-1,-281,-128,97,603,-194,-89,-1077,-358
-5,-277,-126,140,572,-179,-99,-1055,-348
-7,-271,-121,177,542,-168,-103,-1028,-332
-2,-263,-126,203,508,-160,-102,-1004,-326
-2,-259,-118,223,471,-155,-100,-982,-321
-1,-253,-118,234,430,-151,-92,-965,-313
0,-254,-116,235,387,-150,-83,-948,-307
2,-247,-114,229,343,-153,-78,-933,-305
2,-241,-111,223,302,-161,-73,-919,-297
3,-238,-112,216,260,-172,-71,-898,-298
3,-233,-111,213,222,-189,-61,-885,-287
6,-234,-109,210,185,-213,-63,-871,-272
4,-227,-103,206,152,-240,-64,-861,-268
1,-225,-104,201,123,-269,-68,-850,-249
1,-222,-103,196,100,-300,-69,-845,-236
3,-223,-98,188,83,-329,-69,-831,-228
3,-222,-99,182,73,-355,-72,-826,-219
5,-219,-94,174,70,-376,-63,-819,-214
7,-215,-93,169,69,-392,-47,-813,-201
13,-211,-89,167,69,-403,-40,-796,-199
16,-204,-90,172,65,-406,-26,-785,-192
21,-204,-89,181,57,-409,-10,-769,-191
22,-199,-86,195,49,-414,9,-753,-193
26,-196,-88,212,43,-413,20,-732,-194
34,-191,-87,235,43,-405,41,-720,-201
37,-189,-94,255,52,-396,58,-701,-209
42,-184,-96,271,65,-387,77,-685,-213
46,-181,-93,283,89,-378,87,-675,-214
51,-178,-91,289,109,-373,107,-659,-218
54,-175,-94,292,128,-371,117,-652,-215
58,-172,-95,285,145,-368,141,-648,-214
61,-172,-94,272,165,-363,149,-643,-210
65,-174,-90,258,188,-355,166,-642,-205
63,-172,-90,250,216,-348,169,-646,-194
70,-177,-85,245,249,-339,174,-653,-186
70,-177,-86,245,285,-327,184,-652,-180
72,-178,-81,247,324,-320,200,-659,-172
74,-179,-85,259,366,-317,198,-668,-176
75,-182,-84,268,411,-315,199,-686,-176
76,-185,-82,275,457,-317,196,-692,-171
74,-186,-83,277,505,-320,200,-698,-167
73,-186,-81,276,551,-324,201,-709,-160
69,-174,-79,272,599,-325,204,-712,-159
73,-191,-79,263,644,-327,191,-725,-156
66,-195,-77,251,682,-327,188,-727,-151
65,-195,-81,234,712,-326,174,-735,-148
64,-195,-77,215,731,-325,163,-742,-148
63,-194,-77,194,742,-317,156,-745,-148
61,-196,-78,170,745,-310,149,-747,-144
56,-196,-76,142,744,-299,142,-756,-144
57,-199,-78,110,740,-287,134,-761,-144
54,-202,-74,78,741,-272,115,-767,-144
46,-204,-78,44,739,-254,99,-785,-144
42,-206,-78,9,736,-234,79,-792,-148
39,-211,-80,-24,732,-215,74,-802,-153
36,-215,-83,-60,723,-198,67,-815,-157
32,-218,-81,-93,709,-181,55,-829,-172
27,-221,-82,-124,686,-162,41,-843,-173
28,-226,-82,-153,663,-145,37,-857,-171
26,-226,-80,-177,633,-128,25,-875,-173
22,-233,-81,-197,604,-115,14,-887,-166
23,-235,-81,-210,570,-103,13,-908,-161
21,-242,-79,-220,537,-96,16,-923,-166
26,-249,-84,-225,505,-94,17,-934,-169
23,-246,-86,-229,477,-98,21,-944,-177
28,-249,-83,-227,458,-106,18,-947,-181
28,-251,-82,-220,443,-116,30,-955,-185
33,-255,-88,-204,433,-126,39,-957,-188
34,-255,-86,-185,431,-133,45,-958,-191
36,-255,-89,-166,428,-140,59,-968,-192
43,-258,-88,-149,428,-147,71,-970,-192
44,-259,-85,-133,428,-152,85,-979,-178
48,-258,-81,-121,429,-159,97,-982,-178
51,-259,-79,-106,432,-168,113,-1003,-174
54,-264,-77,-88,435,-178,122,-1006,-157
54,-269,-76,-66,437,-188,119,-1004,-146
51,-268,-77,-40,436,-195,114,-1006,-134
50,-264,-70,-13,432,-202,103,-1002,-128
47,-262,-72,13,421,-205,97,-1001,-129
42,-258,-70,32,405,-205,85,-995,-125
41,-256,-71,41,384,-201,73,-979,-124
35,-253,-71,42,361,-196,59,-958,-125
35,-248,-69,38,336,-181,52,-949,-126
32,-250,-69,26,317,-164,41,-951,-117
28,-249,-68,-1,291,-162,27,-952,-108
27,-247,-69,-32,264,-158,15,-954,-103
24,-249,-68,-51,242,-153,22,-950,-98
24,-245,-63,-63,224,-145,19,-952,-92
30,-250,-68,-72,212,-139,35,-951,-97
29,-247,-61,-80,204,-135,45,-951,-91
33,-250,-62,-85,203,-133,60,-950,-91
43,-250,-66,-86,206,-134,73,-952,-92
45,-251,-64,-84,213,-132,95,-948,-88
54,-252,-62,-82,222,-133,117,-945,-88
57,-248,-62,-77,232,-137,133,-940,-77
63,-250,-56,-65,240,-140,148,-938,-66
64,-246,-55,-50,246,-140,168,-937,-60
66,-246,-59,-37,248,-143,180,-936,-62
69,-248,-51,-32,250,-144,186,-933,-52
69,-248,-57,-35,251,-149,185,-940,-52
69,-250,-55,-42,254,-149,186,-950,-61
65,-253,-59,-47,261,-149,179,-959,-67
64,-251,-58,-53,270,-145,172,-960,-68
64,-251,-59,-53,283,-140,152,-961,-71
58,-255,-62,-53,294,-132,146,-965,-75
55,-256,-62,-51,299,-120,137,-973,-78
53,-255,-59,-48,293,-113,127,-982,-87
53,-254,-58,-44,285,-106,116,-980,-92
50,-254,-63,-47,276,-100,105,-972,-101
45,-252,-66,-60,267,-94,85,-968,-99
44,-251,-68,-80,256,-91,91,-972,-105
40,-254,-67,-107,246,-93,83,-967,-96
47,-253,-63,-139,232,-94,91,-968,-94
45,-252,-60,-166,224,-97,103,-966,-94
47,-255,-63,-174,219,-94,96,-961,-77
48,-256,-57,-173,214,-93,99,-969,-72
47,-255,-61,-168,204,-93,97,-965,-75
46,-252,-57,-161,191,-93,103,-965,-68
49,-255,-55,-149,178,-88,115,-959,-73
54,-252,-63,-135,165,-80,124,-966,-77
56,-251,-62,-127,156,-74,131,-960,-81
53,-252,-58,-128,149,-70,131,-957,-81
59,-254,-58,-129,139,-63,129,-956,-82
54,-252,-57,-131,124,-59,134,-956,-75
56,-249,-58,-130,106,-54,135,-956,-74
56,-253,-60,-133,87,-47,130,-952,-71
53,-250,-58,-137,66,-42,128,-946,-73
48,-245,-61,-144,47,-36,112,-948,-77
70,-251,-42,-154,30,-31,111,-948,-76
50,-246,-63,-165,17,-26,116,-944,-77
50,-247,-63,-179,5,-24,109,-937,-88
48,-248,-60,-189,-2,-23,112,-945,-89
49,-245,-63,-202,-11,-20,102,-943,-89
46,-249,-63,-212,-21,-19,102,-950,-88
48,-251,-65,-221,-36,-17,106,-953,-87
47,-251,-62,-229,-52,-16,103,-958,-84
49,-254,-62,-238,-69,-16,102,-969,-88
51,-256,-64,-243,-89,-15,105,-972,-95
51,-258,-64,-248,-109,-14,111,-980,-108
50,-258,-69,-251,-129,-10,120,-987,-106
51,-259,-64,-254,-150,-8,115,-996,-103
54,-262,-65,-259,-174,-6,122,-993,-112
50,-261,-69,-261,-200,-5,120,-1004,-110
53,-263,-70,-264,-225,-4,125,-1002,-115
53,-265,-71,-268,-249,-5,126,-1006,-126
57,-268,-72,-274,-272,-3,134,-1007,-141
57,-266,-79,-278,-289,-5,136,-1009,-153
59,-263,-82,-285,-301,-7,145,-1008,-164
63,-265,-84,-294,-308,-9,156,-1010,-181
65,-265,-90,-300,-312,-10,171,-1013,-198
63,-267,-89,-307,-319,-12,179,-1016,-210
68,-268,-97,-318,-329,-16,189,-1023,-218
71,-270,-96,-330,-343,-18,205,-1031,-234
77,-277,-99,-345,-362,-25,207,-1044,-238
80,-277,-97,-360,-383,-31,213,-1062,-238
75,-282,-99,-371,-405,-40,218,-1072,-233
81,-287,-97,-376,-424,-48,216,-1098,-226
77,-291,-95,-372,-439,-61,214,-1109,-222
77,-297,-92,-360,-444,-77,215,-1131,-212
72,-304,-87,-341,-442,-96,208,-1148,-214
74,-308,-94,-312,-430,-116,205,-1164,-209
69,-314,-89,-281,-409,-134,194,-1181,-206
68,-320,-94,-243,-390,-150,181,-1193,-209
72,-320,-91,-204,-369,-161,178,-1205,-215
71,-323,-95,-165,-351,-168,187,-1225,-228
74,-326,-98,-133,-340,-173,202,-1240,-240
78,-331,-104,-104,-333,-180,217,-1260,-256
81,-333,-101,-85,-335,-186,238,-1279,-257
87,-337,-106,-71,-340,-190,251,-1292,-271
87,-342,-111,-66,-348,-196,261,-1312,-289
89,-343,-112,-75,-357,-203,266,-1321,-298
87,-347,-116,-97,-368,-214,271,-1333,-313
85,-352,-119,-127,-378,-223,262,-1338,-328
86,-351,-125,-165,-387,-229,247,-1345,-344
80,-349,-129,-205,-393,-233,220,-1343,-358
72,-346,-131,-241,-398,-232,201,-1324,-377
65,-345,-134,-267,-400,-222,168,-1312,-392
62,-338,-138,-281,-400,-204,135,-1304,-399
50,-338,-139,-284,-400,-183,116,-1283,-418
45,-330,-142,-280,-403,-157,83,-1266,-419
38,-326,-141,-275,-412,-128,64,-1237,-421
32,-316,-146,-271,-431,-100,48,-1212,-425
30,-316,-142,-268,-456,-73,45,-1183,-424
31,-308,-142,-261,-487,-48,34,-1161,-417
30,-300,-140,-255,-524,-26,35,-1134,-419
32,-292,-143,-246,-562,-8,45,-1109,-425
33,-285,-141,-243,-600,9,53,-1086,-423
38,-280,-146,-244,-636,25,71,-1065,-425
48,-277,-146,-252,-669,41,83,-1052,-435
49,-273,-147,-272,-700,52,96,-1030,-439
51,-268,-149,-294,-727,62,116,-1015,-440
53,-264,-148,-316,-744,70,126,-1006,-443
58,-261,-147,-329,-753,76,134,-985,-443
59,-256,-149,-332,-754,80,145,-976,-445
62,-262,-149,-319,-748,81,153,-961,-441
62,-254,-151,-297,-735,81,157,-957,-449
63,-251,-154,-269,-719,80,169,-945,-457
70,-251,-155,-241,-700,83,175,-944,-466
68,-253,-154,-216,-678,88,180,-950,-477
68,-256,-158,-193,-655,94,182,-961,-474
69,-258,-159,-170,-630,100,187,-977,-469
72,-267,-155,-140,-610,109,193,-1003,-461
74,-271,-151,-102,-593,122,203,-1023,-449
84,-268,-152,-57,-582,139,206,-1043,-438
74,-282,-140,-5,-575,151,215,-1058,-419
70,-278,-135,54,-574,161,209,-1065,-398
72,-282,-134,117,-572,165,200,-1065,-386
65,-277,-130,187,-568,165,180,-1063,-382
61,-279,-133,254,-561,162,161,-1054,-379
61,-275,-133,311,-551,163,144,-1035,-380
60,-269,-130,342,-535,165,136,-1026,-375
59,-262,-128,361,-513,171,136,-1003,-370
59,-260,-129,366,-490,174,135,-990,-349
61,-258,-124,366,-469,177,136,-969,-341
57,-252,-126,363,-449,183,140,-962,-338
55,-251,-121,360,-433,192,132,-958,-329
59,-249,-117,359,-412,205,134,-943,-322
55,-247,-124,363,-392,220,140,-943,-315
57,-248,-116,370,-372,240,129,-938,-302
56,-246,-112,378,-356,260,130,-935,-286
54,-249,-110,387,-345,279,127,-939,-273
55,-246,-105,399,-337,298,126,-941,-262
54,-248,-103,412,-331,309,117,-935,-255
49,-245,-99,423,-324,319,105,-938,-251
50,-244,-102,435,-319,330,98,-929,-237
46,-243,-101,444,-314,336,95,-923,-235
47,-246,-94,449,-310,336,84,-922,-230
39,-236,-97,459,-302,330,73,-909,-226
37,-234,-92,470,-293,323,61,-893,-218
34,-231,-95,483,-280,313,58,-876,-223
29,-227,-94,495,-267,303,45,-854,-223
33,-221,-95,505,-251,293,37,-838,-229
29,-218,-95,510,-236,284,31,-817,-226
29,-210,-99,508,-222,275,23,-799,-225
27,-208,-102,503,-209,264,18,-792,-225
25,-202,-97,491,-196,252,13,-770,-218
26,-201,-100,479,-185,243,14,-762,-220
25,-195,-99,470,-171,240,8,-750,-225
19,-194,-96,466,-157,240,4,-733,-219
23,-192,-94,467,-144,244,4,-721,-222
21,-190,-94,469,-136,249,-5,-718,-212
20,-189,-96,466,-133,256,-8,-707,-215
20,-188,-92,460,-141,266,-18,-701,-213
13,-184,-92,448,-155,275,-21,-691,-210
13,-185,-94,436,-178,285,-37,-689,-211
8,-185,-96,423,-206,295,-46,-696,-215
4,-183,-93,403,-237,305,-62,-691,-216
0,-183,-92,381,-273,315,-66,-694,-214
2,-183,-96,354,-312,324,-80,-694,-211
0,-187,-92,328,-347,331,-83,-701,-207
0,-187,-90,302,-376,335,-93,-712,-203
0,-195,-86,277,-395,336,-97,-721,-196
0,-195,-91,252,-407,334,-98,-732,-189
0,-198,-83,231,-413,326,-95,-746,-181
-1,-204,-84,216,-414,316,-87,-768,-173
0,-205,-80,203,-412,305,-86,-773,-160
0,-206,-81,198,-408,293,-85,-788,-155
2,-208,-80,197,-408,280,-78,-789,-150
3,-208,-78,199,-410,270,-68,-795,-148
5,-202,-75,199,-416,259,-64,-790,-151
7,-209,-77,199,-422,250,-51,-793,-162
12,-208,-76,194,-428,242,-46,-785,-167
11,-204,-85,184,-433,234,-35,-784,-173
11,-204,-83,168,-434,226,-23,-784,-178
19,-203,-85,142,-430,215,-14,-782,-180
24,-205,-90,113,-418,203,3,-776,-190
21,-200,-87,79,-406,193,13,-775,-194
23,-200,-93,41,-393,184,19,-770,-201
28,-202,-94,5,-386,174,26,-774,-201
29,-203,-92,-30,-379,165,34,-782,-197
30,-205,-90,-62,-367,158,47,-788,-206
32,-209,-94,-92,-352,153,48,-801,-202
31,-212,-92,-115,-334,153,43,-819,-209
33,-222,-94,-137,-314,157,45,-832,-205
32,-225,-90,-150,-289,161,42,-855,-208
31,-232,-92,-155,-262,169,35,-874,-208
30,-240,-90,-155,-234,174,31,-906,-199
29,-242,-89,-145,-206,181,30,-926,-203
25,-246,-88,-130,-179,191,19,-930,-199
24,-248,-87,-111,-153,203,13,-946,-199
19,-255,-90,-86,-134,216,5,-951,-191
19,-253,-84,-64,-121,226,-5,-959,-188
17,-255,-87,-41,-110,232,-8,-970,-185
15,-259,-84,-21,-103,236,-23,-979,-185
10,-257,-83,-3,-101,239,-31,-985,-179
10,-260,-87,9,-101,237,-44,-993,-178
8,-260,-84,17,-99,238,-53,-999,-174
6,-265,-83,21,-97,242,-62,-1002,-174
4,-264,-85,25,-89,243,-67,-1005,-167
2,-263,-75,28,-80,244,-68,-1010,-151
1,-271,-76,37,-65,246,-75,-1009,-144
1,-265,-72,50,-52,248,-75,-1013,-136
0,-263,-71,63,-37,251,-72,-1008,-133
2,-260,-74,76,-25,254,-80,-1005,-130
2,-262,-72,84,-13,257,-74,-1006,-130
0,-264,-72,89,-5,261,-67,-1007,-129
2,-262,-73,89,0,266,-65,-1010,-124
5,-263,-69,80,2,271,-62,-1008,-119
7,-265,-71,69,3,275,-58,-1012,-113
6,-261,-65,61,4,282,-53,-1006,-111
8,-263,-63,53,6,287,-53,-1007,-101
9,-261,-60,54,13,288,-47,-999,-92
10,-263,-67,62,25,287,-44,-1000,-95
9,-260,-65,66,38,284,-47,-999,-94
8,-260,-65,67,50,280,-52,-995,-94
3,-259,-67,60,63,278,-57,-989,-94
4,-257,-63,50,69,273,-59,-987,-92
5,-259,-65,35,76,272,-67,-987,-89
1,-257,-63,21,80,268,-77,-977,-88
-1,-254,-63,5,85,259,-78,-978,-90
-3,-254,-62,-7,87,253,-93,-978,-87
-6,-254,-62,-19,85,247,-101,-969,-82
-6,-252,-60,-29,82,241,-107,-969,-77
-7,-251,-60,-39,78,234,-110,-955,-75
-7,-249,-56,-50,73,227,-113,-949,-73
-9,-244,-55,-68,71,220,-114,-944,-66
-7,-245,-54,-89,70,212,-114,-944,-57
-5,-248,-57,-113,71,207,-122,-939,-59
-11,-247,-58,-132,71,203,-125,-945,-70
-14,-247,-59,-152,71,200,-126,-953,-75
-12,-247,-61,-176,71,194,-123,-950,-76
-11,-248,-62,-192,67,183,-133,-946,-78
-15,-251,-65,-203,66,171,-130,-949,-86
-13,-256,-65,-207,64,160,-136,-958,-95
-19,-255,-64,-212,61,151,-139,-961,-100
-12,-255,-64,-213,61,142,-137,-966,-108
-14,-256,-68,-212,65,129,-141,-965,-107
-14,-256,-67,-206,70,118,-137,-969,-103
-14,-256,-68,-197,77,107,-138,-971,-110
-13,-256,-70,-191,81,96,-138,-976,-106
-13,-257,-67,-182,83,88,-140,-978,-96
-12,-258,-64,-180,87,79,-138,-981,-100
-13,-257,-63,-184,89,73,-130,-981,-91
-12,-256,-62,-186,90,64,-132,-971,-91
-13,-254,-60,-185,92,58,-133,-974,-92
-12,-258,-59,-189,95,52,-136,-970,-90
-12,-256,-66,-190,95,44,-139,-969,-86
-18,-255,-64,-194,94,38,-133,-971,-86
-14,-255,-64,-199,91,34,-131,-972,-86
-14,-256,-63,-208,84,31,-127,-977,-89
-13,-254,-59,-215,75,25,-133,-981,-93
-13,-257,-65,-220,66,19,-142,-981,-90
-13,-254,-62,-222,61,18,-144,-982,-95
-15,-256,-67,-225,58,16,-137,-982,-92
-13,-258,-66,-227,55,15,-138,-978,-93
-11,-257,-66,-230,57,15,-135,-984,-92
-14,-256,-60,-232,61,16,-136,-977,-96
-10,-256,-65,-226,69,9,-132,-982,-92
-9,-256,-64,-215,76,5,-132,-981,-90
-12,-255,-61,-203,88,2,-129,-968,-88
-6,-255,-62,-189,101,1,-128,-966,-92
-10,-253,-63,-181,115,0,-123,-963,-87
-10,-252,-66,-174,129,-3,-124,-959,-86
-10,-252,-62,-170,141,-8,-121,-953,-86
-12,-249,-63,-170,152,-10,-117,-959,-83
-9,-251,-61,-174,165,-14,-121,-954,-82
-6,-252,-62,-184,175,-17,-126,-953,-85
-11,-250,-60,-197,182,-22,-121,-955,-80
-9,-251,-64,-214,191,-25,-121,-953,-81
-5,-247,-65,-234,197,-29,-120,-955,-90
-10,-250,-64,-254,208,-32,-117,-954,-88
-4,-253,-62,-278,216,-36,-108,-953,-90
-3,-250,-66,-298,224,-39,-103,-953,-91
-1,-251,-64,-322,232,-41,-99,-956,-93
-1,-253,-70,-345,242,-42,-94,-958,-94
-4,-252,-67,-368,250,-43,-97,-959,-106
-5,-248,-83,-392,258,-44,-88,-959,-104
1,-254,-67,-412,264,-45,-85,-968,-109
-1,-256,-69,-426,266,-44,-89,-970,-117
1,-256,-68,-440,267,-42,-86,-982,-118
-3,-260,-74,-449,272,-39,-87,-985,-125
0,-260,-70,-454,276,-38,-96,-1001,-131
-1,-265,-71,-456,282,-39,-101,-1010,-127
-3,-270,-73,-452,289,-39,-104,-1023,-134
-3,-273,-76,-441,297,-39,-105,-1035,-137
-5,-275,-78,-426,307,-35,-108,-1048,-142
-7,-281,-82,-406,319,-30,-114,-1058,-151
-7,-277,-84,-385,327,-30,-122,-1063,-166
-2,-282,-84,-369,331,-34,-115,-1071,-174
-8,-280,-89,-355,337,-31,-114,-1070,-195
-7,-285,-94,-343,343,-30,-113,-1089,-212
-7,-286,-96,-339,350,-29,-118,-1095,-226
-12,-288,-103,-344,352,-29,-134,-1105,-248
-12,-292,-104,-353,354,-34,-144,-1111,-259
-16,-294,-104,-355,355,-39,-145,-1121,-270
-15,-296,-112,-355,358,-41,-146,-1126,-278
-14,-299,-109,-353,361,-42,-143,-1144,-289
-15,-306,-108,-348,363,-42,-140,-1157,-297
-11,-308,-107,-337,363,-44,-128,-1169,-289
-6,-316,-111,-322,362,-47,-119,-1185,-283
-6,-318,-108,-300,359,-46,-113,-1206,-279
-4,-323,-104,-271,357,-44,-108,-1227,-270
-4,-328,-106,-238,362,-35,-107,-1246,-261
-1,-331,-100,-195,369,-24,-104,-1264,-253
-4,-334,-102,-142,374,-14,-104,-1280,-242
-7,-338,-99,-86,377,-4,-120,-1286,-245
-10,-340,-103,-33,377,11,-123,-1292,-246
-15,-336,-105,12,371,31,-137,-1293,-248
-17,-337,-101,43,361,55,-142,-1290,-262
-20,-332,-112,59,348,83,-156,-1280,-272
-20,-331,-111,62,332,113,-158,-1278,-292
-20,-329,-112,52,318,143,-164,-1263,-300
-17,-330,-114,38,307,171,-149,-1263,-308
-10,-326,-120,26,302,196,-132,-1250,-307
-3,-328,-119,22,300,214,-109,-1250,-316
2,-327,-123,31,298,221,-92,-1241,-334
6,-323,-133,51,294,223,-60,-1240,-363
13,-325,-130,79,292,215,-29,-1230,-378
20,-321,-138,109,297,200,-8,-1223,-392
21,-317,-140,131,302,180,12,-1203,-422
31,-308,-143,142,304,153,16,-1177,-441
23,-302,-152,140,306,123,15,-1158,-452
24,-294,-152,131,313,97,6,-1128,-456
21,-289,-154,113,325,73,-3,-1101,-457
21,-282,-154,96,347,53,-5,-1077,-459
22,-280,-152,76,379,31,-14,-1062,-464
23,-279,-159,54,426,6,-11,-1062,-466
23,-275,-162,26,481,-23,-1,-1063,-478
25,-278,-161,-12,543,-51,12,-1075,-479
30,-282,-160,-49,609,-80,19,-1079,-477
33,-286,-156,-75,679,-105,33,-1089,-478
37,-293,-158,-85,745,-122,46,-1107,-475
40,-296,-157,-77,810,-132,52,-1125,-477
40,-300,-162,-53,863,-138,56,-1141,-486
36,-307,-161,-20,907,-134,53,-1151,-491
34,-310,-161,14,934,-127,48,-1165,-489
32,-311,-153,47,945,-119,43,-1175,-483
27,-313,-153,79,942,-114,28,-1179,-467
23,-314,-152,119,929,-109,1,-1182,-455
16,-312,-149,168,909,-105,-24,-1174,-438
9,-307,-144,228,887,-105,-51,-1165,-424
7,-306,-143,292,864,-108,-72,-1146,-397
-3,-296,-139,354,842,-115,-95,-1124,-388
-11,-291,-131,408,816,-126,-116,-1099,-382
-14,-283,-134,441,788,-138,-130,-1077,-372
-16,-272,-130,455,756,-151,-146,-1046,-363
-19,-267,-127,451,725,-163,-158,-1015,-345
-23,-258,-121,430,691,-179,-164,-996,-335
-21,-254,-122,403,656,-192,-167,-969,-322
-21,-249,-114,364,617,-209,-164,-960,-315
-20,-249,-115,323,573,-224,-157,-949,-300
-18,-248,-113,285,524,-238,-148,-945,-293
-15,-248,-110,253,470,-250,-137,-944,-277
-13,-252,-108,225,413,-264,-137,-955,-271
-10,-253,-104,201,354,-278,-133,-959,-263
-7,-254,-100,179,296,-292,-122,-964,-252
-10,-255,-98,165,243,-308,-114,-970,-235
-5,-255,-94,156,194,-326,-116,-971,-229
-8,-253,-91,153,151,-341,-106,-967,-203
-10,-253,-84,155,111,-355,-102,-954,-195
0,-250,-83,166,71,-369,-90,-946,-182
1,-246,-81,184,31,-388,-76,-928,-171
3,-243,-93,208,-7,-409,-70,-913,-161
0,-236,-77,238,-40,-434,-62,-883,-165
4,-229,-79,269,-68,-456,-65,-863,-160
5,-222,-78,296,-91,-478,-56,-837,-156
8,-214,-79,319,-110,-496,-54,-812,-157
10,-211,-82,331,-121,-511,-43,-792,-167
13,-201,-81,334,-125,-520,-36,-762,-165
17,-194,-82,330,-121,-525,-25,-738,-172
19,-192,-87,321,-113,-517,-14,-723,-174
18,-187,-83,307,-103,-501,6,-707,-177
30,-184,-85,288,-92,-484,30,-703,-176
35,-182,-84,266,-80,-471,52,-684,-181
43,-181,-89,242,-67,-460,66,-673,-183
43,-181,-85,221,-56,-448,79,-666,-176
49,-180,-86,206,-43,-438,100,-658,-173
51,-174,-83,198,-32,-429,123,-652,-167
59,-175,-83,196,-21,-425,133,-655,-168
61,-175,-82,192,-8,-421,151,-652,-167
63,-172,-81,185,10,-415,164,-657,-159
67,-178,-80,173,33,-409,172,-667,-158
67,-182,-81,164,59,-401,177,-682,-149
66,-183,-75,152,89,-393,180,-689,-136
66,-182,-71,143,121,-385,180,-694,-137
72,-188,-66,138,152,-377,179,-699,-130
68,-187,-72,146,184,-370,177,-697,-123
62,-183,-72,160,208,-364,168,-689,-127
62,-182,-75,178,235,-357,160,-686,-127
60,-181,-72,194,262,-352,149,-679,-136
59,-180,-76,198,286,-346,145,-671,-141
59,-177,-79,194,309,-343,140,-667,-144
59,-174,-78,179,328,-337,133,-659,-143
54,-175,-76,151,343,-333,128,-665,-141
54,-176,-73,118,350,-326,120,-664,-135
50,-179,-75,84,355,-321,112,-674,-134
44,-181,-72,46,358,-311,99,-686,-142
46,-184,-78,2,359,-304,90,-699,-142
40,-188,-78,-42,361,-296,74,-715,-155
36,-192,-81,-92,364,-287,63,-730,-163
32,-197,-79,-146,363,-276,46,-751,-161
31,-205,-79,-197,353,-262,30,-769,-163
26,-207,-80,-242,332,-244,18,-793,-164
25,-217,-79,-280,307,-227,6,-814,-161
18,-223,-79,-305,271,-212,1,-838,-158
19,-227,-81,-320,237,-196,0,-857,-161
15,-231,-81,-328,200,-183,-7,-881,-167
22,-241,-78,-331,166,-173,-13,-908,-161
15,-242,-81,-323,134,-167,-14,-916,-166
16,-246,-78,-314,105,-164,-15,-932,-174
17,-248,-85,-298,81,-164,-11,-937,-166
22,-249,-84,-281,58,-169,-1,-946,-164
22,-252,-80,-262,37,-175,15,-958,-169
28,-256,-80,-245,20,-181,27,-971,-162
30,-258,-78,-225,7,-187,48,-983,-157
39,-260,-75,-202,0,-197,56,-994,-150
42,-263,-73,-174,-5,-209,79,-1005,-139
47,-268,-74,-142,-5,-227,108,-1022,-134
53,-270,-68,-102,-1,-244,126,-1023,-120
60,-272,-66,-61,7,-265,149,-1040,-110
67,-275,-66,-11,16,-285,175,-1032,-102
68,-271,-64,41,32,-303,185,-1032,-96
73,-276,-61,99,56,-312,189,-1031,-87
70,-275,-61,147,79,-328,200,-1053,-76
68,-271,-59,176,94,-353,184,-1038,-75
65,-269,-55,201,108,-365,178,-1028,-70
65,-267,-58,217,121,-368,169,-1014,-77
63,-261,-59,226,134,-362,161,-990,-78
59,-252,-62,223,142,-351,142,-973,-85
54,-251,-63,206,143,-337,128,-965,-92
51,-251,-58,178,138,-319,116,-949,-92
47,-243,-67,141,126,-296,106,-936,-87
46,-242,-63,100,109,-275,98,-927,-82
48,-240,-63,60,92,-254,97,-922,-82
46,-243,-56,22,76,-231,96,-911,-78
51,-242,-61,-12,64,-213,105,-912,-75
53,-239,-59,-42,58,-193,112,-912,-72
55,-241,-55,-64,58,-180,119,-918,-68
57,-230,-69,-82,65,-167,132,-923,-71
58,-244,-57,-96,76,-155,137,-928,-75
60,-244,-60,-107,91,-146,142,-931,-72
62,-246,-58,-116,106,-137,155,-942,-74
66,-248,-58,-120,119,-132,169,-942,-72
68,-251,-58,-116,134,-130,174,-947,-66
67,-247,-55,-105,147,-130,179,-949,-62
68,-252,-56,-93,158,-131,188,-944,-55
68,-248,-52,-83,162,-134,188,-948,-46
67,-248,-48,-75,161,-137,177,-942,-37
65,-249,-51,-68,158,-138,173,-942,-38
63,-247,-58,-60,156,-137,162,-943,-60
61,-246,-60,-55,160,-136,156,-947,-68
59,-249,-63,-56,167,-132,142,-936,-73
57,-245,-64,-64,176,-129,138,-939,-82
53,-245,-64,-78,178,-125,120,-939,-84
45,-245,-63,-92,171,-115,103,-935,-89
43,-243,-64,-107,159,-102,86,-935,-95
42,-245,-64,-121,145,-87,82,-941,-105
40,-247,-66,-137,133,-75,79,-940,-103
42,-251,-66,-157,122,-64,76,-943,-96
41,-251,-61,-173,113,-54,77,-952,-100
39,-253,-62,-188,99,-47,74,-957,-93
40,-254,-64,-196,77,-41,78,-978,-85
41,-255,-61,-197,53,-36,81,-981,-82
39,-256,-61,-195,23,-31,83,-982,-83
43,-256,-61,-192,-8,-31,78,-983,-84
39,-259,-59,-191,-39,-31,73,-980,-86
39,-258,-63,-192,-70,-31,68,-978,-86
35,-256,-63,-195,-100,-30,70,-970,-89
34,-254,-64,-204,-133,-30,56,-969,-93
36,-251,-69,-218,-161,-30,54,-966,-96
30,-254,-63,-234,-189,-30,57,-966,-96
33,-255,-65,-249,-213,-29,59,-965,-96
35,-253,-64,-262,-237,-32,66,-968,-95
39,-256,-65,-276,-260,-32,73,-974,-99
43,-256,-65,-286,-283,-37,78,-991,-103
46,-261,-64,-292,-304,-41,93,-992,-95
47,-261,-66,-291,-324,-49,102,-998,-93
50,-262,-64,-292,-340,-57,123,-1003,-99
54,-264,-69,-287,-354,-65,131,-1014,-105
56,-266,-69,-287,-366,-74,137,-1017,-111
61,-265,-66,-290,-378,-85,142,-1024,-125
58,-268,-73,-297,-388,-95,153,-1027,-132
65,-268,-76,-309,-396,-101,150,-1026,-142
62,-269,-78,-329,-403,-106,156,-1033,-165
65,-271,-85,-351,-404,-108,173,-1035,-177
66,-272,-85,-374,-402,-107,179,-1036,-192
71,-276,-93,-398,-397,-104,189,-1042,-197
75,-274,-94,-418,-390,-97,205,-1054,-214
79,-281,-95,-436,-384,-87,218,-1068,-217
84,-282,-93,-449,-380,-78,240,-1082,-223
88,-287,-99,-462,-374,-72,264,-1101,-237
92,-294,-96,-474,-370,-68,281,-1121,-237
94,-298,-101,-480,-371,-68,291,-1141,-223
102,-311,-96,-482,-370,-71,303,-1174,-223
105,-319,-95,-475,-367,-76,320,-1198,-221
106,-325,-91,-456,-355,-88,324,-1248,-209
111,-335,-91,-426,-334,-105,337,-1294,-205
111,-341,-86,-386,-303,-132,337,-1326,-196
106,-355,-89,-337,-269,-162,319,-1357,-195
99,-359,-90,-283,-229,-186,301,-1381,-206
94,-369,-92,-232,-198,-209,288,-1397,-215
91,-373,-96,-189,-178,-229,270,-1420,-240
85,-377,-104,-164,-166,-248,252,-1432,-264
78,-379,-114,-155,-167,-268,221,-1439,-292
71,-378,-118,-162,-174,-284,192,-1447,-317
64,-380,-123,-179,-192,-294,159,-1440,-335
55,-376,-128,-194,-209,-297,129,-1436,-365
49,-377,-136,-205,-220,-290,99,-1420,-384
41,-369,-139,-197,-223,-274,76,-1404,-413
37,-363,-144,-179,-223,-251,62,-1380,-423
35,-355,-148,-153,-225,-225,49,-1354,-437
32,-346,-147,-129,-233,-196,45,-1322,-447
32,-337,-150,-121,-250,-166,45,-1289,-449
34,-327,-150,-130,-283,-136,50,-1243,-450
36,-319,-148,-142,-325,-106,53,-1205,-449
39,-304,-143,-159,-376,-74,75,-1170,-444
43,-298,-147,-174,-434,-46,82,-1137,-438
48,-289,-146,-186,-497,-24,104,-1109,-434
55,-282,-146,-197,-560,-6,127,-1080,-427
61,-274,-145,-201,-605,11,148,-1053,-423
62,-269,-146,-198,-653,32,157,-1023,-428
67,-259,-146,-195,-690,53,172,-994,-441
67,-254,-153,-199,-716,66,177,-961,-446
68,-246,-149,-204,-728,71,178,-937,-455
70,-232,-159,-213,-729,74,183,-911,-460
71,-236,-158,-222,-720,74,193,-887,-460
73,-231,-153,-228,-698,70,194,-876,-461
75,-233,-152,-228,-673,63,202,-873,-450
78,-233,-148,-225,-642,55,209,-870,-440
77,-237,-141,-211,-615,50,211,-892,-414
74,-238,-139,-188,-597,46,212,-914,-410
70,-246,-133,-159,-592,49,200,-929,-381
69,-250,-128,-124,-600,53,195,-943,-365
67,-253,-126,-84,-616,64,186,-955,-346
65,-254,-123,-32,-635,78,179,-963,-336
65,-255,-120,26,-655,94,172,-958,-335
66,-252,-124,84,-674,110,160,-955,-334
60,-249,-127,132,-692,130,149,-944,-337
58,-249,-127,162,-708,151,135,-937,-339
60,-248,-124,174,-716,174,138,-927,-341
57,-243,-123,171,-717,198,136,-920,-335
58,-238,-126,162,-709,223,131,-911,-335
61,-240,-124,148,-691,247,139,-907,-328
59,-240,-121,133,-666,269,145,-906,-325
56,-239,-120,118,-637,288,140,-904,-318
58,-235,-117,107,-609,301,140,-895,-320
59,-235,-116,104,-583,312,145,-890,-309
57,-235,-116,107,-563,319,133,-898,-303
59,-237,-115,117,-548,325,133,-887,-300
56,-234,-112,128,-535,330,129,-890,-290
56,-236,-111,135,-523,336,121,-894,-291
53,-234,-108,140,-512,341,122,-892,-281
53,-238,-107,146,-496,345,120,-889,-267
56,-238,-107,146,-473,347,121,-895,-260
58,-237,-102,153,-444,351,122,-891,-257
57,-239,-104,162,-406,352,130,-887,-244
57,-234,-99,177,-367,352,132,-885,-238
59,-232,-98,193,-327,350,139,-882,-235
54,-226,-96,205,-285,347,144,-875,-223
60,-226,-87,212,-246,342,140,-860,-214
58,-227,-90,219,-208,338,131,-853,-212
51,-221,-96,235,-175,340,125,-841,-222
50,-220,-94,246,-150,345,114,-826,-236
50,-219,-99,250,-133,351,99,-819,-239
48,-217,-101,247,-122,351,91,-813,-242
44,-211,-100,237,-116,348,80,-806,-245
37,-207,-99,223,-113,344,59,-797,-246
32,-209,-104,214,-109,344,43,-788,-244
29,-210,-100,210,-101,345,13,-788,-248
25,-206,-101,207,-94,347,3,-787,-244
16,-207,-99,206,-88,348,-6,-780,-240
16,-206,-98,207,-83,342,-28,-777,-232
12,-208,-93,211,-80,336,-31,-790,-223
12,-208,-92,217,-78,328,-37,-788,-217
10,-208,-94,225,-80,318,-43,-787,-210
10,-206,-91,237,-78,308,-45,-795,-203
10,-209,-87,246,-76,295,-41,-791,-198
8,-207,-92,255,-73,281,-50,-787,-189
5,-203,-88,259,-73,270,-56,-785,-187
7,-207,-86,263,-78,260,-58,-779,-183
11,-212,-87,262,-90,253,-64,-775,-182
5,-202,-86,260,-110,247,-66,-772,-182
1,-202,-90,254,-135,245,-79,-766,-182
0,-200,-86,241,-164,249,-80,-760,-194
-3,-204,-89,223,-192,253,-87,-759,-199
-2,-199,-93,200,-219,259,-96,-757,-198
-1,-202,-90,174,-243,267,-97,-757,-203
-3,-200,-95,145,-264,274,-103,-763,-208
-6,-203,-92,113,-278,280,-104,-775,-212
-2,-208,-93,81,-288,283,-100,-793,-218
-4,-211,-96,47,-295,284,-96,-803,-219
0,-215,-100,18,-296,281,-100,-815,-224
-1,-219,-96,-3,-293,274,-85,-829,-234
1,-224,-97,-15,-287,263,-80,-838,-225
3,-226,-99,-17,-279,249,-67,-849,-222
8,-227,-96,-12,-266,237,-55,-853,-232
10,-225,-98,-1,-253,221,-40,-857,-237
12,-224,-95,11,-241,201,-32,-849,-234
20,-225,-98,20,-232,180,-19,-851,-228
22,-226,-100,28,-226,160,-6,-847,-222
18,-214,-103,34,-224,142,11,-841,-218
25,-221,-97,36,-225,123,13,-829,-220
28,-218,-92,32,-230,105,22,-829,-212
24,-218,-93,21,-234,90,15,-830,-218
23,-219,-92,2,-240,80,10,-831,-208
18,-221,-93,-22,-249,73,1,-843,-205
17,-226,-90,-48,-265,72,-15,-851,-204
14,-226,-86,-75,-281,76,-28,-861,-191
12,-231,-89,-95,-295,88,-34,-874,-190
12,-237,-86,-107,-307,98,-34,-892,-187
9,-240,-86,-114,-319,114,-44,-914,-186
9,-245,-86,-117,-321,134,-48,-926,-193
8,-244,-92,-118,-317,157,-58,-936,-186
5,-250,-88,-118,-310,178,-54,-948,-193
8,-253,-93,-118,-301,195,-54,-962,-197
8,-255,-89,-119,-293,205,-44,-964,-203
11,-256,-92,-121,-283,214,-41,-968,-209
12,-256,-91,-120,-274,218,-34,-970,-208
14,-256,-96,-123,-264,218,-26,-973,-204
18,-256,-94,-119,-253,214,-18,-978,-208
20,-256,-94,-116,-241,210,-3,-980,-212
26,-258,-91,-112,-225,201,7,-980,-209
25,-257,-91,-105,-208,187,13,-982,-205
28,-258,-86,-95,-188,172,7,-980,-200
24,-255,-88,-87,-169,157,9,-981,-191
24,-256,-85,-82,-151,144,10,-970,-192
23,-254,-80,-75,-135,133,5,-973,-185
20,-253,-88,-69,-119,123,-4,-966,-181
20,-253,-86,-64,-107,115,-5,-963,-174
16,-252,-81,-61,-95,110,-16,-960,-170
11,-254,-80,-60,-87,109,-29,-968,-173
9,-254,-79,-63,-82,111,-39,-961,-165
7,-254,-82,-68,-81,112,-59,-964,-161
6,-252,-78,-74,-76,117,-65,-960,-161
0,-252,-77,-82,-75,124,-86,-962,-166
-2,-253,-77,-89,-72,131,-92,-961,-164
0,-253,-80,-99,-71,139,-103,-957,-154
-2,-252,-80,-111,-70,145,-105,-962,-152
-6,-252,-78,-122,-68,150,-106,-964,-150
-8,-253,-76,-129,-65,153,-102,-967,-152
-7,-254,-76,-141,-62,155,-106,-970,-152
-6,-254,-79,-152,-57,159,-108,-969,-148
-2,-256,-75,-159,-56,159,-111,-970,-150
-7,-255,-77,-163,-58,160,-107,-974,-151
-3,-254,-80,-169,-59,160,-100,-964,-151
1,-255,-82,-172,-61,159,-95,-966,-159
0,-252,-78,-176,-60,155,-93,-963,-160
0,-253,-81,-181,-59,149,-89,-960,-160
1,-254,-80,-184,-58,141,-77,-959,-159
3,-253,-80,-190,-53,134,-75,-963,-168
5,-254,-79,-198,-45,126,-62,-962,-170
5,-253,-79,-206,-32,118,-60,-966,-164
4,-255,-79,-210,-18,112,-56,-972,-165
8,-254,-77,-211,2,108,-52,-972,-163
9,-256,-77,-208,25,106,-48,-974,-158
6,-256,-82,-199,54,102,-46,-977,-153
7,-256,-77,-187,83,102,-52,-974,-141
10,-258,-77,-173,108,99,-46,-969,-143
9,-256,-72,-158,132,99,-45,-973,-134
8,-255,-72,-143,153,98,-47,-969,-122
8,-252,-69,-130,170,99,-48,-965,-122
10,-255,-68,-122,186,98,-47,-962,-113
3,-251,-66,-116,199,95,-60,-958,-102
3,-251,-65,-117,216,93,-75,-961,-99
1,-252,-64,-121,230,86,-79,-959,-89
1,-255,-59,-132,244,78,-94,-970,-78
-5,-255,-61,-145,260,73,-106,-977,-78
-10,-263,-56,-160,276,67,-108,-990,-74
-8,-260,-62,-177,291,59,-113,-1006,-62
-7,-265,-57,-195,306,51,-122,-1009,-66
-4,-268,-56,-222,320,41,-117,-1028,-65
-9,-272,-58,-252,330,34,-116,-1050,-75
-9,-277,-62,-290,337,24,-115,-1070,-77
-9,-282,-67,-334,343,12,-114,-1083,-90
-8,-288,-70,-375,352,-1,-113,-1105,-118
-4,-298,-76,-405,359,-14,-118,-1131,-144
-10,-299,-80,-426,367,-24,-114,-1146,-170
-15,-316,-87,-441,374,-37,-122,-1162,-188
-8,-309,-91,-441,382,-50,-118,-1175,-208
-11,-314,-94,-426,390,-64,-134,-1190,-231
-14,-318,-104,-399,393,-76,-131,-1204,-251
-10,-321,-112,-367,388,-88,-140,-1221,-277
-16,-324,-113,-330,374,-99,-150,-1224,-297
-18,-325,-119,-298,352,-108,-159,-1239,-321
-18,-322,-126,-270,330,-111,-157,-1240,-341
-19,-326,-130,-245,315,-112,-152,-1241,-354
-15,-325,-131,-227,313,-108,-151,-1241,-368
-17,-340,-124,-213,318,-102,-146,-1253,-370
-14,-331,-132,-201,323,-93,-139,-1274,-370
-9,-340,-129,-191,318,-80,-128,-1302,-367
-6,-344,-128,-183,304,-60,-119,-1316,-364
-6,-350,-128,-177,285,-34,-105,-1348,-366
1,-357,-128,-166,268,-3,-77,-1354,-360
7,-354,-130,-148,255,29,-65,-1363,-366
7,-354,-136,-117,251,57,-45,-1355,-382
15,-349,-141,-70,248,80,-34,-1330,-406
16,-337,-148,-16,243,96,-27,-1301,-432
16,-326,-153,37,232,102,-13,-1259,-463
19,-316,-161,73,213,100,-4,-1204,-494
24,-304,-174,88,188,91,14,-1164,-529
32,-296,-171,80,169,75,33,-1122,-544
33,-282,-175,49,164,55,45,-1081,-546
36,-276,-174,6,177,30,49,-1056,-549
38,-268,-172,-37,205,1,52,-1018,-540
39,-266,-175,-77,248,-34,57,-999,-529
42,-260,-167,-106,297,-70,56,-984,-515
38,-257,-167,-123,347,-100,60,-983,-499
37,-258,-159,-130,395,-131,51,-979,-495
36,-258,-161,-124,434,-151,52,-977,-492
36,-259,-160,-109,466,-160,53,-975,-491
33,-260,-166,-87,492,-158,52,-988,-496
40,-261,-167,-62,515,-147,56,-993,-501
39,-265,-167,-38,539,-138,61,-1002,-514
41,-268,-169,-16,565,-128,65,-1012,-529
37,-270,-175,-1,589,-117,70,-1025,-535
39,-275,-174,11,608,-106,64,-1043,-540
36,-275,-168,25,621,-98,62,-1050,-535
31,-276,-166,43,619,-88,50,-1042,-523
31,-273,-165,69,607,-79,37,-1039,-511
29,-273,-160,101,588,-74,26,-1027,-507
28,-271,-161,130,566,-73,15,-1021,-492
20,-271,-159,152,547,-75,2,-1019,-483
17,-268,-150,166,530,-80,-13,-1018,-460
14,-266,-146,175,515,-87,-31,-1016,-440
11,-266,-147,179,496,-94,-39,-1010,-419
6,-264,-136,182,473,-103,-48,-1006,-398
2,-263,-132,187,440,-111,-57,-998,-381
2,-261,-130,192,402,-120,-68,-996,-368
1,-260,-130,197,359,-126,-76,-986,-365
0,-256,-129,189,315,-128,-66,-982,-360
4,-258,-132,176,275,-128,-65,-984,-359
3,-259,-130,155,244,-130,-59,-986,-366
16,-269,-115,124,222,-129,-51,-988,-351
13,-266,-127,94,206,-131,-41,-999,-343
10,-260,-126,68,197,-138,-33,-991,-338
14,-262,-123,52,188,-146,-20,-1000,-326
19,-264,-122,45,182,-157,-15,-1003,-320
21,-266,-119,49,174,-171,-1,-1003,-305
21,-263,-115,65,161,-188,8,-1003,-300
21,-262,-109,90,145,-209,13,-993,-293
26,-256,-111,123,127,-227,28,-979,-281
32,-256,-109,160,110,-249,45,-962,-280
37,-252,-114,200,100,-267,59,-945,-290
40,-243,-112,234,95,-284,73,-922,-295
43,-238,-110,268,98,-300,91,-901,-300
44,-232,-113,297,105,-311,86,-870,-296
50,-226,-116,323,115,-323,91,-844,-292
47,-215,-113,342,123,-334,103,-820,-288
50,-213,-110,358,132,-343,111,-804,-270
57,-209,-110,369,146,-350,127,-792,-268
57,-210,-104,379,166,-353,127,-778,-257
59,-204,-101,387,187,-353,127,-772,-248
56,-200,-100,393,211,-350,132,-765,-238
58,-195,-90,395,236,-348,127,-757,-228
59,-196,-95,397,260,-342,123,-748,-223
53,-194,-96,400,281,-334,119,-736,-210
50,-192,-99,398,301,-323,110,-732,-215
51,-190,-97,393,318,-312,112,-716,-215
55,-186,-95,386,334,-299,112,-705,-213
52,-183,-95,371,349,-289,120,-685,-214
54,-181,-95,349,367,-284,118,-679,-220
53,-176,-93,320,382,-278,126,-671,-215
55,-179,-92,285,406,-274,123,-668,-211
54,-173,-104,251,432,-269,134,-677,-200
60,-181,-92,218,458,-273,143,-679,-204
61,-183,-86,189,489,-281,143,-683,-190
57,-184,-85,167,520,-289,143,-684,-180
59,-186,-84,150,552,-298,141,-692,-171
57,-184,-83,136,581,-304,142,-705,-173
58,-191,-85,124,607,-308,132,-709,-172
54,-192,-85,117,632,-312,130,-722,-172
54,-194,-83,107,654,-319,127,-723,-180
52,-193,-85,100,673,-322,119,-729,-177
49,-196,-82,87,687,-326,116,-736,-176
48,-194,-84,70,697,-327,109,-741,-178
48,-194,-80,53,700,-329,102,-750,-173
48,-198,-81,31,698,-332,95,-755,-171
43,-201,-79,6,689,-332,85,-752,-165
40,-201,-74,-18,673,-330,72,-756,-157
36,-200,-79,-35,655,-323,55,-757,-153
32,-199,-78,-53,631,-316,39,-758,-149
28,-198,-78,-69,606,-303,31,-759,-151
24,-196,-74,-93,582,-290,20,-756,-145
25,-196,-74,-122,554,-273,21,-760,-140
22,-202,-77,-155,527,-256,7,-772,-145
19,-202,-81,-187,502,-239,0,-782,-161
23,-208,-82,-219,473,-225,8,-796,-167
25,-213,-81,-244,445,-213,10,-811,-170
25,-219,-78,-267,423,-205,17,-829,-173
28,-222,-90,-279,405,-201,32,-844,-170
31,-228,-82,-275,389,-200,42,-862,-172
34,-233,-85,-264,373,-202,54,-882,-173
36,-240,-82,-246,360,-203,56,-908,-174
39,-244,-80,-227,353,-206,71,-924,-171
39,-247,-83,-209,349,-214,74,-934,-170
40,-254,-82,-190,349,-224,81,-946,-167
48,-255,-76,-169,351,-236,81,-953,-161
46,-256,-77,-145,350,-246,87,-966,-153
45,-257,-75,-116,351,-252,90,-969,-148
47,-259,-74,-80,357,-254,87,-963,-144
46,-261,-73,-41,364,-251,100,-993,-139
43,-263,-74,-12,366,-264,85,-1008,-136
45,-264,-73,8,365,-282,90,-999,-132
52,-262,-71,33,365,-289,100,-995,-127
51,-258,-70,62,368,-291,115,-986,-130
52,-259,-73,92,374,-291,126,-982,-128
55,-255,-70,114,378,-290,133,-968,-132
59,-253,-71,131,380,-289,143,-962,-129
62,-253,-71,140,384,-285,158,-958,-124
65,-251,-69,144,383,-279,157,-956,-120
64,-248,-72,141,383,-268,171,-947,-119
66,-247,-68,133,380,-256,174,-946,-111
64,-244,-66,121,378,-242,175,-942,-114
66,-247,-66,104,376,-223,171,-933,-112
66,-243,-67,84,379,-202,173,-929,-105
63,-240,-62,66,380,-180,168,-924,-94
66,-240,-60,50,380,-160,166,-921,-86
64,-240,-62,38,374,-138,172,-913,-87
64,-239,-66,22,367,-119,173,-919,-87
65,-239,-64,2,359,-100,172,-917,-87
65,-240,-58,-21,356,-83,174,-921,-83
65,-244,-63,-49,357,-71,178,-923,-87
67,-245,-61,-78,362,-62,174,-932,-88
67,-245,-62,-111,364,-51,174,-936,-86
64,-245,-63,-144,364,-43,175,-942,-87
64,-249,-62,-173,360,-37,170,-945,-84
63,-248,-61,-195,359,-32,161,-949,-80
63,-252,-58,-211,362,-24,161,-949,-85
61,-249,-63,-222,368,-16,153,-950,-84
62,-253,-63,-228,371,-8,146,-956,-91
58,-249,-64,-230,374,0,139,-948,-94
59,-252,-64,-230,374,10,137,-954,-96
59,-248,-68,-233,373,21,134,-951,-104
51,-247,-68,-236,370,32,127,-946,-116
53,-248,-69,-241,367,41,118,-947,-127
55,-250,-72,-245,365,50,114,-945,-128
50,-249,-75,-245,362,58,102,-947,-135
48,-249,-74,-244,357,65,92,-949,-136
43,-250,-71,-241,345,70,82,-947,-137
40,-239,-93,-239,328,73,79,-949,-147
38,-251,-78,-240,304,73,71,-948,-147
36,-251,-75,-240,275,69,61,-952,-151
36,-255,-80,-241,242,64,52,-957,-143
33,-255,-77,-238,203,57,48,-957,-141
29,-253,-77,-236,161,48,45,-959,-139
30,-256,-74,-231,115,38,35,-966,-140
24,-254,-78,-231,68,26,27,-963,-144
23,-254,-75,-228,19,17,18,-959,-149
22,-248,-77,-227,-30,5,16,-954,-149
24,-251,-82,-227,-77,-7,14,-950,-158
22,-250,-81,-231,-121,-18,12,-955,-167
26,-253,-83,-239,-161,-27,16,-955,-172
26,-253,-77,-250,-195,-36,20,-961,-173
30,-254,-84,-262,-228,-46,29,-962,-171
34,-255,-78,-270,-255,-52,48,-971,-172
39,-258,-80,-275,-280,-58,69,-977,-174
43,-261,-83,-278,-301,-68,90,-991,-175
54,-264,-86,-280,-319,-74,112,-1001,-182
57,-262,-89,-286,-333,-83,133,-1005,-189
63,-264,-91,-294,-347,-90,167,-1007,-198
71,-266,-90,-307,-358,-101,184,-1014,-210
78,-267,-95,-317,-365,-109,211,-1018,-219
81,-266,-101,-323,-369,-115,237,-1023,-225
92,-273,-98,-329,-372,-122,259,-1028,-231
94,-275,-96,-337,-373,-126,275,-1041,-234
96,-275,-98,-341,-373,-133,291,-1059,-233
99,-284,-93,-346,-373,-139,299,-1077,-230
103,-291,-95,-352,-375,-142,304,-1099,-227
100,-296,-95,-358,-376,-145,304,-1122,-208
98,-298,-89,-358,-377,-145,308,-1145,-190
97,-304,-84,-358,-377,-141,300,-1168,-175
95,-313,-79,-350,-379,-135,284,-1178,-164
91,-312,-75,-340,-380,-128,271,-1193,-146
84,-313,-71,-322,-379,-120,256,-1200,-127
81,-318,-66,-299,-375,-113,244,-1205,-125
78,-317,-69,-277,-373,-107,216,-1195,-118
71,-315,-71,-257,-374,-102,208,-1186,-121
72,-308,-71,-241,-380,-96,191,-1177,-130
66,-300,-75,-232,-390,-90,192,-1160,-150
69,-297,-83,-235,-400,-83,188,-1146,-176
73,-297,-86,-260,-411,-74,203,-1137,-198
82,-296,-96,-309,-419,-67,235,-1142,-218
87,-302,-100,-380,-422,-64,266,-1159,-238
83,-310,-100,-471,-418,-65,284,-1183,-257
103,-317,-108,-567,-407,-68,301,-1215,-267
105,-324,-107,-658,-390,-69,309,-1245,-284
102,-336,-114,-736,-369,-68,306,-1292,-295
98,-344,-114,-796,-345,-67,297,-1317,-298
91,-348,-117,-832,-320,-63,281,-1341,-304
87,-354,-119,-842,-295,-56,257,-1358,-318
81,-353,-124,-832,-268,-43,221,-1351,-339
77,-350,-129,-807,-244,-25,201,-1330,-367
68,-342,-132,-779,-226,4,177,-1298,-381
57,-330,-139,-750,-216,37,148,-1275,-402
53,-320,-145,-724,-219,72,122,-1222,-424
45,-312,-147,-703,-234,108,98,-1179,-435
46,-302,-147,-682,-264,135,86,-1135,-444
42,-287,-155,-657,-308,152,88,-1090,-453
44,-279,-156,-625,-361,160,93,-1048,-465
44,-264,-160,-580,-423,165,92,-1009,-482
45,-257,-166,-535,-482,172,99,-968,-501
47,-252,-167,-492,-536,174,95,-947,-518
46,-245,-177,-455,-575,172,103,-925,-544
51,-242,-174,-428,-601,164,113,-916,-556
50,-243,-175,-408,-608,151,119,-898,-556
53,-240,-177,-390,-608,139,124,-903,-548
54,-244,-174,-370,-598,135,124,-915,-542
51,-246,-170,-345,-584,138,111,-934,-527
50,-254,-168,-317,-573,146,108,-964,-518
46,-259,-166,-293,-570,156,95,-993,-510
45,-268,-163,-270,-574,167,90,-1016,-503
45,-275,-165,-247,-583,179,92,-1044,-494
43,-279,-161,-225,-593,187,98,-1060,-491
47,-279,-157,-199,-601,187,95,-1063,-478
49,-281,-154,-163,-606,176,91,-1061,-471
44,-277,-154,-119,-608,157,92,-1053,-466
42,-273,-157,-78,-611,137,89,-1041,-464
45,-269,-155,-40,-614,115,86,-1028,-469
43,-264,-155,-10,-618,95,93,-1009,-470
48,-262,-158,11,-624,79,90,-995,-477
46,-257,-160,24,-632,63,93,-981,-478
47,-254,-160,29,-641,55,96,-962,-483
50,-248,-157,30,-652,49,93,-949,-492
48,-251,-159,31,-658,48,100,-945,-490
52,-250,-161,31,-664,53,105,-939,-485
49,-253,-149,38,-666,63,106,-933,-477
46,-245,-158,48,-668,75,104,-930,-473
50,-245,-152,65,-670,91,107,-925,-458
53,-247,-153,82,-671,109,102,-923,-452
46,-241,-144,102,-669,129,100,-920,-442
46,-239,-142,122,-664,152,97,-908,-429
49,-240,-142,141,-655,177,96,-908,-416
49,-234,-137,158,-647,202,99,-890,-408
47,-232,-132,175,-637,225,103,-881,-385
47,-229,-132,193,-631,248,94,-869,-374
46,-226,-128,210,-624,274,85,-854,-371
43,-222,-126,223,-618,299,85,-845,-363
44,-221,-130,232,-613,320,84,-841,-353
45,-222,-127,239,-610,338,85,-834,-359
45,-219,-129,243,-603,352,83,-831,-354
45,-219,-128,244,-595,361,92,-829,-348
48,-217,-127,242,-585,367,94,-824,-351
44,-221,-128,240,-578,369,88,-827,-352
44,-217,-131,238,-567,365,84,-823,-350
44,-216,-131,234,-558,361,79,-827,-355
42,-224,-129,229,-549,352,69,-830,-355
37,-219,-128,225,-541,341,67,-832,-347
36,-218,-127,226,-529,329,53,-827,-348
30,-219,-122,232,-512,312,37,-827,-346
27,-219,-126,242,-493,298,25,-824,-345
24,-218,-125,253,-475,285,10,-816,-341
21,-215,-123,262,-455,270,1,-811,-335
24,-214,-122,272,-431,256,-6,-804,-337
22,-211,-125,277,-405,243,-13,-800,-333
20,-211,-118,278,-377,232,-17,-792,-323
17,-209,-121,277,-348,221,-18,-789,-322
18,-206,-122,279,-319,213,-10,-788,-321
18,-208,-118,282,-290,204,-6,-787,-312
22,-205,-118,284,-266,198,-3,-776,-310
20,-206,-117,282,-244,194,4,-776,-305
26,-207,-118,281,-226,190,5,-778,-305
24,-204,-115,281,-213,191,9,-783,-303
23,-204,-115,283,-207,194,8,-776,-308
25,-205,-118,285,-206,197,12,-778,-306
25,-204,-118,286,-203,201,14,-775,-309
27,-205,-117,284,-201,208,14,-776,-318
23,-202,-121,283,-198,210,14,-772,-315
27,-201,-117,279,-194,212,8,-768,-309
20,-203,-118,277,-193,212,6,-764,-314
20,-201,-119,272,-195,212,-3,-757,-313
15,-207,-122,268,-203,211,-17,-749,-306
12,-197,-118,264,-215,214,-30,-740,-302
8,-195,-115,257,-229,216,-42,-741,-303
4,-194,-113,248,-246,221,-64,-733,-293
0,-196,-111,236,-262,228,-79,-736,-287
0,-193,-112,224,-273,234,-84,-726,-283
1,-193,-112,215,-279,244,-93,-728,-283
0,-194,-113,201,-275,251,-94,-734,-282
-1,-196,-112,187,-268,256,-101,-737,-271
-3,-198,-108,176,-258,258,-105,-747,-271
0,-195,-104,171,-244,260,-102,-755,-267
0,-201,-108,163,-234,259,-91,-763,-264
1,-201,-106,159,-224,257,-85,-765,-264
1,-205,-107,151,-213,252,-70,-775,-263
4,-206,-108,145,-204,246,-63,-778,-264
11,-207,-106,141,-196,240,-47,-788,-267
12,-209,-108,134,-190,232,-37,-791,-267
13,-209,-107,126,-182,224,-16,-792,-266
21,-213,-106,118,-173,213,-5,-801,-264
24,-213,-104,109,-160,200,7,-805,-262
24,-216,-108,100,-144,183,8,-811,-261
30,-218,-109,89,-127,171,6,-815,-259
21,-220,-103,80,-108,160,1,-829,-254
20,-222,-105,67,-89,153,-3,-837,-253
14,-221,-105,60,-71,148,-22,-844,-247
15,-225,-102,58,-55,150,-35,-850,-246
10,-232,-101,61,-41,151,-54,-852,-250
5,-229,-103,61,-29,154,-63,-863,-249
0,-233,-99,59,-18,158,-77,-868,-244
-6,-236,-102,52,-8,161,-102,-882,-239
-7,-238,-98,42,2,163,-113,-902,-233
-9,-242,-83,31,12,161,-116,-910,-229
-9,-239,-97,15,21,158,-122,-918,-222
-10,-243,-93,-6,32,154,-118,-934,-212
-7,-252,-99,-25,44,147,-116,-943,-199
-7,-253,-92,-34,57,139,-113,-966,-207
-5,-255,-92,-41,68,128,-114,-981,-210
-4,-258,-95,-41,79,122,-106,-989,-199
-2,-260,-87,-37,88,115,-97,-994,-196
1,-264,-86,-24,93,111,-84,-996,-198
0,-259,-88,-1,96,105,-74,-997,-199
5,-260,-88,22,97,101,-69,-993,-200
2,-258,-92,42,93,98,-69,-987,-198
2,-256,-89,51,89,97,-63,-983,-195
5,-255,-89,49,86,101,-66,-972,-195
2,-256,-87,37,85,107,-73,-968,-195
5,-254,-86,22,86,111,-74,-955,-187
1,-252,-85,6,88,114,-78,-960,-185
-1,-254,-85,-5,92,119,-99,-964,-181
-2,-251,-88,-13,95,120,-97,-961,-179
-5,-253,-80,-15,93,116,-111,-962,-175
-12,-256,-82,-15,85,114,-119,-964,-180
-11,-255,-83,-12,76,111,-130,-970,-175
-12,-256,-85,-10,65,107,-142,-976,-179
-15,-260,-84,-10,52,105,-147,-982,-184
-18,-258,-85,-11,42,101,-152,-988,-186
-19,-260,-88,-12,33,100,-150,-993,-188
-13,-260,-89,-14,24,100,-144,-998,-187
-14,-263,-90,-13,19,102,-138,-998,-191
-11,-263,-90,-11,17,105,-132,-999,-195
-10,-262,-89,-13,22,106,-123,-1004,-194
-7,-263,-89,-11,30,106,-110,-1000,-190
-1,-262,-90,-16,40,108,-106,-1001,-199
0,-261,-92,-23,51,107,-95,-1000,-199
0,-264,-90,-31,62,107,-92,-1004,-199
0,-262,-90,-37,74,103,-91,-1006,-196
0,-262,-89,-44,85,99,-84,-1006,-192
0,-264,-85,-45,100,96,-79,-1007,-185
2,-269,-86,-41,116,95,-82,-1011,-169
2,-268,-83,-34,134,88,-73,-1009,-170
1,-262,-80,-23,156,82,-73,-1000,-159
4,-261,-79,-14,176,76,-72,-996,-158
0,-260,-77,-6,198,71,-83,-985,-154
2,-255,-77,-3,217,67,-82,-980,-148
3,-254,-76,-3,237,58,-77,-973,-146
1,-254,-77,-6,255,48,-83,-977,-149
4,-256,-77,-19,276,38,-84,-981,-141
0,-260,-74,-35,297,25,-90,-993,-146
-2,-261,-73,-53,315,12,-103,-1000,-146
-5,-267,-74,-75,328,-1,-114,-1020,-143
-10,-272,-76,-93,339,-15,-118,-1036,-143
-11,-277,-75,-108,346,-26,-125,-1055,-146
-12,-280,-71,-122,353,-36,-139,-1069,-146
-17,-279,-74,-131,362,-41,-139,-1077,-150
-15,-285,-78,-139,371,-48,-151,-1085,-153
-15,-286,-82,-146,382,-53,-142,-1090,-166
-14,-282,-75,-152,393,-56,-150,-1098,-174
-16,-288,-86,-155,401,-61,-150,-1100,-184
-18,-288,-85,-157,402,-69,-154,-1099,-199
-26,-286,-90,-161,395,-79,-170,-1112,-221
-26,-290,-103,-169,373,-86,-181,-1113,-249
-31,-293,-105,-182,346,-94,-199,-1116,-265
-37,-299,-112,-199,314,-97,-219,-1133,-298
-39,-303,-118,-227,283,-99,-225,-1150,-316
-40,-308,-124,-257,265,-94,-236,-1177,-332
-38,-314,-122,-285,259,-90,-234,-1198,-341
-39,-320,-124,-304,263,-86,-234,-1229,-341
-36,-328,-127,-309,273,-84,-223,-1246,-336
-36,-336,-123,-300,283,-84,-214,-1289,-340
-34,-344,-124,-280,287,-83,-202,-1312,-337
-26,-351,-125,-254,285,-77,-184,-1334,-344
-15,-358,-129,-221,279,-64,-163,-1362,-354
-8,-360,-127,-188,277,-44,-118,-1380,-365
2,-365,-128,-152,283,-21,-79,-1386,-374
14,-366,-127,-111,298,-3,-25,-1394,-367
27,-358,-130,-61,317,10,21,-1366,-369
32,-351,-129,0,332,14,66,-1331,-369
47,-337,-134,71,343,14,92,-1287,-389
51,-324,-137,135,352,8,118,-1230,-417
45,-309,-152,174,362,-2,128,-1175,-450
58,-294,-160,184,373,-16,139,-1127,-497
60,-279,-170,172,384,-33,145,-1078,-529
61,-265,-178,139,395,-54,139,-1020,-554
57,-256,-182,89,404,-76,134,-978,-574
49,-250,-179,30,416,-92,127,-955,-588
53,-246,-189,-36,434,-101,113,-934,-600
50,-245,-187,-105,467,-99,99,-929,-599
47,-246,-190,-166,500,-88,97,-934,-594
48,-253,-187,-212,549,-70,90,-951,-581
50,-259,-182,-244,608,-51,93,-964,-565
50,-262,-175,-249,671,-35,98,-994,-552
46,-272,-174,-226,733,-24,100,-1027,-544
44,-281,-158,-178,788,-24,86,-1059,-544
38,-286,-173,-114,833,-21,69,-1082,-542
34,-289,-177,-46,861,-17,56,-1097,-551
32,-289,-179,12,873,-16,38,-1091,-566
34,-287,-179,57,878,-21,34,-1085,-569
36,-277,-177,88,880,-32,30,-1068,-564
25,-275,-175,114,877,-47,16,-1048,-555
23,-271,-171,134,874,-57,8,-1019,-543
16,-266,-166,148,866,-63,-3,-1007,-519
13,-261,-157,158,855,-64,-22,-1000,-492
19,-265,-156,160,838,-61,-30,-997,-467
10,-261,-142,164,817,-59,-30,-989,-432
11,-259,-137,169,791,-56,-47,-989,-403
6,-257,-130,173,763,-54,-50,-982,-381
5,-256,-128,183,729,-57,-50,-965,-358
3,-246,-127,195,694,-68,-47,-948,-343
10,-248,-125,200,658,-80,-45,-933,-343
13,-244,-126,198,629,-91,-34,-928,-344
10,-240,-127,186,606,-101,-33,-924,-353
11,-248,-147,169,587,-110,-31,-924,-366
13,-247,-130,147,575,-114,-27,-927,-360
17,-245,-128,126,570,-120,-17,-936,-342
21,-252,-127,107,570,-129,1,-944,-344
26,-249,-127,94,572,-142,12,-956,-338
27,-256,-124,93,574,-158,20,-963,-323
27,-255,-116,103,571,-176,18,-972,-309
31,-258,-111,116,559,-193,31,-973,-297
32,-258,-112,135,540,-209,41,-981,-286
38,-257,-108,157,522,-226,58,-977,-269
37,-255,-106,188,509,-242,63,-962,-255
39,-253,-102,224,499,-256,69,-948,-240
42,-250,-99,266,494,-268,86,-937,-245
45,-244,-99,307,496,-279,95,-913,-241
46,-236,-96,347,502,-289,94,-890,-242
44,-228,-99,379,506,-294,95,-858,-230
43,-222,-96,404,508,-297,93,-835,-230
46,-210,-96,423,510,-295,94,-813,-227
47,-208,-96,429,513,-293,92,-787,-228
45,-201,-96,425,524,-291,90,-769,-226
46,-196,-93,412,540,-284,85,-750,-219
44,-194,-97,393,555,-275,87,-731,-215
42,-190,-93,373,572,-265,78,-717,-213
42,-188,-95,349,590,-256,73,-703,-206
41,-184,-91,327,609,-243,82,-695,-205
45,-179,-93,305,630,-233,85,-682,-208
41,-178,-95,285,650,-225,86,-674,-211
46,-176,-90,265,668,-220,88,-657,-211
45,-173,-95,244,680,-217,96,-660,-211
49,-172,-98,222,686,-218,99,-652,-220
52,-176,-95,197,687,-220,106,-654,-216
53,-176,-91,168,684,-223,121,-652,-215
54,-177,-96,139,684,-227,122,-653,-215
55,-181,-91,111,688,-236,127,-670,-203
56,-180,-89,90,697,-241,128,-679,-201
54,-184,-89,75,714,-246,122,-683,-198
54,-185,-90,65,734,-249,123,-694,-202
54,-187,-93,56,759,-249,124,-703,-198
55,-189,-93,44,786,-247,119,-712,-208
54,-192,-93,33,813,-245,113,-721,-202
48,-193,-85,20,832,-242,106,-724,-204
48,-194,-91,11,842,-238,99,-739,-196
49,-197,-89,6,846,-236,99,-744,-193
41,-192,-92,5,843,-231,101,-754,-188
46,-200,-86,9,835,-227,100,-756,-180
47,-204,-85,13,827,-222,99,-764,-180
45,-206,-82,14,814,-218,97,-772,-176
46,-221,-87,15,803,-215,92,-777,-176
43,-205,-82,13,792,-213,88,-788,-175
43,-211,-83,9,782,-209,86,-791,-172
43,-207,-84,3,769,-208,82,-796,-178
37,-207,-85,-5,759,-203,75,-806,-175
38,-213,-83,-15,746,-200,72,-811,-171
35,-214,-83,-28,731,-193,66,-818,-172
36,-218,-78,-39,712,-186,62,-828,-167
37,-227,-79,-49,694,-182,62,-843,-172
36,-225,-82,-58,676,-178,61,-852,-177
40,-229,-81,-67,658,-174,62,-864,-174
39,-231,-81,-75,641,-168,59,-869,-172
39,-233,-82,-81,622,-161,67,-877,-171
44,-243,-91,-86,606,-158,77,-888,-180
41,-234,-86,-91,597,-156,81,-903,-179
43,-239,-85,-92,595,-152,91,-899,-176
45,-245,-83,-90,595,-151,92,-925,-176
44,-253,-82,-96,592,-164,92,-953,-168
48,-254,-76,-102,585,-179,92,-958,-153
46,-256,-75,-94,576,-190,103,-972,-143
51,-259,-77,-76,568,-200,108,-976,-139
50,-256,-70,-50,559,-209,113,-981,-138
49,-257,-73,-21,551,-217,116,-979,-139
54,-259,-74,4,543,-226,107,-978,-139
47,-257,-76,25,534,-230,105,-980,-139
46,-254,-74,38,523,-233,102,-984,-138
48,-256,-72,44,513,-233,104,-972,-138
53,-257,-70,44,501,-230,103,-978,-128
51,-257,-69,40,489,-227,105,-985,-126
49,-258,-67,35,477,-221,115,-985,-115
50,-260,-67,31,467,-213,118,-989,-107
50,-260,-69,32,461,-201,126,-993,-100
54,-263,-64,36,456,-190,128,-995,-93
54,-259,-63,40,454,-183,135,-995,-84
57,-258,-64,46,452,-176,144,-992,-86
61,-258,-60,52,448,-167,148,-993,-79
60,-257,-64,54,443,-162,149,-977,-84
60,-256,-63,53,437,-157,154,-972,-88
63,-252,-65,46,426,-152,150,-956,-92
57,-245,-63,33,416,-147,143,-938,-100
57,-242,-65,17,407,-141,136,-924,-108
53,-238,-68,-5,400,-137,124,-912,-111
53,-235,-72,-30,394,-130,121,-894,-115
49,-233,-69,-58,387,-124,116,-890,-116
49,-234,-68,-88,381,-116,106,-901,-118
50,-235,-67,-117,374,-105,100,-903,-117
49,-237,-67,-143,367,-94,106,-906,-113
48,-239,-66,-164,360,-82,114,-921,-109
52,-242,-69,-179,355,-72,109,-930,-108
52,-244,-62,-193,350,-61,122,-928,-95
54,-243,-65,-204,346,-52,129,-939,-94
57,-249,-65,-210,341,-42,141,-945,-96
59,-250,-65,-219,332,-33,140,-944,-96
62,-250,-66,-226,321,-26,147,-950,-89
60,-250,-63,-237,308,-20,151,-947,-87
60,-250,-62,-252,290,-16,151,-950,-85
60,-250,-63,-271,271,-10,149,-949,-78
61,-250,-61,-292,251,-7,149,-944,-81
61,-248,-59,-310,235,-4,150,-946,-78
59,-248,-63,-319,224,0,140,-948,-79
60,-251,-62,-326,219,3,149,-955,-86
56,-252,-62,-328,221,1,134,-954,-88
54,-250,-63,-325,224,3,131,-951,-89
50,-249,-62,-316,224,3,122,-952,-92
52,-247,-64,-305,220,7,116,-953,-96
51,-254,-64,-291,211,10,116,-951,-101
54,-254,-66,-280,201,17,124,-959,-107
54,-255,-66,-273,191,23,128,-964,-115
58,-253,-68,-267,182,28,133,-969,-117
58,-256,-70,-259,169,31,139,-971,-118
61,-256,-70,-251,153,39,144,-965,-126
58,-253,-69,-242,137,47,150,-964,-132
61,-256,-79,-238,120,54,152,-956,-140
60,-250,-80,-235,109,64,161,-951,-149
64,-245,-79,-247,102,72,166,-945,-156
63,-246,-83,-275,101,80,165,-939,-175
62,-244,-81,-314,100,87,168,-933,-186
64,-245,-85,-367,99,97,176,-936,-193
67,-247,-92,-426,99,108,181,-940,-200
69,-248,-91,-485,102,114,188,-952,-202
72,-253,-92,-539,111,116,196,-962,-205
72,-258,-90,-584,122,114,209,-983,-207
79,-260,-97,-616,136,107,220,-1004,-208
78,-267,-89,-632,147,95,224,-1019,-210
83,-276,-91,-637,149,83,233,-1041,-203
79,-278,-90,-631,144,66,234,-1065,-205
81,-282,-90,-612,127,48,236,-1084,-196
76,-285,-90,-587,105,31,227,-1088,-206
74,-289,-96,-558,85,15,215,-1101,-211
70,-288,-96,-521,68,1,205,-1103,-212
70,-291,-95,-482,61,-12,193,-1106,-217
65,-293,-92,-439,64,-22,181,-1110,-223
66,-293,-91,-397,73,-30,178,-1115,-222
67,-294,-95,-359,80,-39,175,-1117,-220
65,-294,-94,-324,84,-46,178,-1120,-219
65,-296,-91,-294,86,-51,183,-1122,-220
71,-297,-92,-266,87,-56,194,-1133,-210
76,-299,-94,-243,87,-61,211,-1137,-209
83,-300,-92,-226,88,-69,232,-1142,-213
87,-302,-95,-215,92,-75,249,-1145,-217
88,-300,-94,-207,97,-78,260,-1149,-231
95,-302,-107,-211,98,-81,283,-1151,-251
98,-301,-113,-228,95,-84,292,-1148,-271
100,-300,-112,-263,88,-85,302,-1144,-299
101,-300,-121,-304,79,-84,305,-1153,-312
103,-303,-118,-349,72,-78,316,-1159,-328
106,-306,-128,-392,62,-70,320,-1166,-339
102,-313,-129,-434,54,-59,315,-1177,-359
101,-317,-129,-467,52,-46,308,-1200,-371
97,-323,-131,-495,53,-32,292,-1222,-381
93,-326,-132,-522,59,-20,282,-1250,-381
85,-331,-135,-548,71,-12,253,-1275,-391
79,-337,-132,-568,83,-6,232,-1286,-384
71,-339,-133,-578,95,1,193,-1295,-386
62,-336,-139,-573,104,7,159,-1282,-401
57,-330,-149,-561,107,17,135,-1268,-421
50,-321,-149,-542,112,30,118,-1226,-448
52,-312,-161,-526,118,47,106,-1189,-480
47,-297,-164,-517,124,66,99,-1148,-512
47,-291,-167,-520,125,85,92,-1114,-514
44,-284,-171,-535,113,99,91,-1077,-513
42,-278,-165,-564,87,113,86,-1064,-515
39,-276,-165,-596,49,127,77,-1045,-503
37,-270,-161,-626,3,139,70,-1033,-479
35,-270,-152,-642,-43,153,60,-1026,-463
30,-268,-151,-640,-82,167,53,-1020,-446
35,-270,-148,-618,-115,185,49,-1017,-435
34,-268,-145,-581,-137,202,49,-1006,-428
38,-262,-148,-530,-148,222,56,-993,-431
45,-261,-146,-469,-144,241,78,-974,-443
49,-256,-151,-407,-133,261,105,-964,-451
61,-252,-161,-349,-115,277,142,-945,-463
68,-251,-157,-300,-89,290,177,-938,-475
76,-248,-161,-268,-57,298,208,-934,-490
85,-246,-161,-255,-20,302,245,-932,-493
94,-246,-164,-255,18,303,277,-934,-495
103,-250,-160,-261,60,305,307,-941,-490
111,-254,-156,-263,102,313,330,-953,-486
110,-257,-157,-255,138,322,338,-972,-466
113,-261,-152,-236,168,330,351,-987,-449
114,-266,-150,-203,189,342,357,-1004,-441
117,-270,-141,-151,206,352,361,-1014,-435
117,-270,-143,-96,227,359,357,-1018,-423
113,-272,-143,-40,251,361,347,-1018,-418
107,-266,-141,11,282,360,328,-1007,-411
105,-267,-138,52,315,358,310,-1005,-411
100,-265,-143,78,347,361,294,-1000,-407
95,-262,-142,89,377,367,286,-990,-412
93,-255,-138,86,404,380,266,-974,-411
88,-255,-140,76,428,398,252,-966,-416
80,-254,-145,63,450,421,233,-962,-412
75,-252,-138,47,473,444,207,-958,-414
69,-250,-142,35,492,465,190,-948,-420
65,-249,-143,29,506,485,166,-944,-412
59,-250,-138,27,514,504,144,-925,-402
56,-242,-137,34,516,520,127,-927,-394
52,-238,-135,44,509,537,105,-912,-382
44,-238,-131,58,501,551,87,-900,-379
38,-234,-130,74,491,568,71,-887,-369
37,-232,-130,85,480,584,67,-877,-345
38,-232,-120,91,469,598,59,-863,-336
38,-225,-121,94,459,611,62,-854,-318
39,-223,-119,95,454,623,60,-845,-308
40,-224,-114,105,451,633,60,-845,-305
38,-226,-114,127,451,642,67,-839,-309
42,-226,-117,157,453,646,75,-841,-303
46,-222,-109,191,454,648,84,-828,-300
49,-222,-113,235,458,648,102,-820,-298
55,-226,-105,284,461,647,116,-812,-301
54,-214,-117,335,467,647,124,-803,-304
59,-211,-117,383,473,647,139,-789,-311
59,-202,-117,417,485,645,150,-773,-321
62,-198,-117,436,501,640,148,-754,-318
63,-194,-119,435,519,631,155,-735,-318
62,-191,-118,420,541,620,157,-721,-312
62,-185,-115,394,566,610,151,-710,-308
61,-184,-116,364,594,600,151,-704,-301
60,-186,-115,333,624,592,143,-684,-299
57,-183,-116,312,649,583,137,-690,-292
52,-184,-109,295,671,576,115,-684,-296
44,-184,-112,279,688,572,99,-692,-294
46,-184,-113,263,694,570,91,-690,-296
41,-184,-112,241,697,568,75,-693,-300
34,-184,-117,216,695,569,62,-696,-302
34,-189,-118,187,692,572,52,-703,-307
33,-192,-121,160,692,573,42,-718,-307
28,-197,-117,136,694,573,29,-735,-308
29,-201,-119,119,700,573,22,-764,-308
25,-205,-122,110,710,570,15,-780,-309
26,-209,-116,108,725,566,13,-792,-309
26,-215,-114,115,747,557,13,-813,-311
29,-216,-118,125,774,547,18,-820,-313
26,-219,-122,135,801,538,23,-826,-314
32,-222,-121,145,828,526,27,-832,-314
32,-223,-119,151,855,514,32,-840,-314
32,-223,-119,156,876,500,35,-843,-314
32,-224,-120,158,897,488,42,-843,-307
33,-224,-113,161,911,472,45,-850,-302
32,-226,-116,161,926,457,41,-845,-293
32,-228,-109,165,935,441,43,-847,-294
33,-226,-113,168,946,425,45,-841,-286
33,-226,-108,172,957,409,42,-843,-285
31,-223,-107,175,966,391,40,-842,-278
31,-223,-107,176,972,376,31,-833,-281
30,-220,-112,172,981,363,29,-830,-277
26,-220,-111,166,989,352,19,-834,-272
25,-219,-112,155,996,345,14,-833,-275
25,-221,-110,143,1004,341,12,-837,-278
24,-221,-109,133,1012,338,9,-843,-285
21,-226,-110,126,1022,334,-1,-844,-290
21,-225,-116,120,1032,329,-2,-842,-282
19,-226,-111,116,1041,325,-5,-848,-285
18,-227,-116,114,1050,320,-15,-853,-288
17,-226,-112,111,1055,318,-18,-856,-289
19,-229,-113,106,1061,315,-18,-855,-289
16,-225,-112,99,1068,311,-21,-857,-295
15,-231,-114,94,1076,306,-13,-867,-295
17,-228,-112,86,1085,302,-12,-868,-289
21,-231,-115,80,1096,296,-5,-870,-294
21,-228,-112,75,1108,292,0,-873,-286
20,-230,-112,73,1120,283,-1,-868,-282
21,-230,-111,71,1132,277,1,-870,-272
21,-230,-110,72,1144,272,-3,-873,-273
17,-227,-106,71,1151,268,-3,-876,-264
20,-230,-107,74,1157,264,-6,-869,-264
18,-231,-107,76,1161,262,-8,-882,-263
16,-231,-110,71,1162,260,-20,-881,-260
16,-234,-105,65,1161,261,-23,-883,-258
14,-236,-102,56,1157,260,-30,-895,-256
11,-234,-106,51,1157,257,-32,-905,-251
13,-238,-104,46,1158,257,-36,-913,-258
11,-242,-103,45,1165,257,-42,-922,-257
11,-243,-100,43,1170,254,-48,-932,-249
9,-248,-104,44,1176,250,-50,-940,-244
9,-251,-98,46,1181,244,-43,-950,-238
6,-254,-102,48,1187,240,-52,-957,-236
7,-254,-97,55,1188,231,-53,-971,-226
8,-256,-96,61,1190,222,-48,-982,-225
4,-261,-99,67,1188,212,-59,-989,-222
4,-260,-90,73,1188,201,-56,-995,-215
6,-261,-94,80,1188,192,-62,-1003,-215
4,-264,-88,87,1188,182,-61,-1006,-211
5,-267,-93,94,1188,175,-59,-1005,-201
8,-266,-88,102,1188,169,-57,-1005,-199
9,-263,-86,111,1185,164,-56,-1008,-198
9,-261,-90,121,1184,161,-52,-1004,-200
11,-263,-92,130,1183,157,-45,-991,-201
12,-260,-89,140,1181,156,-34,-990,-206
13,-258,-91,147,1180,158,-27,-978,-197
22,-255,-95,153,1183,157,-17,-971,-201
21,-255,-91,157,1187,157,-13,-969,-202
21,-255,-91,162,1189,158,-3,-964,-201
24,-254,-90,165,1191,160,10,-956,-204
24,-253,-91,166,1193,163,11,-955,-207
26,-252,-95,163,1200,165,22,-952,-208
23,-254,-86,156,1211,169,29,-956,-209
27,-249,-92,151,1226,172,36,-957,-213
31,-249,-95,142,1243,173,43,-949,-209
33,-248,-91,136,1259,176,47,-945,-202
35,-245,-90,130,1273,177,50,-943,-206
31,-245,-94,118,1288,177,43,-936,-210
35,-246,-90,103,1305,177,47,-933,-211
33,-246,-96,77,1318,178,43,-933,-210
31,-244,-96,41,1331,179,39,-936,-209
28,-247,-95,6,1342,181,32,-936,-217
29,-248,-95,-24,1353,184,30,-948,-220
28,-249,-100,-47,1362,188,24,-946,-221
28,-251,-99,-62,1370,191,28,-954,-222
28,-255,-95,-60,1373,195,23,-960,-232
25,-254,-95,-50,1373,199,20,-961,-235
23,-255,-101,-28,1374,200,12,-969,-235
22,-256,-102,-4,1378,200,8,-973,-245
19,-254,-102,17,1379,199,-4,-974,-250
16,-254,-106,31,1377,198,-18,-973,-254
15,-256,-105,39,1369,200,-27,-973,-256
10,-256,-108,41,1357,204,-35,-977,-267
4,-259,-105,40,1345,213,-45,-986,-266
4,-259,-107,38,1336,223,-60,-994,-264
3,-263,-104,40,1336,235,-72,-1001,-260
0,-264,-108,47,1346,245,-81,-1002,-258
-1,-267,-101,56,1361,254,-93,-1021,-247
0,-272,-99,70,1377,260,-88,-1018,-228
1,-274,-93,92,1396,263,-81,-1033,-217
2,-271,-97,117,1411,264,-72,-1045,-210
7,-277,-94,149,1430,261,-58,-1055,-208
7,-278,-92,182,1445,256,-55,-1057,-200
10,-282,-91,213,1463,248,-47,-1064,-201
14,-279,-88,244,1483,239,-36,-1067,-202
13,-281,-86,271,1502,229,-33,-1065,-190
12,-281,-86,300,1519,218,-31,-1070,-196
10,-277,-86,332,1532,205,-39,-1059,-194
12,-279,-85,360,1538,195,-39,-1053,-195
9,-273,-87,383,1540,189,-52,-1035,-194
4,-266,-90,400,1535,187,-65,-1023,-195
0,-264,-93,408,1521,183,-78,-1003,-193
0,-260,-86,404,1501,184,-93,-993,-191
-5,-256,-85,397,1476,185,-101,-979,-178
-12,-252,-86,382,1445,187,-110,-969,-174
-12,-251,-78,364,1411,188,-123,-952,-170
-15,-246,-76,346,1378,191,-133,-945,-155
-15,-250,-81,327,1351,195,-142,-945,-146
-19,-244,-77,305,1326,199,-150,-949,-143
-18,-246,-77,281,1303,196,-156,-951,-150
-13,-251,-76,250,1279,189,-152,-951,-145
-21,-250,-74,217,1254,177,-151,-958,-139
-16,-249,-75,184,1229,168,-145,-962,-139
-13,-254,-76,142,1201,157,-141,-969,-138
-11,-254,-74,97,1177,146,-125,-972,-133
-5,-255,-70,53,1153,131,-118,-968,-136
-7,-254,-76,15,1128,112,-108,-970,-143
-1,-254,-77,-14,1107,92,-104,-966,-149
-3,-254,-81,-37,1089,74,-101,-968,-167
-2,-256,-85,-56,1072,56,-91,-963,-176
-2,-254,-87,-69,1055,42,-86,-971,-188
0,-253,-93,-86,1043,31,-69,-969,-200
2,-256,-93,-101,1033,20,-66,-971,-211
3,-256,-96,-115,1022,13,-60,-978,-222
6,-257,-100,-128,1011,9,-55,-980,-233
9,-260,-99,-143,1000,5,-45,-979,-247
13,-259,-103,-157,990,3,-32,-986,-256
14,-261,-105,-177,980,2,-25,-992,-265
18,-259,-111,-194,967,-1,-18,-997,-278
20,-262,-114,-214,952,0,-1,-1003,-293
24,-266,-116,-232,937,1,15,-1014,-302
28,-269,-115,-249,919,3,26,-1025,-308
31,-272,-120,-262,900,3,34,-1039,-320
32,-275,-119,-273,883,2,50,-1042,-329
33,-273,-114,-278,864,2,52,-1051,-323
35,-276,-117,-274,847,-1,55,-1041,-323
33,-269,-120,-260,829,-4,58,-1035,-317
39,-273,-116,-242,808,-5,56,-1021,-309
48,-274,-118,-219,787,-5,61,-1009,-302
41,-265,-109,-190,767,-5,62,-998,-288
39,-259,-108,-158,753,-7,70,-980,-278
41,-256,-108,-120,745,-11,71,-971,-267
42,-254,-104,-83,743,-15,79,-952,-257
46,-249,-102,-46,747,-20,90,-943,-241
46,-246,-96,-6,754,-24,96,-925,-225
50,-239,-90,33,766,-32,107,-913,-216
57,-236,-93,65,785,-41,114,-898,-201
60,-234,-92,90,810,-53,135,-885,-197
62,-232,-82,110,843,-65,152,-873,-191
66,-229,-84,121,887,-80,162,-870,-181
70,-229,-82,125,937,-95,180,-866,-181
74,-227,-86,119,994,-111,191,-859,-180
77,-224,-83,107,1053,-125,200,-861,-173
78,-228,-78,90,1115,-138,216,-862,-171
85,-231,-79,67,1176,-152,225,-865,-171
82,-230,-79,48,1239,-164,241,-871,-155
86,-227,-79,27,1302,-171,254,-878,-162
87,-233,-80,11,1361,-174,253,-881,-150
89,-231,-77,-5,1415,-176,259,-887,-150
89,-236,-76,-19,1462,-173,260,-896,-142
88,-236,-73,-30,1497,-166,253,-907,-142
90,-242,-78,-44,1526,-154,252,-907,-141
88,-240,-71,-63,1552,-139,255,-917,-149
88,-245,-79,-84,1574,-121,256,-925,-151
88,-243,-78,-105,1596,-99,260,-933,-167
87,-247,-82,-130,1617,-73,254,-928,-160
84,-242,-81,-155,1632,-46,251,-930,-157
85,-243,-80,-180,1640,-17,248,-931,-165
82,-244,-79,-206,1645,12,257,-936,-169
83,-245,-81,-235,1642,39,245,-938,-169
84,-245,-86,-267,1642,67,241,-939,-168
80,-246,-82,-299,1646,94,240,-946,-172
79,-251,-82,-331,1653,120,235,-949,-169
79,-255,-81,-358,1663,143,219,-957,-166
76,-256,-83,-374,1678,167,212,-969,-166
71,-259,-82,-385,1699,191,199,-983,-174
72,-262,-83,-392,1726,208,184,-995,-177
68,-264,-84,-394,1763,218,175,-1001,-175
62,-267,-81,-396,1803,217,157,-1013,-180
60,-267,-85,-396,1843,209,141,-1017,-180
60,-269,-90,-389,1882,201,140,-1018,-190
63,-269,-88,-375,1922,194,148,-1015,-193
62,-266,-95,-357,1959,186,153,-1022,-205
63,-270,-93,-330,1995,174,153,-1018,-217
61,-271,-98,-301,2030,154,149,-1017,-221
58,-270,-98,-269,2059,133,137,-1016,-229
54,-268,-95,-243,2083,118,130,-1014,-226
51,-268,-97,-220,2100,105,111,-1010,-225
46,-268,-101,-196,2110,91,102,-1006,-220
44,-264,-97,-180,2113,81,88,-1005,-223
46,-263,-91,-168,2111,71,85,-1002,-220
43,-263,-92,-162,2107,61,83,-1001,-218
45,-262,-97,-163,2105,49,88,-1005,-209
46,-262,-92,-170,2105,39,91,-1005,-201
48,-264,-91,-178,2103,29,96,-1006,-196
49,-263,-87,-184,2105,21,108,-1002,-187
49,-265,-82,-189,2105,12,106,-1011,-180
49,-266,-79,-187,2103,4,115,-1008,-174
51,-264,-86,-185,2098,-3,112,-1006,-168
50,-265,-83,-179,2090,-12,115,-1009,-173
53,-267,-81,-167,2079,-19,124,-1013,-173
56,-266,-80,-155,2066,-27,134,-1003,-172
57,-262,-80,-140,2056,-31,139,-996,-180
56,-262,-89,-124,2052,-31,136,-988,-181
55,-258,-88,-107,2054,-29,134,-984,-191
59,-256,-91,-96,2057,-29,125,-976,-195
54,-256,-92,-91,2061,-29,124,-969,-198
50,-254,-89,-90,2061,-31,118,-961,-198
48,-253,-86,-92,2053,-32,115,-959,-190
50,-251,-90,-96,2041,-34,112,-951,-185
48,-248,-82,-103,2019,-34,114,-945,-180
49,-248,-88,-108,1985,-31,118,-946,-173
48,-251,-85,-114,1943,-25,122,-947,-165
55,-250,-83,-120,1894,-19,123,-947,-166
55,-252,-78,-128,1843,-10,130,-951,-154
53,-251,-78,-135,1792,-1,134,-952,-150
56,-252,-75,-140,1743,8,127,-952,-148
52,-252,-76,-150,1696,17,129,-950,-151
54,-249,-78,-161,1654,28,119,-945,-155
49,-248,-81,-177,1615,39,117,-948,-159
50,-250,-82,-200,1580,49,113,-946,-168
47,-250,-79,-227,1556,55,99,-947,-166
46,-251,-84,-257,1531,63,98,-944,-170
41,-250,-82,-283,1509,74,86,-949,-169
49,-259,-72,-309,1486,84,82,-959,-173
39,-255,-84,-329,1459,92,78,-963,-173
40,-255,-83,-341,1427,94,79,-971,-173
38,-256,-85,-347,1390,97,78,-982,-170
43,-263,-80,-350,1351,97,77,-987,-170
37,-258,-81,-346,1308,95,76,-999,-171
39,-263,-81,-338,1267,92,74,-1003,-168
38,-265,-84,-326,1228,90,79,-1008,-168
43,-266,-80,-311,1194,88,78,-1011,-172
43,-267,-79,-293,1163,85,81,-1019,-169
44,-269,-85,-275,1137,79,84,-1016,-174
41,-268,-84,-256,1108,75,79,-1015,-170
44,-266,-80,-238,1080,74,80,-1013,-165
44,-264,-80,-221,1052,72,86,-1013,-158
47,-269,-76,-205,1019,70,85,-1009,-150
46,-266,-75,-189,986,69,92,-1008,-141
42,-265,-72,-175,953,68,94,-1004,-140
45,-265,-74,-161,924,67,96,-1001,-133
46,-266,-74,-148,894,65,98,-999,-127
44,-260,-70,-134,869,62,98,-1002,-131
46,-261,-71,-123,846,62,95,-994,-119
44,-258,-70,-112,824,59,101,-986,-118
47,-261,-69,-107,803,57,101,-986,-114
48,-257,-65,-102,780,56,100,-973,-110
48,-258,-67,-99,754,56,96,-975,-107
48,-255,-66,-96,729,55,104,-970,-97
50,-255,-66,-94,707,56,104,-965,-98
50,-256,-65,-92,682,56,112,-964,-97
48,-251,-66,-93,662,57,104,-960,-97
47,-252,-64,-94,642,58,104,-963,-94
47,-253,-65,-95,624,57,106,-958,-92
50,-252,-63,-97,607,58,111,-957,-90
50,-251,-62,-100,590,59,117,-956,-88
49,-253,-63,-105,570,59,110,-958,-85
50,-252,-59,-106,550,59,118,-961,-81
53,-254,-59,-106,527,61,114,-955,-75
54,-252,-63,-107,506,64,121,-958,-80
50,-254,-59,-106,484,69,125,-959,-75
53,-255,-64,-103,462,75,121,-962,-74
51,-259,-62,-98,437,80,126,-968,-74
56,-256,-59,-93,416,89,134,-974,-68
56,-256,-62,-90,395,95,134,-972,-74
57,-256,-63,-85,376,102,137,-977,-74
62,-258,-57,-80,358,109,148,-979,-71
57,-253,-58,-75,341,115,140,-975,-69
57,-255,-60,-73,326,121,144,-967,-67
55,-251,-55,-70,312,129,140,-966,-68
55,-250,-56,-68,300,138,137,-960,-76
57,-253,-60,-64,287,147,139,-950,-80
60,-251,-59,-67,275,156,135,-948,-88
60,-246,-61,-73,266,163,145,-940,-91
62,-244,-65,-90,264,169,153,-937,-92
61,-244,-67,-109,265,175,154,-938,-97
62,-251,-67,-124,267,183,154,-941,-103
59,-248,-67,-136,270,195,152,-946,-104
64,-250,-64,-144,268,206,160,-953,-99
64,-253,-61,-145,265,219,171,-958,-95
65,-254,-63,-140,263,228,179,-961,-98
67,-256,-68,-131,252,232,191,-970,-95
73,-257,-63,-122,241,236,189,-979,-105
70,-258,-65,-118,226,238,192,-983,-100
70,-256,-66,-118,214,239,194,-985,-96
70,-257,-63,-123,208,240,191,-986,-95
69,-261,-58,-126,204,240,190,-986,-84
72,-259,-64,-128,201,241,193,-988,-79
67,-256,-55,-127,195,241,191,-986,-73
69,-258,-59,-123,190,243,192,-985,-71
67,-259,-61,-118,187,244,182,-981,-70
69,-257,-59,-114,188,245,182,-982,-71
65,-257,-56,-111,195,247,179,-980,-76
66,-256,-61,-111,203,247,178,-974,-82
65,-256,-58,-108,209,248,177,-976,-74
64,-256,-59,-112,213,248,172,-971,-82
65,-254,-59,-114,214,248,166,-971,-82
61,-256,-62,-117,212,247,168,-973,-78
64,-257,-60,-120,209,246,163,-981,-82
65,-272,-43,-128,202,244,160,-983,-83
63,-258,-57,-130,193,243,160,-982,-78
62,-258,-61,-132,183,241,159,-980,-79
63,-257,-59,-132,173,238,161,-983,-76
63,-257,-57,-124,163,237,167,-984,-72
62,-256,-58,-114,154,235,157,-983,-70
62,-259,-57,-101,145,235,160,-985,-69
63,-258,-59,-86,134,235,155,-983,-68
60,-255,-58,-72,122,235,158,-979,-67
59,-257,-61,-62,109,238,151,-977,-78
60,-257,-60,-57,96,241,149,-976,-76
59,-256,-60,-54,84,244,151,-980,-80
59,-256,-61,-55,73,246,149,-977,-78
60,-256,-60,-57,60,247,146,-981,-79
59,-256,-60,-61,51,247,144,-973,-83
61,-257,-62,-69,43,247,139,-982,-85
57,-259,-64,-74,37,248,136,-986,-88
57,-261,-64,-79,29,248,135,-989,-94
57,-262,-65,-82,18,245,139,-1006,-99
56,-266,-65,-85,7,242,137,-1009,-105
53,-266,-66,-84,-2,235,131,-1025,-113
56,-273,-69,-83,-14,225,133,-1037,-115
55,-276,-71,-80,-24,212,134,-1059,-131
55,-280,-78,-79,-33,192,130,-1069,-141
52,-281,-80,-81,-36,168,127,-1076,-151
53,-285,-78,-88,-33,141,122,-1089,-166
51,-286,-81,-93,-29,112,110,-1099,-178
50,-286,-86,-101,-22,78,106,-1097,-185
47,-285,-85,-107,-16,46,106,-1088,-181
48,-286,-85,-108,-10,11,96,-1085,-188
45,-277,-85,-99,-7,-19,94,-1075,-186
43,-277,-86,-82,-4,-44,84,-1059,-187
44,-272,-82,-54,0,-63,79,-1044,-188
39,-272,-90,-19,2,-78,73,-1020,-186
38,-268,-87,26,8,-86,62,-1010,-185
36,-260,-86,76,15,-87,53,-994,-177
31,-256,-82,125,21,-83,52,-981,-178
34,-257,-84,168,24,-74,45,-972,-179
30,-254,-83,205,26,-66,45,-958,-173
32,-250,-86,233,28,-53,50,-950,-175
32,-249,-81,251,28,-38,42,-946,-168
32,-247,-78,261,23,-26,50,-945,-164
34,-247,-79,262,20,-13,48,-934,-155
32,-244,-77,255,14,-4,57,-933,-157
35,-242,-74,238,9,5,53,-935,-154
36,-243,-82,215,3,12,57,-939,-155
38,-245,-77,186,-3,15,59,-939,-152
37,-247,-77,153,-8,17,67,-944,-159
40,-249,-80,121,-15,16,69,-950,-165
36,-252,-79,92,-23,15,66,-951,-166
38,-250,-82,69,-28,12,73,-953,-170
41,-251,-83,50,-31,9,64,-954,-180
38,-251,-84,37,-32,3,68,-955,-180
41,-252,-88,27,-27,0,71,-959,-182
38,-255,-86,20,-20,-6,72,-958,-184
40,-255,-90,16,-9,-12,69,-964,-186
40,-253,-88,15,4,-13,75,-967,-188
42,-256,-88,15,19,-13,73,-974,-183
39,-258,-91,17,33,-11,73,-981,-194
40,-258,-87,19,50,-8,75,-992,-192
38,-261,-85,20,68,-3,71,-1000,-189
39,-263,-88,22,88,2,69,-1002,-188
37,-267,-85,21,108,11,60,-1010,-181
37,-266,-84,23,125,23,53,-1020,-186
33,-269,-86,21,140,36,42,-1030,-188
30,-272,-84,22,150,48,30,-1036,-189
27,-271,-89,24,156,59,27,-1038,-186
23,-270,-87,25,161,72,21,-1035,-187
23,-267,-89,27,162,83,11,-1029,-193
25,-270,-88,28,163,94,2,-1022,-196
22,-263,-89,31,161,104,3,-1010,-196
20,-262,-91,32,157,110,6,-1000,-203
20,-257,-90,33,146,117,9,-994,-200
26,-256,-93,33,138,122,11,-981,-209
23,-256,-89,28,128,127,4,-974,-205
21,-255,-92,21,119,132,10,-981,-203
24,-257,-90,18,117,136,4,-969,-198
22,-257,-88,20,119,140,2,-978,-203
22,-258,-88,28,124,144,-2,-983,-193
20,-259,-87,43,130,150,-4,-992,-188
17,-261,-85,61,135,153,-13,-997,-184
12,-259,-86,84,138,157,-24,-992,-184
11,-262,-84,109,141,162,-31,-999,-192
14,-263,-90,126,142,163,-35,-1000,-197
10,-261,-89,132,143,160,-42,-1000,-200
14,-261,-91,132,148,157,-34,-995,-200
22,-260,-92,125,157,148,-7,-985,-192
33,-249,-98,117,170,132,9,-972,-190
31,-253,-85,109,187,118,30,-957,-189
30,-250,-83,97,205,107,37,-949,-176
33,-250,-85,83,224,103,34,-950,-176
31,-251,-83,64,243,104,40,-949,-177
30,-254,-81,40,256,112,31,-963,-175
28,-256,-84,11,269,122,27,-975,-173
24,-258,-77,-16,282,132,24,-988,-163
26,-265,-73,-35,297,143,14,-1009,-141
24,-268,-69,-38,310,150,14,-1020,-119
21,-275,-66,-24,321,158,1,-1037,-108
18,-278,-65,3,329,165,-7,-1052,-96
14,-277,-66,41,332,174,-17,-1073,-98
15,-281,-64,81,332,180,-26,-1075,-96
12,-281,-63,119,330,185,-32,-1066,-107
11,-282,-66,155,326,193,-41,-1067,-106
6,-275,-70,186,319,199,-47,-1063,-121
7,-278,-70,204,311,202,-56,-1059,-126
4,-273,-69,216,303,207,-66,-1052,-133
1,-273,-73,218,290,210,-72,-1048,-140
-2,-266,-73,210,281,213,-80,-1035,-135
-1,-268,-77,193,272,218,-92,-1025,-140
-1,-269,-74,176,264,221,-99,-1019,-142
-1,-263,-71,161,259,222,-98,-1011,-132
-6,-264,-75,151,253,221,-105,-1000,-135
-5,-259,-70,146,247,218,-109,-1000,-128
-7,-256,-73,145,242,215,-102,-993,-125
-4,-258,-69,149,238,209,-98,-984,-118
-3,-256,-69,155,235,202,-99,-972,-117
0,-256,-65,163,234,193,-89,-977,-108
1,-257,-65,168,231,183,-81,-971,-98
1,-256,-61,171,227,171,-77,-968,-96
4,-255,-64,174,219,159,-68,-969,-96
1,-255,-67,174,209,150,-62,-966,-94
2,-254,-65,169,197,141,-60,-967,-97
6,-254,-64,165,187,134,-62,-963,-91
2,-250,-62,155,175,128,-64,-964,-94
4,-255,-64,144,162,126,-66,-961,-86
4,-253,-64,132,153,122,-63,-957,-85
1,-252,-61,120,146,118,-68,-958,-83
1,-248,-63,106,143,113,-70,-953,-80
2,-253,-58,92,140,110,-69,-951,-77
2,-252,-58,79,137,105,-69,-958,-75
4,-250,-59,66,136,99,-64,-959,-73
7,-250,-63,55,134,91,-64,-954,-71
7,-251,-59,44,132,84,-58,-957,-72
8,-253,-55,34,128,77,-52,-950,-71
11,-252,-58,22,126,70,-44,-962,-70
9,-252,-60,13,121,64,-39,-963,-70
12,-253,-57,5,118,57,-27,-961,-64
15,-253,-59,-4,113,53,-14,-963,-62
17,-256,-57,-11,114,48,-17,-977,-63
17,-254,-59,-18,112,45,-5,-979,-59
18,-258,-54,-19,110,41,-8,-987,-54
18,-259,-55,-22,110,38,-13,-999,-52
16,-261,-54,-22,109,35,-8,-1004,-54
19,-264,-56,-21,108,32,-11,-1009,-52
18,-266,-55,-23,105,29,-18,-1017,-59
16,-266,-57,-23,103,24,-18,-1017,-59
19,-268,-59,-24,101,21,-24,-1023,-64
19,-270,-56,-22,101,17,-16,-1022,-64
13,-267,-55,-20,100,12,-16,-1025,-66
16,-271,-57,-17,102,10,-18,-1024,-68
17,-270,-58,-9,104,6,-18,-1023,-67
16,-270,-57,-1,108,4,-19,-1027,-71
18,-271,-60,9,112,2,-23,-1026,-69
13,-268,-54,18,118,2,-18,-1019,-67
18,-267,-59,26,125,3,-8,-1018,-66
17,-269,-57,31,133,3,-10,-1021,-67
18,-267,-58,38,141,6,-9,-1021,-62
21,-268,-59,41,147,9,-4,-1018,-58
20,-265,-55,45,155,13,-3,-1017,-57
23,-264,-54,47,161,17,-2,-1009,-60
21,-265,-57,46,169,24,0,-1017,-58
20,-264,-55,45,177,26,-3,-1011,-59
14,-267,-59,47,184,28,0,-1016,-59
21,-266,-58,45,190,30,-2,-1014,-50
20,-265,-55,43,191,29,-3,-1016,-53
19,-268,-55,41,194,28,-4,-1010,-50
19,-263,-56,42,194,28,-3,-1008,-46
20,-263,-48,44,196,27,-4,-1012,-46
21,-260,-49,48,199,25,-5,-997,-44
20,-259,-52,53,202,21,-6,-996,-51
17,-259,-53,60,206,17,-16,-998,-45
20,-263,-48,62,211,12,-11,-994,-41
19,-259,-52,62,214,8,-14,-989,-45
13,-259,-43,56,216,6,-10,-992,-43
18,-258,-53,49,218,5,-12,-986,-45
19,-258,-51,36,221,3,-10,-984,-41
19,-257,-52,28,227,1,-13,-990,-43
15,-258,-52,25,235,1,-18,-988,-43
17,-259,-51,24,242,-1,-8,-988,-45
18,-258,-54,24,248,-4,-5,-987,-47
24,-259,-55,22,252,-9,0,-982,-52
23,-258,-57,23,255,-14,4,-978,-56
21,-255,-62,25,260,-19,0,-971,-71
27,-255,-61,19,265,-25,7,-969,-71
24,-254,-58,7,272,-32,14,-970,-70
27,-255,-58,-5,283,-38,16,-966,-71
27,-255,-54,-10,293,-44,20,-967,-63
27,-253,-56,-11,306,-49,19,-968,-55
28,-255,-54,-3,318,-52,25,-976,-48
29,-255,-50,9,332,-56,25,-976,-39
29,-257,-49,27,343,-58,20,-972,-35
27,-255,-49,43,355,-62,20,-970,-30
25,-254,-48,59,361,-66,11,-963,-36
24,-250,-51,72,367,-67,11,-959,-31
20,-249,-53,76,372,-72,5,-950,-46
19,-248,-53,73,377,-77,-4,-944,-52
20,-245,-53,65,382,-79,-11,-934,-50
14,-243,-55,57,387,-82,-12,-927,-51
16,-241,-56,49,390,-83,-22,-923,-49
16,-239,-53,40,391,-84,-20,-920,-47
13,-240,-56,31,391,-82,-30,-925,-47
13,-243,-52,23,391,-82,-35,-914,-46
11,-242,-55,19,391,-78,-38,-920,-50
9,-241,-54,18,392,-74,-38,-922,-47
12,-241,-52,16,392,-70,-39,-923,-42
13,-247,-54,16,396,-66,-35,-927,-46
12,-244,-51,13,402,-62,-36,-926,-43
11,-242,-56,13,412,-60,-31,-920,-46
14,-241,-49,13,419,-62,-30,-921,-47
14,-239,-52,15,422,-62,-24,-920,-43
15,-238,-50,15,419,-63,-22,-907,-47
16,-236,-51,12,415,-65,-23,-895,-48
16,-233,-54,8,412,-66,-13,-883,-51
18,-232,-54,3,411,-68,-9,-876,-50
17,-229,-51,-5,409,-71,-13,-870,-47
19,-228,-53,-13,409,-75,-7,-863,-51
16,-224,-54,-18,406,-78,-13,-845,-43
19,-226,-53,-22,400,-78,-6,-839,-32
20,-219,-50,-24,393,-75,-9,-832,-30
17,-219,-46,-27,387,-72,-16,-829,-27
18,-219,-49,-29,385,-66,-20,-827,-23
15,-216,-43,-32,385,-59,-12,-821,-15
20,-217,-44,-35,390,-51,-10,-823,-10
17,-218,-45,-41,400,-43,-7,-825,-4
21,-219,-38,-47,410,-36,-1,-830,-3
20,-219,-42,-57,423,-33,1,-839,2
22,-224,-38,-70,435,-38,-3,-850,8
20,-226,-39,-86,440,-43,0,-855,9
20,-228,-40,-105,436,-54,-2,-871,13
21,-231,-39,-130,428,-63,2,-874,10
20,-233,-39,-154,417,-75,6,-886,10
21,-233,-39,-178,404,-88,5,-889,9
21,-234,-43,-199,389,-102,2,-893,3
20,-233,-41,-214,380,-116,6,-896,4
24,-238,-46,-226,367,-128,8,-899,-12
26,-237,-46,-233,354,-139,10,-904,-27
25,-233,-48,-238,341,-146,8,-888,-37
23,-232,-50,-241,331,-153,15,-884,-43
23,-232,-57,-241,324,-157,14,-881,-62
23,-233,-54,-243,322,-156,18,-878,-71
26,-227,-59,-247,329,-153,19,-879,-74
30,-233,-63,-250,343,-149,27,-875,-74
35,-234,-60,-250,363,-148,41,-883,-70
38,-239,-58,-242,388,-150,54,-897,-59
39,-238,-54,-235,418,-152,57,-913,-43
35,-245,-50,-228,444,-159,70,-927,-34
39,-247,-46,-225,469,-166,73,-939,-17
39,-251,-44,-223,487,-177,74,-957,-5
39,-256,-44,-220,500,-189,73,-969,1
48,-250,-47,-213,510,-202,78,-980,5
40,-262,-40,-202,517,-219,76,-988,9
39,-259,-38,-190,527,-231,74,-990,3
38,-258,-44,-177,533,-245,63,-990,-4
36,-260,-48,-165,532,-255,56,-981,-18
28,-254,-53,-159,528,-262,50,-962,-26
32,-248,-56,-157,521,-264,46,-954,-45
32,-245,-55,-164,515,-260,38,-934,-52
31,-239,-55,-177,512,-253,42,-918,-57
33,-237,-57,-200,510,-240,47,-906,-66
33,-234,-59,-228,507,-227,46,-899,-62
28,-235,-57,-258,500,-213,42,-899,-54
31,-238,-56,-287,493,-193,39,-912,-54
29,-242,-55,-314,483,-173,32,-929,-49
28,-250,-50,-335,476,-158,28,-949,-45
28,-255,-46,-350,474,-143,34,-970,-25
29,-264,-50,-357,478,-132,32,-1003,-13
28,-271,-43,-359,490,-123,30,-1025,-1
25,-276,-36,-351,505,-122,23,-1059,10
25,-282,-38,-336,524,-125,24,-1076,11
26,-285,-39,-316,541,-135,22,-1089,2
25,-286,-43,-295,549,-149,24,-1089,-7
26,-284,-49,-276,551,-164,27,-1092,-23
30,-282,-54,-266,541,-180,30,-1079,-52
27,-275,-60,-264,523,-197,34,-1064,-73
31,-273,-62,-270,501,-213,49,-1038,-89
36,-268,-66,-288,475,-228,51,-1021,-99
37,-263,-66,-310,450,-239,57,-1009,-106
34,-259,-64,-338,429,-250,57,-1000,-103
31,-263,-64,-361,413,-254,45,-1005,-92
26,-265,-61,-375,403,-253,22,-1021,-85
18,-272,-53,-377,399,-244,6,-1034,-63
17,-280,-49,-364,396,-230,-17,-1070,-42
10,-289,-44,-340,393,-211,-36,-1095,-26
7,-292,-43,-313,391,-193,-48,-1123,-6
5,-300,-42,-278,391,-173,-63,-1142,-1
2,-302,-38,-245,393,-159,-70,-1154,2
1,-302,-40,-216,393,-146,-75,-1154,-6
0,-300,-47,-197,390,-138,-75,-1143,-19
1,-294,-49,-186,382,-132,-70,-1131,-28
4,-291,-53,-183,365,-126,-60,-1114,-43
6,-287,-54,-185,343,-124,-50,-1102,-53
7,-281,-56,-189,312,-123,-42,-1078,-68
10,-276,-58,-196,278,-126,-32,-1059,-76
13,-270,-62,-201,244,-134,-20,-1032,-81
17,-264,-63,-205,210,-144,-12,-1003,-79
28,-261,-57,-205,178,-146,28,-995,-87
32,-257,-64,-206,153,-159,43,-982,-83
35,-254,-59,-207,134,-169,50,-965,-77
32,-251,-55,-207,113,-175,45,-957,-68
32,-248,-54,-210,93,-175,51,-950,-54
29,-248,-54,-215,71,-175,46,-948,-49
30,-248,-51,-223,51,-170,32,-947,-40
27,-252,-45,-229,33,-162,18,-952,-29
24,-253,-47,-230,18,-154,2,-958,-21
15,-254,-47,-228,5,-143,-10,-961,-16
14,-255,-43,-221,-7,-134,-30,-964,-16
10,-255,-45,-213,-20,-124,-41,-966,-15
9,-254,-42,-205,-32,-116,-45,-966,-19
5,-253,-46,-196,-45,-109,-56,-962,-21
5,-250,-50,-189,-59,-100,-51,-959,-31
6,-248,-53,-183,-77,-96,-40,-949,-36
11,-248,-53,-177,-95,-94,-25,-942,-46
18,-249,-55,-168,-117,-96,-13,-933,-54
20,-243,-55,-154,-135,-102,1,-924,-58
25,-241,-59,-135,-152,-111,26,-912,-63
32,-238,-58,-112,-164,-119,32,-907,-66
34,-237,-59,-88,-171,-128,54,-901,-68
38,-238,-58,-60,-173,-136,73,-903,-69
41,-240,-59,-35,-172,-139,78,-915,-69
43,-245,-62,-11,-166,-139,81,-930,-78
42,-250,-62,5,-157,-131,75,-942,-82
43,-255,-63,12,-148,-119,76,-964,-101
44,-260,-67,12,-139,-101,74,-990,-122
43,-263,-71,6,-128,-84,78,-1006,-141
44,-269,-81,-2,-116,-65,87,-1026,-168
55,-274,-85,-12,-99,-48,97,-1036,-191
51,-280,-93,-18,-79,-35,101,-1064,-211
56,-284,-103,-20,-59,-24,119,-1080,-229
60,-293,-99,-14,-41,-15,132,-1110,-245
56,-303,-102,-3,-34,-4,134,-1139,-248
55,-311,-99,13,-36,6,133,-1160,-253
55,-317,-100,35,-52,17,132,-1186,-255
56,-321,-103,61,-76,30,138,-1216,-254
58,-322,-108,89,-106,41,141,-1236,-258
60,-330,-107,118,-131,51,150,-1246,-262
71,-327,-96,148,-151,60,156,-1258,-263
66,-332,-105,175,-165,67,170,-1270,-256
72,-335,-103,204,-170,69,195,-1272,-251
80,-335,-101,238,-165,66,229,-1272,-244
90,-333,-99,274,-152,61,260,-1277,-240
100,-339,-98,314,-126,57,295,-1285,-234
106,-340,-96,358,-90,54,318,-1303,-223
109,-345,-90,398,-52,56,337,-1327,-199
109,-356,-82,436,-24,70,337,-1358,-178
108,-364,-73,462,-14,96,336,-1390,-160
103,-371,-67,475,-32,142,330,-1421,-133
102,-376,-68,466,-68,205,312,-1441,-123
93,-373,-61,433,-120,271,288,-1446,-94
90,-368,-61,380,-172,343,268,-1425,-76
83,-359,-53,326,-219,410,248,-1387,-62
78,-347,-49,280,-261,461,225,-1331,-54
68,-327,-54,255,-300,485,197,-1273,-44
60,-312,-54,248,-336,482,163,-1192,-54
53,-291,-60,257,-363,454,126,-1126,-68
47,-278,-62,271,-379,414,101,-1065,-78
46,-261,-62,284,-375,363,88,-994,-89
43,-246,-67,296,-349,306,79,-940,-97
42,-233,-68,305,-308,238,75,-884,-105
38,-218,-67,317,-256,166,57,-826,-111
32,-205,-70,331,-201,94,49,-788,-111
33,-200,-69,342,-147,27,37,-762,-117
30,-193,-70,341,-96,-37,33,-741,-124
30,-196,-73,327,-46,-93,30,-738,-127
33,-196,-75,296,5,-140,28,-749,-133
33,-199,-74,247,53,-172,31,-764,-134
27,-205,-72,179,97,-189,19,-791,-128
24,-216,-72,103,131,-192,13,-812,-126
22,-222,-69,26,148,-182,13,-839,-117
23,-228,-70,-44,148,-164,8,-867,-114
22,-235,-65,-102,132,-141,0,-896,-109
19,-243,-68,-144,97,-115,2,-921,-113
21,-252,-69,-174,50,-85,11,-950,-115
26,-254,-67,-187,-8,-60,26,-967,-107
32,-259,-63,-192,-66,-35,55,-986,-107
39,-260,-66,-187,-123,-17,80,-997,-97
48,-260,-67,-175,-175,-2,106,-1003,-90
53,-264,-60,-161,-216,7,129,-1004,-89
60,-265,-64,-146,-244,11,148,-1017,-91
62,-265,-64,-132,-262,14,162,-1025,-95
70,-267,-70,-120,-272,8,191,-1023,-95
74,-269,-61,-110,-272,-5,212,-1026,-93
79,-270,-64,-99,-263,-21,233,-1028,-92
85,-268,-61,-83,-249,-35,248,-1023,-94
84,-273,-67,-61,-231,-51,251,-1018,-95
86,-265,-62,-39,-209,-59,247,-1016,-99
84,-265,-63,-18,-179,-70,250,-1011,-99
83,-265,-67,2,-146,-78,244,-1004,-109
80,-260,-69,22,-111,-84,221,-1000,-109
74,-262,-66,34,-77,-88,199,-995,-113
66,-258,-69,40,-45,-87,183,-993,-113
63,-258,-67,40,-18,-81,164,-992,-115
59,-258,-69,32,6,-75,144,-994,-121
52,-259,-68,20,26,-67,123,-987,-129
47,-257,-73,2,45,-58,105,-987,-123
47,-255,-77,-15,64,-52,88,-989,-130
45,-260,-72,-35,79,-47,87,-991,-128
44,-261,-69,-51,91,-45,84,-993,-130
45,-263,-66,-64,98,-44,79,-1009,-126
42,-265,-69,-72,99,-41,79,-1020,-121
46,-271,-65,-73,91,-39,78,-1032,-117
40,-275,-67,-72,77,-33,81,-1044,-114
43,-277,-68,-63,59,-30,81,-1060,-113
40,-279,-69,-52,37,-25,85,-1063,-115
43,-276,-66,-38,17,-25,87,-1062,-113
41,-275,-67,-23,-6,-24,84,-1053,-115
40,-273,-66,-9,-22,-26,80,-1035,-115
43,-269,-66,6,-36,-30,81,-1020,-109
39,-267,-66,23,-48,-35,72,-1008,-108
37,-257,-66,39,-53,-42,61,-996,-98
34,-256,-65,54,-55,-51,58,-980,-91
36,-254,-59,66,-55,-61,54,-964,-87
39,-249,-67,71,-53,-68,41,-958,-81
28,-248,-62,68,-49,-78,38,-948,-77
32,-247,-62,58,-45,-86,45,-944,-77
30,-245,-59,44,-37,-96,38,-939,-75
36,-247,-60,27,-28,-101,51,-942,-76
37,-247,-58,10,-19,-104,57,-945,-75
37,-247,-61,-12,-12,-106,65,-943,-73
41,-249,-57,-33,-6,-108,80,-959,-69
45,-255,-55,-52,-2,-107,85,-964,-66
49,-255,-55,-64,-4,-103,101,-969,-67
50,-255,-54,-76,-8,-97,114,-978,-66
54,-260,-59,-83,-15,-92,123,-985,-61
55,-260,-53,-89,-22,-82,132,-995,-59
58,-260,-55,-93,-29,-73,138,-997,-57
60,-262,-55,-91,-35,-61,148,-1005,-57
58,-262,-56,-89,-39,-49,147,-997,-53
60,-263,-56,-83,-43,-36,158,-1003,-49
63,-264,-54,-74,-44,-23,154,-998,-53
60,-258,-49,-67,-42,-11,154,-994,-58
61,-260,-55,-60,-44,2,158,-994,-54
63,-262,-56,-55,-45,13,157,-991,-56
61,-257,-53,-52,-47,26,159,-988,-59
64,-259,-57,-51,-49,38,149,-986,-57
60,-256,-59,-52,-48,50,153,-981,-55
63,-257,-59,-56,-45,59,145,-981,-62
58,-256,-58,-62,-35,68,148,-978,-66
58,-256,-57,-68,-25,72,147,-980,-73
57,-254,-59,-73,-13,75,138,-974,-75
59,-258,-58,-75,-3,78,139,-973,-70
57,-255,-59,-75,3,80,134,-974,-73
55,-256,-60,-74,9,80,122,-971,-63
55,-257,-56,-71,12,80,124,-971,-69
53,-254,-58,-67,13,75,118,-964,-67
52,-252,-57,-58,11,73,110,-957,-65
52,-252,-56,-53,6,71,108,-950,-65
50,-247,-58,-49,1,67,102,-938,-64
44,-242,-59,-50,-3,64,95,-924,-68
47,-240,-59,-55,-5,60,89,-921,-76
43,-238,-63,-65,-6,57,90,-912,-87
44,-234,-63,-81,-10,55,77,-901,-77
42,-238,-61,-100,-13,55,86,-904,-82
43,-237,-62,-117,-20,55,80,-912,-78
40,-241,-60,-138,-28,56,80,-918,-78
38,-243,-58,-155,-39,59,76,-927,-68
38,-244,-58,-168,-51,65,69,-940,-59
40,-252,-57,-176,-68,70,76,-959,-54
39,-256,-53,-178,-83,77,73,-974,-50
41,-260,-53,-175,-94,82,72,-988,-36
37,-260,-48,-166,-105,91,61,-1004,-30
38,-268,-44,-147,-116,102,61,-1015,-30
36,-268,-50,-126,-126,112,66,-1024,-34
39,-270,-55,-107,-136,119,69,-1030,-44
37,-270,-53,-88,-145,125,69,-1030,-49
40,-271,-55,-69,-151,133,67,-1032,-50
43,-272,-56,-45,-149,141,85,-1027,-63
44,-270,-60,-25,-146,145,81,-1027,-64
47,-270,-58,-1,-142,146,95,-1025,-69
48,-268,-60,19,-138,145,95,-1022,-69
47,-266,-59,37,-136,145,103,-1020,-66
48,-265,-58,46,-138,142,109,-1011,-63
49,-261,-56,50,-145,139,104,-1016,-65
46,-263,-53,48,-154,138,100,-1002,-54
46,-258,-53,42,-166,138,88,-999,-49
42,-261,-52,41,-182,137,83,-992,-41
38,-259,-53,48,-202,140,67,-995,-45
35,-259,-51,54,-221,143,59,-996,-50
37,-258,-53,63,-238,143,48,-986,-52
31,-256,-53,71,-251,141,49,-977,-54
32,-254,-55,80,-261,140,38,-962,-60
28,-255,-59,86,-269,140,33,-962,-70
28,-248,-63,84,-279,145,26,-950,-71
30,-247,-62,71,-284,152,31,-945,-81
30,-241,-63,52,-282,159,35,-935,-80
29,-243,-60,34,-281,168,38,-930,-81
33,-245,-61,20,-281,178,50,-937,-77
37,-245,-56,13,-288,192,56,-937,-65
34,-248,-55,10,-301,205,57,-944,-56
36,-248,-54,17,-321,222,68,-948,-47
37,-249,-49,33,-341,237,71,-946,-39
41,-246,-50,50,-354,249,76,-937,-38
40,-245,-52,70,-366,261,72,-936,-40
36,-240,-51,87,-376,265,65,-923,-52
36,-232,-54,91,-385,263,65,-898,-61
32,-223,-56,81,-391,260,56,-868,-71
33,-219,-64,63,-397,253,51,-843,-77
31,-215,-65,35,-397,250,41,-817,-97
22,-204,-73,-2,-390,247,38,-794,-109
32,-201,-69,-41,-377,247,29,-776,-110
30,-200,-75,-81,-361,247,34,-762,-110
31,-194,-66,-119,-343,247,46,-754,-105
31,-195,-65,-159,-327,243,31,-754,-94
34,-198,-61,-191,-315,239,40,-753,-83
35,-199,-57,-217,-307,236,49,-760,-74
35,-205,-55,-234,-305,234,51,-777,-51
36,-207,-49,-242,-306,230,62,-794,-27
37,-212,-44,-243,-310,223,69,-802,-13
42,-215,-44,-245,-312,210,75,-817,0
44,-219,-44,-239,-315,195,80,-827,1
40,-214,-43,-229,-318,179,82,-826,1
43,-216,-44,-213,-324,163,81,-821,-5
40,-215,-47,-199,-330,145,82,-818,-24
39,-212,-54,-190,-339,128,73,-810,-45
39,-212,-55,-194,-345,108,61,-802,-71
33,-208,-64,-212,-348,89,63,-799,-88
35,-210,-62,-238,-347,77,48,-791,-97
29,-213,-69,-266,-338,75,24,-802,-100
18,-211,-65,-290,-329,84,4,-812,-98
20,-218,-64,-313,-322,101,-6,-828,-91
14,-225,-59,-340,-317,129,-29,-847,-81
10,-226,-60,-363,-318,165,-34,-861,-68
9,-233,-55,-379,-322,205,-40,-881,-47
13,-239,-49,-380,-329,247,-34,-904,-28
13,-245,-41,-373,-340,288,-30,-926,-4
16,-247,-37,-354,-352,325,-13,-938,17
23,-252,-36,-323,-364,356,5,-945,32
28,-252,-34,-279,-375,373,28,-957,33
34,-250,-34,-225,-387,385,53,-949,33
41,-251,-36,-170,-394,384,81,-937,27
49,-244,-42,-119,-394,372,96,-923,3
53,-236,-48,-81,-385,348,116,-903,-16
51,-229,-55,-58,-366,318,120,-874,-37
54,-223,-63,-50,-344,288,125,-848,-51
56,-218,-56,-58,-318,254,129,-830,-63
56,-215,-57,-74,-291,218,127,-822,-66
55,-211,-53,-102,-265,190,127,-817,-62
56,-219,-50,-141,-235,175,119,-822,-42
49,-219,-45,-175,-202,164,112,-834,-17
45,-226,-38,-198,-170,165,91,-858,22
44,-236,-31,-210,-140,177,84,-905,41
37,-244,-23,-210,-115,201,70,-932,59
36,-256,-22,-202,-97,234,53,-973,77
30,-260,-14,-187,-87,274,42,-1009,91
24,-269,-16,-169,-82,317,27,-1042,94
27,-274,-23,-154,-87,364,16,-1065,80
23,-281,-23,-143,-94,407,3,-1075,63
22,-280,-29,-140,-99,446,7,-1078,41
24,-279,-37,-149,-96,477,0,-1072,13
22,-276,-46,-168,-83,491,1,-1050,-12
24,-268,-48,-191,-63,493,2,-1031,-29
24,-264,-49,-217,-38,481,8,-1014,-35
28,-264,-50,-233,-16,466,18,-1006,-26
29,-266,-47,-237,5,444,31,-1000,-12
33,-260,-38,-225,26,416,49,-1004,6
35,-263,-34,-199,46,390,59,-1006,23
40,-267,-33,-164,66,368,69,-1011,44
39,-270,-27,-127,83,341,68,-1027,54
37,-271,-22,-90,90,308,70,-1041,62
38,-275,-22,-61,89,281,64,-1055,70
40,-279,-22,-40,87,261,65,-1068,66
36,-280,-23,-31,81,245,60,-1082,66
37,-284,-27,-33,78,234,60,-1099,57
35,-290,-26,-46,72,224,52,-1117,44
32,-295,-34,-68,70,217,32,-1124,36
27,-297,-36,-90,70,220,21,-1134,26
21,-298,-37,-109,71,227,2,-1140,18
18,-300,-38,-118,76,238,-5,-1141,12
16,-299,-42,-116,82,246,-20,-1137,-3
13,-297,-46,-107,89,244,-24,-1128,-15
17,-292,-48,-88,95,232,-28,-1118,-25
16,-286,-47,-63,99,215,-18,-1097,-45
18,-285,-55,-37,103,194,-4,-1086,-57
27,-286,-65,-7,109,166,13,-1084,-102
35,-289,-76,11,122,129,41,-1109,-143
46,-296,-92,9,149,79,87,-1127,-198
51,-308,-99,-22,183,15,119,-1179,-245
55,-321,-107,-84,214,-65,129,-1234,-286
44,-334,-115,-179,221,-159,94,-1297,-289
31,-353,-108,-283,202,-247,46,-1350,-268
18,-372,-95,-369,154,-315,1,-1409,-231
2,-384,-88,-406,99,-362,-54,-1459,-200
-7,-395,-85,-376,54,-393,-106,-1494,-188
-23,-402,-86,-279,27,-397,-160,-1508,-202
-35,-394,-98,-130,29,-370,-207,-1491,-237
-51,-385,-109,49,52,-311,-259,-1450,-293
-50,-365,-129,224,86,-221,-282,-1388,-350
-54,-340,-140,371,125,-114,-287,-1310,-403
-52,-318,-144,472,162,-7,-284,-1219,-422
-44,-296,-141,532,189,87,-269,-1130,-420
-39,-269,-134,565,209,157,-230,-1055,-389
-25,-257,-126,580,219,210,-186,-983,-346
-11,-247,-118,586,227,241,-141,-941,-321
-1,-241,-110,578,236,244,-101,-926,-284
-1,-243,-109,550,242,226,-92,-934,-267
0,-254,-106,500,240,191,-93,-964,-264
0,-265,-109,427,226,136,-82,-1015,-261
0,-283,-108,331,204,58,-90,-1082,-267
-4,-298,-101,217,173,-42,-97,-1144,-257
-5,-318,-92,100,129,-154,-106,-1206,-232
-12,-329,-87,-1,77,-271,-114,-1265,-200
-9,-346,-79,-63,22,-379,-116,-1315,-174
-9,-355,-80,-75,-18,-470,-123,-1345,-155
-9,-356,-74,-36,-32,-534,-128,-1350,-154
-15,-351,-81,39,-13,-559,-151,-1332,-165
-24,-338,-85,129,42,-543,-180,-1300,-189
-31,-325,-94,216,119,-493,-207,-1249,-210
-40,-316,-99,279,201,-423,-228,-1202,-231
-46,-297,-97,315,271,-345,-245,-1152,-228
-44,-285,-95,319,319,-260,-250,-1093,-224
-46,-275,-95,306,340,-178,-258,-1046,-213
-42,-260,-91,286,342,-95,-234,-1008,-206
-37,-255,-88,261,330,-21,-215,-971,-198
-31,-246,-85,225,307,42,-190,-946,-191
-23,-243,-81,184,283,89,-172,-929,-189
-19,-234,-88,141,250,117,-152,-884,-192
-14,-229,-96,104,213,139,-127,-859,-203
-8,-223,-91,58,172,147,-111,-852,-223
-1,-221,-101,-4,128,145,-102,-841,-233
-2,-219,-102,-81,81,138,-75,-850,-247
1,-228,-104,-164,38,127,-77,-862,-247
1,-234,-107,-248,2,110,-75,-887,-237
1,-241,-99,-311,-27,92,-81,-922,-229
0,-251,-95,-356,-46,74,-73,-955,-218
1,-258,-92,-369,-55,61,-73,-985,-195
1,-269,-85,-350,-56,60,-74,-1010,-187
4,-273,-87,-299,-52,66,-74,-1023,-176
4,-276,-83,-227,-42,77,-69,-1040,-175
4,-275,-81,-149,-25,92,-64,-1042,-168
1,-270,-80,-74,-5,106,-74,-1028,-161
4,-267,-77,-1,17,113,-66,-1012,-154
4,-263,-80,66,34,120,-67,-995,-150
4,-258,-81,117,47,129,-70,-976,-164
1,-250,-80,144,54,137,-63,-957,-162
6,-245,-83,146,66,139,-61,-930,-158
4,-240,-76,131,86,136,-64,-927,-149
2,-237,-79,95,103,140,-63,-913,-147
4,-236,-79,53,116,139,-60,-913,-145
3,-237,-76,8,132,134,-62,-905,-133
4,-241,-72,-35,147,123,-63,-914,-130
2,-241,-75,-80,158,108,-72,-923,-130
0,-246,-70,-122,170,96,-77,-940,-124
0,-251,-70,-161,178,85,-91,-948,-112
0,-254,-69,-189,187,76,-96,-959,-115
-2,-255,-71,-203,194,67,-102,-970,-110
-8,-258,-69,-209,201,61,-108,-986,-100
-7,-260,-63,-205,206,55,-115,-992,-106
-8,-262,-67,-195,206,49,-123,-998,-103
-11,-261,-66,-177,202,48,-128,-994,-103
-12,-262,-69,-159,191,47,-133,-999,-112
-16,-262,-69,-141,174,47,-139,-997,-123
-17,-257,-74,-127,157,55,-145,-994,-126
-17,-260,-75,-119,135,65,-145,-996,-137
-14,-258,-73,-119,116,73,-140,-996,-141
-14,-257,-78,-124,101,80,-133,-1002,-143
-12,-262,-76,-128,94,86,-128,-995,-147
-9,-261,-71,-128,94,90,-128,-1004,-143
-8,-264,-73,-124,99,92,-121,-1005,-142
-9,-262,-76,-115,104,91,-111,-1007,-135
-6,-262,-69,-103,113,90,-102,-1001,-134
5,-260,-88,-89,121,88,-104,-995,-135
-5,-258,-74,-73,131,85,-93,-986,-127
0,-257,-71,-58,143,81,-96,-980,-128
0,-254,-66,-45,150,79,-95,-972,-120
2,-254,-68,-35,156,75,-90,-958,-113
2,-251,-66,-31,162,70,-91,-956,-108
0,-250,-63,-33,165,66,-84,-942,-99
1,-248,-65,-41,168,60,-83,-945,-86
1,-249,-62,-44,175,54,-81,-950,-81
-1,-252,-60,-47,181,48,-83,-955,-77
0,-253,-60,-41,186,42,-94,-963,-73
0,-254,-66,-28,187,34,-90,-965,-66
-1,-257,-60,-10,181,24,-94,-972,-72
-4,-256,-59,9,174,19,-92,-970,-75
-3,-254,-62,24,162,14,-97,-971,-85
-6,-256,-63,24,153,9,-98,-970,-90
-3,-252,-66,11,148,0,-103,-966,-91
-1,-252,-63,-11,145,-6,-97,-958,-91
-3,-251,-64,-39,146,-11,-94,-957,-92
0,-251,-63,-67,152,-17,-90,-954,-92
-2,-247,-63,-91,158,-22,-92,-954,-92
0,-246,-63,-112,165,-26,-82,-950,-92
4,-245,-64,-128,176,-27,-71,-945,-81
4,-249,-64,-136,184,-31,-67,-941,-90
2,-246,-63,-141,190,-32,-63,-944,-89
4,-252,-65,-141,195,-32,-56,-946,-87
3,-250,-63,-141,198,-30,-60,-951,-89
3,-252,-65,-145,197,-27,-65,-960,-86
3,-255,-63,-150,188,-24,-69,-971,-91
0,-256,-62,-156,174,-22,-76,-980,-95
-2,-259,-68,-157,155,-20,-78,-991,-97
0,-262,-66,-158,134,-19,-88,-998,-104
0,-262,-68,-152,116,-22,-93,-1000,-99
-6,-260,-66,-145,97,-25,-99,-1002,-102
-5,-264,-66,-138,82,-32,-108,-1005,-104
-9,-260,-66,-131,69,-39,-113,-1000,-103
-11,-263,-66,-123,58,-46,-120,-995,-111
-12,-258,-68,-118,49,-51,-129,-997,-107
-14,-258,-70,-110,41,-56,-135,-987,-112
-11,-259,-73,-102,35,-58,-138,-987,-113
-13,-257,-69,-97,30,-63,-136,-989,-115
-14,-260,-71,-91,26,-68,-136,-987,-120
-9,-258,-71,-91,22,-73,-129,-988,-127
-7,-257,-69,-97,21,-80,-111,-992,-121
0,-263,-75,-107,20,-90,-92,-1000,-125
2,-263,-70,-118,21,-99,-76,-1008,-116
3,-270,-68,-129,22,-110,-66,-1025,-112
6,-273,-67,-133,21,-123,-60,-1041,-110
8,-277,-68,-133,20,-137,-49,-1061,-109
8,-282,-66,-127,21,-153,-44,-1074,-108
12,-282,-66,-116,25,-171,-31,-1082,-109
14,-280,-68,-96,34,-190,-14,-1080,-112
22,-282,-66,-64,48,-210,-6,-1073,-109
21,-281,-70,-21,63,-225,-4,-1067,-124
22,-277,-70,28,78,-234,-9,-1059,-122
16,-279,-71,77,94,-236,-18,-1059,-124
12,-277,-66,123,107,-237,-33,-1062,-119
8,-277,-67,166,119,-228,-49,-1055,-114
5,-277,-66,203,128,-218,-66,-1053,-111
1,-272,-69,234,135,-205,-87,-1042,-114
0,-269,-66,254,140,-194,-98,-1032,-103
-4,-266,-63,262,141,-180,-104,-1013,-115
-3,-262,-71,256,136,-164,-99,-997,-117
-4,-257,-66,234,132,-151,-101,-984,-114
0,-253,-66,203,127,-141,-90,-969,-112
1,-253,-64,160,122,-137,-68,-969,-96
3,-250,-63,116,121,-140,-56,-958,-89
8,-252,-62,70,120,-149,-39,-959,-80
13,-254,-63,27,120,-161,-29,-968,-75
18,-253,-58,-5,121,-172,-10,-968,-66
21,-256,-58,-24,122,-179,-3,-983,-57
28,-260,-54,-33,128,-185,19,-990,-57
27,-260,-54,-30,137,-188,28,-988,-58
30,-262,-56,-21,146,-185,33,-993,-57
32,-260,-55,-12,158,-176,36,-999,-58
33,-262,-60,-7,170,-159,42,-1000,-62
32,-260,-58,-9,185,-141,35,-1002,-60
30,-262,-52,-14,198,-120,30,-998,-57
28,-263,-56,-23,210,-95,20,-1003,-61
25,-264,-54,-32,220,-73,20,-1003,-58
21,-266,-54,-36,230,-50,6,-1009,-58
21,-265,-59,-37,240,-35,-1,-1011,-60
21,-265,-58,-33,248,-22,-5,-1012,-65
17,-265,-57,-23,255,-11,-19,-1009,-71
14,-261,-59,-10,260,-3,-27,-1000,-60
11,-260,-57,0,262,2,-25,-998,-63
15,-258,-57,10,265,3,-30,-991,-68
13,-259,-71,12,270,2,-25,-984,-67
14,-256,-59,6,274,-4,-29,-981,-74
14,-256,-61,-12,279,-11,-23,-987,-70
14,-259,-60,-34,281,-23,-30,-986,-73
16,-259,-59,-61,282,-33,-31,-984,-75
15,-259,-58,-86,281,-41,-33,-991,-72
15,-260,-53,-107,282,-49,-30,-999,-64
12,-261,-56,-119,281,-55,-27,-999,-54
11,-265,-53,-119,283,-62,-32,-1009,-51
12,-267,-52,-109,284,-67,-36,-1011,-44
11,-270,-51,-93,279,-68,-43,-1008,-41
7,-266,-61,-69,268,-68,-54,-1009,-32
5,-266,-44,-47,251,-66,-54,-1004,-34
6,-263,-46,-27,231,-64,-63,-1003,-28
2,-260,-48,-13,211,-62,-70,-998,-15
1,-259,-44,-4,197,-61,-70,-993,-11
0,-259,-45,-1,186,-59,-74,-992,-18
2,-260,-44,0,177,-62,-74,-990,-15
1,-256,-48,-2,168,-64,-75,-985,-16
0,-254,-47,-3,155,-65,-73,-985,-19
0,-258,-43,2,139,-67,-75,-982,-20
1,-256,-47,10,119,-70,-77,-985,-24
1,-261,-48,14,96,-72,-77,-991,-27
0,-258,-50,12,73,-76,-81,-995,-28
0,-260,-50,6,52,-82,-75,-994,-28
0,-258,-45,-2,38,-87,-71,-999,-21
3,-261,-46,-8,27,-95,-66,-999,-13
6,-263,-44,-11,18,-101,-62,-1005,-6
2,-262,-43,-12,14,-109,-60,-1005,-9
4,-266,-40,-11,7,-114,-57,-1006,-2
6,-263,-43,-8,-3,-122,-55,-1003,3
3,-262,-40,-5,-18,-124,-57,-1010,-1
5,-261,-42,-1,-32,-127,-54,-997,1
7,-259,-46,1,-47,-128,-58,-991,-2
7,-260,-42,6,-64,-129,-56,-989,-7
6,-256,-43,9,-77,-130,-51,-983,-15
7,-253,-46,6,-91,-132,-46,-981,-22
10,-255,-47,0,-103,-134,-45,-971,-30
8,-254,-50,-10,-115,-133,-43,-965,-35
7,-253,-56,-21,-124,-134,-45,-960,-38
7,-254,-54,-35,-134,-133,-44,-966,-42
8,-255,-45,-45,-142,-135,-40,-964,-36
8,-257,-50,-53,-148,-137,-38,-970,-35
10,-258,-48,-56,-154,-140,-40,-971,-31
11,-256,-51,-49,-161,-145,-38,-977,-26
12,-256,-48,-38,-168,-147,-35,-980,-26
12,-257,-43,-22,-172,-152,-33,-981,-22
11,-256,-46,-6,-173,-157,-37,-978,-18
10,-255,-48,9,-172,-162,-36,-978,-26
10,-254,-51,24,-167,-165,-32,-972,-26
13,-255,-51,32,-166,-171,-33,-964,-24
11,-254,-51,35,-167,-175,-32,-968,-29
13,-251,-52,38,-171,-180,-28,-965,-31
14,-251,-49,36,-179,-183,-30,-966,-28
13,-253,-52,34,-187,-189,-26,-962,-41
14,-255,-53,31,-194,-197,-28,-967,-31
13,-253,-56,29,-202,-202,-28,-968,-37
13,-253,-52,28,-208,-209,-28,-968,-39
13,-253,-53,28,-214,-217,-30,-966,-38
10,-254,-50,31,-220,-223,-36,-963,-45
10,-252,-55,34,-227,-228,-37,-957,-41
12,-253,-55,39,-234,-229,-43,-950,-51
9,-250,-50,42,-238,-231,-42,-946,-50
7,-244,-57,46,-246,-232,-47,-942,-55
7,-244,-57,49,-252,-229,-52,-928,-53
6,-243,-59,51,-263,-225,-59,-924,-60
7,-240,-56,51,-272,-220,-56,-915,-60
8,-236,-54,52,-283,-213,-55,-907,-65
7,-237,-58,52,-291,-205,-52,-895,-60
9,-234,-60,51,-295,-201,-53,-884,-58
6,-231,-54,51,-296,-191,-53,-877,-55
6,-229,-56,52,-297,-182,-51,-875,-54
9,-230,-55,49,-298,-171,-56,-860,-56
9,-226,-52,49,-297,-163,-50,-852,-54
10,-225,-52,52,-296,-154,-47,-852,-48
11,-223,-55,56,-298,-148,-43,-838,-51
12,-220,-56,59,-298,-144,-44,-830,-50
11,-217,-49,60,-297,-140,-38,-821,-49
13,-212,-62,57,-296,-137,-32,-814,-44
16,-214,-50,53,-296,-134,-21,-813,-49
17,-210,-55,47,-290,-133,-20,-796,-50
18,-210,-55,41,-280,-134,-5,-791,-53
21,-210,-54,33,-269,-137,-3,-786,-53
23,-203,-54,23,-260,-144,5,-777,-54
23,-205,-55,8,-251,-152,4,-780,-53
23,-202,-53,-6,-242,-160,5,-778,-51
26,-203,-51,-21,-235,-165,6,-772,-38
24,-214,-33,-35,-229,-172,9,-774,-32
23,-205,-44,-44,-223,-182,9,-780,-17
24,-202,-46,-51,-216,-194,5,-788,-11
16,-211,-38,-61,-209,-203,-4,-803,6
19,-213,-35,-74,-200,-215,-7,-812,25
15,-216,-27,-89,-193,-225,-17,-822,43
18,-220,-25,-103,-189,-239,-16,-837,60
17,-224,-17,-111,-187,-251,-11,-852,82
17,-228,-16,-112,-190,-264,-7,-872,94
19,-229,-15,-104,-192,-280,-6,-879,98
18,-234,-17,-91,-197,-292,-4,-884,98
20,-232,-19,-82,-204,-303,1,-888,97
23,-235,-21,-75,-211,-313,9,-878,90
25,-234,-20,-71,-219,-324,15,-881,79
29,-232,-26,-72,-230,-332,26,-875,74
26,-230,-23,-76,-248,-343,30,-877,68
31,-230,-27,-82,-271,-352,30,-867,53
29,-229,-27,-90,-300,-363,36,-869,44
32,-227,-29,-105,-331,-372,41,-866,30
30,-226,-36,-126,-359,-379,45,-864,19
26,-229,-41,-153,-385,-380,33,-868,16
26,-227,-37,-183,-413,-377,22,-874,12
27,-230,-36,-215,-440,-371,16,-878,11
22,-232,-37,-241,-465,-363,12,-883,18
23,-236,-39,-267,-479,-354,6,-898,21
24,-237,-34,-287,-484,-347,9,-913,18
24,-242,-34,-296,-470,-341,8,-923,19
26,-248,-39,-293,-449,-333,15,-938,21
28,-255,-41,-277,-430,-322,29,-952,20
30,-255,-40,-250,-421,-308,34,-964,15
29,-256,-42,-212,-422,-294,39,-966,4
32,-253,-43,-169,-426,-276,49,-961,-3
37,-251,-46,-128,-429,-255,55,-957,-9
40,-248,-45,-103,-424,-229,66,-947,-11
42,-246,-46,-87,-411,-205,83,-941,-7
48,-248,-45,-78,-389,-187,99,-934,1
55,-245,-38,-73,-366,-172,117,-932,18
54,-245,-36,-69,-344,-162,122,-929,28
56,-243,-30,-57,-327,-154,127,-925,46
55,-242,-25,-40,-314,-151,131,-924,50
57,-240,-28,-22,-305,-152,136,-919,61
57,-237,-21,3,-293,-154,141,-902,67
59,-231,-22,26,-280,-160,143,-886,67
55,-227,-25,47,-261,-167,136,-866,60
58,-223,-29,63,-242,-172,126,-838,48
56,-214,-34,76,-222,-174,129,-803,21
62,-207,-40,76,-196,-171,140,-770,5
63,-196,-46,67,-160,-164,154,-743,-22
69,-192,-58,48,-110,-153,178,-733,-58
78,-195,-61,13,-36,-135,214,-738,-83
83,-200,-64,-45,68,-106,209,-785,-84
74,-216,-60,-119,191,-65,195,-829,-83
68,-230,-67,-204,306,-14,175,-897,-114
64,-245,-88,-302,394,47,152,-958,-185
60,-259,-104,-412,449,125,143,-1012,-264
62,-277,-118,-524,498,216,147,-1080,-327
69,-295,-131,-620,563,311,177,-1140,-372
76,-316,-133,-684,655,399,209,-1209,-380
87,-340,-135,-718,759,470,239,-1300,-369
90,-359,-127,-715,847,523,258,-1375,-360
91,-381,-126,-684,902,565,281,-1446,-358
95,-395,-131,-635,914,599,297,-1514,-359
98,-410,-127,-573,884,626,303,-1553,-372
98,-421,-130,-494,817,637,305,-1590,-369
95,-421,-127,-398,732,626,295,-1602,-364
93,-420,-118,-272,644,592,288,-1589,-330
94,-416,-110,-120,561,538,288,-1559,-301
99,-404,-107,51,494,470,293,-1522,-272
97,-391,-100,228,459,392,295,-1474,-254
96,-378,-98,400,460,313,288,-1432,-247
97,-368,-99,561,499,240,274,-1395,-246
88,-363,-99,699,574,178,254,-1371,-247
85,-358,-105,782,668,133,241,-1367,-247
77,-358,-99,840,760,111,214,-1377,-237
63,-364,-99,838,830,116,163,-1398,-228
48,-369,-98,765,856,150,117,-1432,-233
31,-380,-102,614,834,217,63,-1478,-259
12,-388,-109,398,765,312,-1,-1518,-277
-3,-396,-99,143,673,418,-64,-1544,-252
-13,-401,-87,-102,576,529,-118,-1568,-198
-9,-401,-74,-292,486,627,-123,-1552,-138
2,-401,-62,-389,405,677,-89,-1530,-80
3,-390,-47,-388,349,663,-58,-1482,-44
7,-378,-50,-316,294,602,-53,-1429,-44
9,-360,-51,-214,259,521,-38,-1368,-61
14,-336,-63,-109,241,430,-34,-1289,-88
14,-313,-70,-20,245,326,-25,-1192,-117
18,-294,-80,44,265,216,-16,-1119,-144
25,-272,-85,86,294,106,10,-1034,-171
31,-251,-83,99,323,-4,30,-957,-188
35,-234,-88,93,345,-112,41,-886,-200
33,-212,-91,71,358,-212,43,-818,-210
28,-198,-97,45,360,-284,38,-761,-215
26,-190,-95,17,349,-360,18,-715,-227
24,-182,-100,-22,328,-409,15,-679,-237
21,-176,-102,-70,298,-434,5,-656,-256
14,-169,-108,-134,264,-436,-19,-647,-263
4,-171,-107,-214,224,-420,-48,-663,-271
2,-184,-104,-311,177,-382,-63,-705,-269
1,-194,-103,-414,114,-324,-76,-734,-255
-3,-206,-96,-496,38,-271,-78,-781,-234
-6,-221,-95,-542,-48,-234,-102,-826,-221
-13,-236,-94,-574,-131,-186,-118,-893,-216
-9,-250,-86,-607,-204,-117,-106,-943,-198
0,-254,-81,-603,-268,-66,-90,-949,-177
0,-250,-80,-537,-317,-61,-76,-929,-168
0,-251,-83,-415,-348,-61,-82,-940,-174
5,-257,-84,-294,-372,-36,-54,-959,-177
17,-250,-82,-195,-392,-32,-36,-939,-181
16,-239,-84,-118,-393,-53,-22,-900,-167
20,-227,-73,-52,-374,-63,4,-857,-143
30,-221,-70,4,-354,-55,22,-832,-132
37,-214,-70,42,-351,-60,60,-819,-124
42,-213,-66,60,-364,-83,82,-815,-108
49,-216,-66,63,-376,-114,94,-808,-95
53,-214,-65,50,-384,-142,119,-819,-95
54,-217,-63,27,-388,-162,131,-826,-92
61,-222,-65,-7,-385,-176,145,-843,-89
61,-225,-63,-44,-379,-186,149,-852,-87
61,-229,-59,-82,-369,-190,146,-863,-87
58,-229,-63,-115,-357,-186,148,-881,-82
56,-234,-61,-144,-337,-175,138,-889,-85
58,-239,-62,-165,-306,-155,135,-914,-86
58,-248,-61,-184,-265,-129,135,-943,-87
61,-256,-65,-196,-214,-96,132,-971,-97
56,-259,-66,-204,-156,-63,133,-1007,-106
60,-268,-63,-211,-92,-31,142,-1030,-99
63,-277,-67,-212,-26,4,152,-1067,-101
62,-282,-64,-204,36,31,166,-1077,-99
64,-288,-65,-183,90,55,170,-1089,-98
65,-291,-65,-157,134,75,173,-1102,-103
67,-294,-65,-125,168,93,173,-1114,-103
66,-296,-66,-92,196,112,172,-1125,-104
65,-300,-66,-59,224,126,170,-1129,-105
63,-296,-64,-30,249,136,153,-1129,-101
59,-295,-65,0,264,145,145,-1125,-96
51,-293,-62,30,271,151,117,-1113,-92
48,-287,-63,60,266,158,95,-1098,-94
36,-281,-63,88,255,160,68,-1075,-95
31,-273,-68,114,239,159,35,-1053,-98
24,-266,-70,133,221,158,9,-1025,-115
15,-260,-70,135,203,158,-18,-993,-130
10,-253,-76,117,189,158,-38,-972,-141
3,-249,-72,82,176,161,-60,-955,-148
1,-248,-75,40,163,165,-77,-946,-138
-1,-243,-75,-4,147,167,-91,-936,-132
-1,-243,-70,-43,123,169,-103,-932,-131
-7,-242,-70,-77,93,169,-107,-934,-122
-9,-244,-68,-105,59,169,-107,-932,-114
-5,-247,-67,-125,24,171,-102,-945,-107
-4,-250,-66,-139,-18,172,-97,-957,-110
0,-254,-67,-142,-57,171,-78,-962,-110
3,-254,-65,-136,-95,169,-63,-967,-108
10,-256,-67,-122,-127,164,-42,-982,-104
14,-258,-65,-102,-151,156,-29,-986,-96
18,-262,-63,-73,-171,145,-2,-988,-100
25,-261,-64,-34,-179,134,16,-978,-93
31,-257,-64,8,-181,123,39,-981,-92
40,-258,-65,50,-179,111,57,-975,-92
37,-253,-63,86,-170,95,69,-968,-88
44,-253,-59,112,-158,81,80,-953,-85
45,-247,-60,123,-142,73,84,-945,-84
50,-257,-47,124,-126,70,90,-937,-93
52,-242,-61,108,-110,73,101,-927,-90
51,-240,-62,90,-95,80,105,-918,-88
52,-239,-65,71,-81,91,119,-914,-86
51,-237,-65,55,-71,106,123,-904,-89
56,-234,-60,41,-60,124,127,-895,-85
58,-231,-62,24,-50,143,135,-883,-83
60,-228,-60,4,-40,161,143,-886,-87
62,-235,-62,-16,-28,177,147,-880,-83
63,-232,-67,-38,-16,187,160,-878,-90
61,-231,-65,-60,-2,192,157,-885,-107
63,-234,-73,-82,12,190,154,-886,-124
59,-235,-82,-107,26,180,150,-886,-142
57,-235,-80,-128,38,165,138,-894,-165
53,-239,-83,-143,49,145,116,-904,-175
46,-240,-87,-146,60,119,96,-908,-183
43,-241,-82,-138,72,92,79,-911,-179
35,-242,-81,-115,83,64,57,-920,-173
32,-247,-79,-82,90,39,45,-929,-165
27,-247,-79,-40,91,19,28,-935,-154
22,-246,-74,3,84,3,7,-940,-149
15,-245,-74,43,71,-3,-18,-935,-143
17,-248,-75,71,57,-5,-29,-942,-142
11,-249,-73,83,45,-1,-40,-941,-137
11,-245,-74,83,37,5,-45,-936,-130
8,-244,-69,82,34,13,-39,-934,-119
14,-242,-68,82,36,19,-28,-933,-110
23,-244,-63,85,35,18,-1,-923,-91
27,-240,-60,97,35,11,20,-910,-73
34,-236,-57,117,28,-2,48,-888,-59
41,-231,-53,142,20,-15,74,-869,-47
45,-225,-50,175,14,-32,95,-851,-36
51,-221,-48,210,15,-50,120,-826,-30
58,-213,-44,242,27,-71,136,-806,-24
62,-209,-43,271,48,-93,152,-791,-16
64,-204,-40,291,76,-110,168,-781,-9
64,-202,-38,304,112,-122,169,-769,4
66,-202,-41,307,150,-124,162,-767,15
63,-198,-38,297,188,-113,156,-764,18
60,-203,-33,274,228,-91,136,-771,17
57,-204,-32,244,268,-61,130,-775,15
54,-206,-38,204,306,-25,114,-790,17
48,-207,-36,160,344,20,96,-801,23
45,-208,-34,111,382,68,83,-807,34
42,-212,-26,60,413,119,72,-810,49
34,-216,-24,10,439,170,62,-820,61
33,-216,-22,-32,459,217,52,-824,72
35,-217,-19,-69,481,255,53,-833,77
37,-221,-18,-97,497,284,59,-845,79
38,-226,-21,-116,512,305,66,-845,76
39,-223,-23,-126,522,314,74,-854,72
43,-226,-22,-131,527,319,76,-862,73
40,-227,-23,-131,525,317,81,-871,62
43,-232,-26,-129,516,315,85,-885,55
41,-235,-28,-130,501,314,79,-907,41
38,-237,-36,-139,481,316,74,-912,28
34,-238,-37,-161,461,323,60,-924,13
31,-245,-44,-190,435,333,46,-944,-12
22,-249,-50,-218,415,346,12,-952,-30
21,-254,-55,-235,402,355,-1,-962,-49
17,-255,-57,-248,396,366,-9,-972,-64
15,-256,-61,-251,393,374,-16,-976,-71
16,-257,-61,-245,385,379,-22,-974,-77
16,-256,-60,-236,374,380,-20,-972,-85
18,-255,-59,-222,358,377,-4,-966,-80
25,-254,-56,-212,345,373,12,-968,-73
28,-256,-58,-207,336,370,33,-975,-52
35,-257,-53,-207,332,367,62,-984,-40
44,-257,-40,-213,330,365,82,-991,-17
51,-267,-38,-211,331,360,110,-1005,6
52,-265,-33,-202,337,352,126,-1021,23
61,-273,-36,-180,345,344,143,-1030,32
60,-276,-30,-153,352,340,152,-1048,45
62,-279,-26,-121,360,334,149,-1060,48
57,-280,-30,-87,369,330,140,-1065,52
53,-278,-28,-55,379,326,128,-1066,43
45,-265,-40,-29,387,318,111,-1063,44
42,-275,-31,-5,392,312,89,-1057,31
36,-270,-37,11,396,303,68,-1039,21
29,-266,-39,22,397,292,36,-1020,17
19,-257,-40,30,390,280,0,-989,13
9,-252,-38,39,381,263,-30,-963,15
3,-251,-35,52,364,242,-60,-949,20
-1,-247,-32,66,336,217,-80,-937,24
-8,-245,-26,81,297,186,-106,-940,52
-5,-251,-25,95,246,159,-109,-945,58
-4,-257,-32,107,185,127,-97,-976,31
0,-263,-50,104,133,98,-80,-1010,-10
10,-279,-57,91,92,76,-37,-1062,-65
24,-288,-77,61,57,43,9,-1112,-137
32,-304,-94,3,33,-15,31,-1168,-202
28,-317,-103,-87,14,-96,28,-1220,-249
14,-331,-106,-206,-20,-188,-10,-1280,-264
0,-346,-100,-329,-84,-274,-78,-1326,-249
-18,-356,-94,-424,-171,-337,-147,-1374,-232
-31,-375,-96,-463,-256,-367,-190,-1415,-238
-40,-380,-106,-461,-313,-370,-238,-1440,-265
-48,-384,-117,-404,-325,-356,-276,-1462,-306
-58,-382,-128,-310,-285,-330,-308,-1451,-362
-64,-377,-138,-192,-213,-299,-349,-1424,-400
-74,-362,-138,-68,-136,-272,-372,-1385,-415
-76,-350,-137,49,-78,-250,-378,-1333,-404
-66,-336,-128,150,-53,-233,-346,-1276,-373
-54,-320,-121,236,-58,-219,-285,-1219,-323
-34,-312,-105,312,-89,-216,-215,-1175,-266
-13,-300,-95,384,-140,-213,-130,-1146,-215
10,-300,-83,448,-199,-216,-43,-1133,-178
25,-300,-74,500,-255,-224,10,-1139,-149
23,-307,-74,528,-303,-228,11,-1166,-146
23,-312,-80,524,-350,-227,15,-1203,-154
22,-326,-87,484,-397,-237,12,-1263,-179
18,-343,-93,392,-433,-261,-17,-1330,-210
4,-361,-97,238,-450,-313,-59,-1401,-237
-7,-376,-101,41,-447,-384,-115,-1463,-246
-22,-390,-97,-166,-436,-459,-177,-1521,-233
-35,-403,-92,-341,-421,-526,-213,-1553,-211
-36,-411,-87,-445,-403,-581,-220,-1577,-189
-28,-402,-78,-454,-370,-623,-205,-1530,-167
-22,-385,-77,-361,-315,-639,-182,-1466,-169
-16,-366,-80,-198,-234,-625,-167,-1383,-173
-7,-339,-78,-8,-148,-593,-148,-1286,-173
-1,-307,-81,180,-72,-554,-118,-1143,-174
4,-275,-84,344,-12,-506,-90,-1027,-172
12,-241,-85,475,28,-445,-35,-917,-169
27,-213,-82,563,56,-369,23,-795,-168
37,-184,-84,607,65,-283,68,-689,-169
51,-155,-84,605,65,-193,107,-594,-181
62,-133,-91,549,65,-90,154,-514,-196
71,-119,-96,438,62,14,193,-466,-206
76,-108,-95,283,59,112,222,-439,-216
82,-108,-97,84,51,197,244,-440,-228
85,-114,-98,-153,44,272,263,-476,-236
89,-136,-99,-420,37,332,268,-550,-231
83,-167,-94,-698,28,370,251,-654,-208
78,-196,-86,-963,19,389,221,-762,-179
66,-227,-74,-1180,9,396,183,-874,-138
58,-257,-66,-1315,4,397,149,-983,-111
47,-284,-63,-1371,5,394,99,-1079,-90
32,-308,-55,-1356,16,383,46,-1169,-65
19,-329,-55,-1280,30,355,-16,-1236,-50
1,-341,-52,-1151,44,309,-95,-1286,-52
-20,-348,-55,-984,64,260,-173,-1313,-59
-37,-349,-52,-796,84,226,-223,-1306,-59
-48,-340,-55,-587,93,193,-270,-1284,-65
-56,-326,-59,-359,97,151,-298,-1219,-77
-62,-310,-64,-134,95,106,-319,-1160,-94
-61,-293,-70,60,95,69,-321,-1109,-120
-56,-277,-72,192,99,44,-298,-1059,-126
-50,-264,-73,261,105,26,-279,-1010,-120
-45,-255,-67,280,106,7,-243,-973,-103
-35,-245,-61,259,100,-7,-216,-955,-83
-26,-245,-57,218,85,-18,-181,-940,-68
-16,-244,-52,168,68,-31,-141,-939,-51
-1,-245,-40,122,45,-47,-108,-937,-28
2,-243,-45,78,17,-66,-72,-936,-13
8,-245,-41,39,-15,-81,-49,-929,-7
11,-245,-40,4,-43,-94,-36,-944,-6
12,-245,-49,-30,-69,-104,-32,-939,-30
11,-246,-53,-66,-91,-112,-40,-937,-52
7,-247,-56,-112,-112,-117,-42,-938,-67
10,-247,-57,-165,-128,-122,-44,-940,-75
7,-247,-60,-218,-145,-128,-46,-941,-86
13,-244,-72,-268,-160,-129,-47,-950,-89
6,-248,-67,-311,-175,-127,-52,-950,-101
8,-255,-68,-344,-189,-120,-52,-955,-110
7,-254,-72,-363,-205,-111,-57,-964,-117
5,-257,-71,-367,-223,-98,-56,-981,-126
7,-260,-75,-359,-242,-84,-54,-992,-130
6,-267,-74,-341,-259,-72,-55,-1009,-133
7,-270,-73,-313,-269,-59,-50,-1026,-135
12,-276,-70,-281,-277,-51,-42,-1039,-138
11,-279,-76,-245,-285,-47,-34,-1054,-144
17,-280,-72,-207,-286,-50,-24,-1069,-138
17,-280,-73,-171,-289,-52,-13,-1072,-136
24,-280,-75,-133,-288,-60,5,-1071,-138
22,-280,-70,-96,-282,-70,13,-1071,-132
26,-279,-70,-61,-273,-84,19,-1058,-132
28,-272,-74,-25,-262,-102,23,-1038,-133
28,-270,-76,0,-248,-120,24,-1031,-142
28,-267,-76,11,-231,-127,30,-1016,-135
29,-259,-76,12,-219,-130,32,-993,-141
30,-255,-75,8,-209,-134,36,-971,-136
30,-250,-73,5,-205,-141,37,-951,-130
28,-241,-74,1,-201,-150,42,-930,-132
29,-240,-75,0,-202,-159,37,-920,-129
29,-236,-71,3,-202,-163,31,-909,-129
26,-235,-69,3,-197,-166,23,-907,-138
27,-236,-76,-4,-186,-165,16,-896,-132
27,-240,-70,-15,-170,-166,11,-898,-130
22,-238,-73,-25,-150,-165,4,-900,-111
24,-240,-69,-32,-130,-165,0,-917,-112
18,-243,-68,-34,-108,-166,-2,-929,-102
20,-243,-69,-30,-87,-168,-1,-936,-104
21,-251,-66,-20,-68,-173,-3,-944,-103
19,-249,-65,-8,-50,-182,-14,-946,-107
17,-250,-68,11,-31,-194,-13,-943,-111
17,-247,-69,32,-11,-208,-23,-933,-117
14,-241,-72,57,12,-226,-27,-925,-125
10,-239,-69,79,32,-247,-31,-912,-125
12,-235,-73,97,47,-266,-44,-891,-130
7,-233,-73,112,53,-284,-51,-873,-130
5,-232,-72,120,51,-299,-58,-865,-129
4,-226,-70,125,41,-312,-61,-866,-119
1,-228,-70,126,25,-321,-74,-855,-116
-2,-227,-65,126,4,-325,-93,-852,-106
-2,-227,-67,125,-21,-327,-101,-857,-96
-9,-226,-63,127,-47,-323,-108,-859,-86
-11,-229,-60,127,-71,-312,-118,-861,-79
-10,-230,-61,125,-92,-302,-121,-870,-80
-8,-228,-61,122,-110,-288,-116,-866,-79
-10,-229,-62,117,-122,-275,-114,-867,-81
-6,-225,-66,106,-133,-262,-111,-858,-93
-3,-225,-70,90,-138,-248,-102,-848,-105
0,-218,-71,69,-142,-232,-90,-839,-127
3,-219,-79,41,-144,-219,-73,-823,-139
8,-214,-81,8,-144,-209,-53,-812,-160
11,-211,-84,-26,-146,-199,-39,-803,-171
19,-208,-85,-58,-146,-190,-17,-795,-176
23,-208,-83,-86,-147,-182,6,-793,-181
32,-208,-84,-106,-146,-176,42,-790,-179
41,-210,-84,-116,-141,-176,69,-794,-176
45,-209,-82,-119,-130,-177,86,-792,-175
49,-212,-82,-116,-119,-178,98,-796,-170
47,-210,-77,-113,-111,-180,105,-803,-155
52,-214,-79,-108,-104,-170,119,-816,-144
52,-217,-72,-101,-98,-160,117,-818,-130
53,-221,-67,-91,-93,-146,118,-823,-111
53,-219,-65,-72,-85,-128,116,-827,-94
49,-222,-62,-47,-74,-110,108,-833,-79
47,-223,-60,-20,-62,-92,97,-841,-74
44,-220,-61,5,-48,-75,89,-836,-67
43,-221,-63,24,-32,-60,76,-827,-72
41,-218,-56,33,-13,-50,77,-825,-71
39,-215,-59,32,5,-46,79,-821,-65
41,-215,-58,19,19,-48,79,-825,-58
43,-214,-58,4,26,-55,79,-820,-59
40,-215,-53,-24,28,-65,80,-831,-50
39,-223,-54,-52,21,-83,68,-836,-48
34,-224,-49,-80,11,-103,58,-853,-44
30,-225,-51,-110,-2,-132,46,-865,-35
29,-233,-49,-135,-19,-165,31,-896,-31
20,-239,-50,-152,-38,-206,18,-914,-27
21,-245,-47,-160,-55,-252,8,-928,-17
17,-253,-41,-163,-73,-297,-5,-957,-7
15,-257,-44,-162,-90,-343,-27,-965,4
15,-263,-37,-146,-103,-375,-32,-996,9
10,-271,-33,-119,-111,-399,-38,-1022,18
10,-273,-36,-81,-110,-419,-46,-1027,22
4,-274,-37,-38,-103,-433,-55,-1030,23
3,-278,-29,6,-91,-440,-61,-1038,18
4,-269,-38,48,-79,-441,-61,-1033,11
5,-266,-47,81,-68,-431,-66,-1022,0
4,-261,-45,102,-65,-414,-64,-1004,-15
8,-257,-52,108,-68,-392,-57,-986,-31
13,-251,-51,102,-79,-364,-36,-968,-47
22,-246,-54,85,-94,-331,-4,-947,-56
30,-242,-59,59,-106,-299,31,-930,-64
38,-239,-55,27,-120,-275,58,-919,-64
46,-235,-62,-10,-133,-246,100,-913,-59
55,-240,-55,-51,-146,-221,135,-921,-56
61,-245,-53,-88,-158,-198,159,-936,-54
68,-253,-52,-112,-171,-181,181,-953,-56
69,-256,-53,-127,-181,-171,187,-976,-48
72,-265,-51,-130,-192,-168,199,-1004,-41
69,-265,-53,-123,-203,-174,191,-1021,-40
64,-279,-49,-111,-215,-184,174,-1049,-42
60,-279,-52,-97,-230,-200,156,-1067,-43
59,-282,-52,-86,-245,-216,145,-1080,-43
57,-284,-54,-74,-255,-232,134,-1085,-46
54,-286,-52,-59,-252,-247,126,-1092,-50
48,-286,-54,-40,-240,-258,101,-1087,-54
45,-282,-55,-14,-218,-262,86,-1078,-64
42,-282,-61,18,-184,-259,73,-1070,-66
39,-275,-59,54,-142,-256,62,-1051,-65
39,-274,-61,91,-92,-252,68,-1037,-74
39,-265,-58,125,-35,-247,72,-1017,-88
44,-266,-64,159,28,-238,78,-1020,-93
45,-264,-67,184,95,-225,78,-1020,-101
41,-267,-73,196,158,-200,75,-1028,-124
34,-270,-82,182,209,-164,57,-1050,-158
29,-278,-96,123,235,-120,25,-1073,-206
25,-282,-108,19,230,-59,19,-1088,-278
37,-293,-124,-116,212,17,52,-1117,-328
54,-301,-130,-261,207,96,116,-1160,-351
71,-318,-126,-386,235,159,184,-1200,-351
88,-327,-120,-459,288,204,246,-1244,-323
100,-340,-114,-468,338,226,294,-1292,-303
106,-346,-110,-423,363,232,328,-1317,-295
107,-344,-113,-341,352,226,341,-1320,-302
106,-345,-122,-243,308,211,336,-1302,-319
104,-337,-122,-138,244,194,328,-1274,-341
97,-321,-123,-33,177,170,311,-1218,-349
100,-310,-125,73,131,139,298,-1161,-344
97,-295,-124,186,118,104,295,-1103,-323
102,-281,-110,304,153,67,307,-1052,-302
111,-267,-109,423,231,29,325,-1003,-279
117,-258,-110,526,346,-4,342,-983,-270
111,-256,-108,589,476,-31,328,-972,-275
110,-257,-112,600,598,-43,322,-990,-274
107,-267,-108,565,686,-36,326,-1032,-282
112,-280,-115,488,739,-7,335,-1095,-292
107,-299,-112,368,761,43,340,-1172,-292
106,-321,-106,212,750,109,320,-1249,-274
86,-339,-101,38,700,192,264,-1333,-259
65,-358,-97,-140,628,294,184,-1401,-229
40,-373,-87,-306,549,421,88,-1457,-192
23,-388,-72,-434,475,569,19,-1513,-143
10,-401,-65,-511,410,714,-25,-1541,-104
6,-407,-58,-532,352,822,-52,-1548,-74
6,-401,-54,-492,302,872,-45,-1526,-61
12,-387,-53,-385,264,857,-26,-1468,-50
16,-370,-58,-232,247,794,-18,-1387,-60
20,-347,-58,-63,252,701,0,-1319,-79
28,-324,-64,96,276,592,16,-1214,-91
32,-300,-63,236,318,460,27,-1125,-94
40,-275,-65,350,365,325,50,-1032,-97
40,-254,-70,428,413,190,69,-959,-110
42,-237,-71,467,458,57,78,-888,-122
44,-223,-68,476,495,-67,74,-825,-128
40,-209,-70,464,522,-178,71,-784,-123
34,-197,-67,435,537,-276,55,-743,-122
32,-192,-67,391,546,-354,33,-723,-118
23,-190,-71,329,555,-405,10,-716,-117
18,-191,-74,243,559,-418,-19,-725,-130
9,-192,-73,135,553,-399,-38,-751,-148
3,-202,-77,2,528,-350,-53,-790,-150
-2,-215,-78,-153,483,-278,-78,-833,-160
-3,-226,-79,-312,416,-197,-86,-873,-152
-8,-237,-72,-451,330,-121,-95,-922,-141
-1,-250,-70,-554,231,-50,-86,-958,-127
0,-261,-65,-609,130,15,-67,-984,-109
8,-264,-63,-616,37,71,-49,-1003,-98
14,-270,-63,-581,-42,114,-24,-1019,-87
20,-271,-60,-517,-104,139,6,-1022,-86
31,-270,-61,-442,-148,147,33,-1027,-84
34,-271,-65,-360,-180,149,60,-1027,-92
46,-268,-67,-283,-201,145,84,-1022,-98
52,-270,-69,-221,-211,136,110,-1011,-113
58,-267,-68,-170,-210,122,131,-1010,-112
57,-261,-69,-130,-201,99,150,-998,-125
64,-260,-70,-96,-185,74,156,-986,-127
64,-258,-72,-68,-164,46,167,-975,-130
64,-256,-71,-43,-143,18,160,-965,-133
61,-248,-71,-27,-121,-8,156,-951,-126
60,-246,-70,-19,-102,-28,149,-944,-123
58,-246,-70,-17,-88,-45,137,-937,-131
62,-244,-71,-21,-77,-53,147,-929,-124
60,-245,-71,-30,-69,-58,146,-933,-121
62,-244,-69,-46,-62,-58,150,-933,-121
62,-244,-68,-65,-59,-55,156,-935,-122
62,-243,-69,-90,-60,-48,162,-940,-123
64,-246,-75,-121,-64,-37,166,-941,-123
62,-246,-67,-155,-70,-25,170,-944,-127
64,-254,-72,-190,-72,-16,169,-958,-127
63,-254,-73,-219,-70,-5,167,-970,-126
64,-259,-74,-246,-65,4,163,-988,-130
63,-264,-73,-263,-55,13,158,-1002,-135
62,-270,-72,-267,-42,22,154,-1023,-130
62,-274,-73,-259,-26,27,148,-1033,-126
59,-274,-68,-241,-9,27,144,-1045,-124
57,-276,-70,-215,6,26,136,-1048,-129
53,-274,-72,-189,16,27,123,-1055,-132
49,-275,-73,-167,23,26,114,-1053,-131
45,-273,-69,-153,20,26,96,-1042,-137
37,-271,-78,-148,11,29,79,-1036,-143
37,-270,-79,-148,-1,32,59,-1029,-165
32,-267,-84,-147,-12,36,46,-1014,-173
32,-264,-81,-149,-23,38,35,-1001,-181
26,-259,-86,-152,-32,40,14,-988,-176
22,-256,-85,-152,-45,42,11,-978,-178
19,-253,-86,-149,-66,44,-2,-961,-182
16,-249,-85,-148,-93,49,-15,-958,-181
15,-250,-86,-147,-122,55,-21,-948,-181
13,-248,-82,-142,-151,60,-29,-939,-176
14,-246,-81,-130,-179,69,-25,-929,-175
13,-246,-81,-117,-209,80,-33,-928,-172
14,-243,-82,-105,-238,90,-23,-924,-171
13,-244,-81,-92,-272,101,-13,-922,-169
18,-238,-83,-80,-308,108,-7,-919,-156
24,-241,-80,-66,-340,113,4,-910,-153
27,-241,-77,-52,-367,121,8,-915,-141
25,-238,-70,-36,-388,127,21,-907,-132
25,-237,-74,-21,-406,129,31,-904,-128
27,-234,-70,-9,-420,131,35,-885,-127
31,-231,-72,2,-432,134,44,-868,-125
32,-222,-70,12,-443,139,47,-847,-128
35,-216,-75,19,-452,145,52,-828,-135
34,-211,-78,20,-458,152,56,-808,-138
38,-206,-76,13,-459,162,65,-785,-156
39,-200,-76,-2,-459,174,68,-763,-152
43,-198,-76,-23,-456,189,87,-741,-159
48,-194,-77,-46,-452,203,95,-732,-151
57,-194,-75,-68,-446,218,130,-730,-138
63,-195,-70,-83,-436,227,153,-735,-127
67,-200,-74,-94,-426,229,186,-755,-120
72,-200,-65,-102,-415,226,213,-764,-103
80,-202,-63,-106,-403,215,222,-783,-93
82,-210,-64,-106,-393,201,234,-794,-87
84,-210,-61,-103,-381,180,240,-805,-88
80,-214,-66,-101,-365,158,237,-815,-96
82,-217,-67,-97,-349,138,232,-813,-97
76,-213,-66,-98,-330,121,225,-814,-110
77,-215,-67,-99,-310,110,215,-815,-123
72,-218,-71,-103,-287,101,201,-821,-130
73,-221,-72,-112,-263,97,194,-824,-135
66,-219,-74,-121,-237,97,175,-834,-138
64,-227,-75,-133,-211,100,160,-843,-139
61,-226,-74,-140,-181,106,141,-849,-137
55,-226,-74,-144,-156,116,117,-854,-141
45,-227,-76,-144,-134,126,90,-853,-140
40,-232,-74,-142,-120,139,68,-868,-146
39,-231,-88,-139,-107,152,42,-873,-140
26,-231,-76,-139,-103,166,17,-874,-135
17,-232,-67,-139,-106,182,-4,-879,-132
10,-233,-69,-138,-113,197,-27,-882,-120
10,-233,-68,-132,-119,207,-38,-881,-108
8,-231,-63,-122,-125,213,-53,-886,-82
8,-234,-53,-104,-128,218,-57,-896,-58
8,-237,-49,-77,-131,218,-54,-899,-32
6,-240,-43,-42,-132,212,-45,-906,-13
10,-240,-41,-3,-135,205,-38,-906,6
13,-239,-39,39,-139,198,-31,-922,27
12,-244,-36,78,-148,194,-29,-928,36
12,-246,-28,113,-162,190,-23,-933,40
16,-247,-29,137,-178,191,-27,-938,34
13,-246,-37,146,-193,194,-29,-943,23
17,-249,-43,139,-205,202,-28,-947,2
10,-244,-45,113,-216,217,-34,-949,-14
8,-246,-52,74,-222,235,-37,-942,-32
12,-244,-52,21,-224,259,-46,-945,-46
9,-244,-59,-38,-226,278,-44,-943,-55
7,-242,-56,-97,-228,295,-39,-937,-60
10,-243,-58,-147,-234,313,-38,-927,-64
10,-240,-57,-185,-246,326,-35,-924,-59
12,-244,-52,-212,-262,334,-28,-929,-48
16,-244,-49,-232,-284,334,-14,-933,-42
20,-245,-46,-243,-305,327,-4,-948,-25
22,-249,-44,-247,-328,313,18,-953,-6
30,-255,-42,-251,-352,295,34,-970,-4
27,-256,-38,-252,-371,273,46,-984,-1
36,-259,-41,-255,-388,253,48,-1001,-10
36,-263,-45,-263,-397,232,59,-1013,-25
40,-268,-50,-271,-398,215,59,-1025,-43
36,-271,-55,-283,-396,202,62,-1038,-62
35,-274,-62,-300,-391,198,55,-1047,-76
38,-275,-64,-325,-378,198,56,-1059,-94
34,-280,-65,-346,-362,202,54,-1062,-95
34,-280,-63,-360,-347,213,50,-1065,-97
32,-278,-64,-366,-337,232,44,-1071,-93
28,-281,-60,-362,-328,260,36,-1073,-90
30,-280,-63,-351,-321,289,42,-1074,-85
35,-280,-64,-336,-316,320,52,-1075,-93
43,-280,-60,-320,-313,347,69,-1067,-80
44,-277,-61,-299,-297,359,82,-1054,-80
50,-273,-61,-273,-278,361,107,-1049,-81
57,-272,-63,-250,-256,355,120,-1035,-86
58,-272,-63,-231,-232,335,135,-1030,-80
62,-266,-62,-213,-207,304,150,-1013,-79
64,-265,-63,-196,-175,269,161,-1007,-83
68,-268,-62,-178,-135,230,179,-1012,-85
78,-267,-63,-173,-90,195,213,-1026,-106
79,-270,-65,-189,-43,165,212,-1035,-110
78,-271,-67,-216,5,132,214,-1044,-109
78,-274,-66,-237,51,97,211,-1042,-105
74,-273,-64,-242,92,70,204,-1049,-98
76,-275,-65,-233,134,62,200,-1054,-95
68,-283,-63,-210,175,67,185,-1058,-86
68,-275,-61,-181,208,72,174,-1053,-94
62,-273,-63,-158,227,79,153,-1042,-91
54,-268,-68,-135,239,89,127,-1013,-96
52,-258,-68,-113,245,101,105,-992,-112
43,-256,-70,-83,254,120,86,-962,-134
38,-248,-84,-57,267,139,73,-943,-170
38,-247,-92,-44,279,153,58,-933,-213
28,-245,-104,-53,285,155,39,-941,-262
30,-248,-117,-94,278,143,37,-954,-312
29,-251,-130,-176,266,121,37,-970,-373
30,-257,-148,-295,253,88,34,-1003,-429
27,-268,-158,-445,244,37,15,-1044,-461
18,-281,-156,-601,234,-31,-12,-1085,-464
8,-293,-152,-741,216,-109,-58,-1112,-444
-4,-300,-136,-838,180,-189,-102,-1143,-409
-14,-308,-126,-874,131,-257,-147,-1169,-366
-23,-315,-120,-833,85,-303,-175,-1181,-328
-27,-319,-120,-725,61,-324,-198,-1193,-322
-30,-321,-122,-572,70,-328,-213,-1193,-332
-31,-317,-128,-397,110,-320,-223,-1174,-355
-31,-306,-134,-226,173,-308,-224,-1144,-372
-34,-297,-131,-68,239,-294,-222,-1113,-375
-30,-288,-131,63,294,-274,-199,-1086,-376
-19,-284,-128,162,332,-247,-154,-1075,-365
-15,-284,-128,229,354,-217,-143,-1073,-361
-18,-285,-125,261,358,-183,-142,-1103,-356
-15,-299,-129,246,340,-147,-138,-1150,-360
-16,-314,-130,184,313,-111,-151,-1204,-380
-31,-339,-144,72,304,-74,-189,-1306,-428
-48,-357,-164,-90,320,-43,-269,-1407,-471
-74,-390,-160,-303,352,-35,-343,-1504,-517
-84,-409,-171,-555,371,-61,-401,-1601,-540
-88,-435,-165,-806,344,-123,-408,-1681,-507
-73,-457,-144,-1001,273,-215,-361,-1756,-434
-44,-476,-119,-1094,184,-343,-258,-1800,-344
-25,-478,-95,-1043,118,-491,-191,-1806,-250
-19,-463,-80,-854,107,-605,-168,-1748,-186
-11,-439,-78,-545,145,-661,-150,-1649,-167
-9,-403,-87,-166,212,-676,-134,-1514,-179
-7,-365,-95,222,280,-661,-124,-1368,-212
-8,-319,-105,560,328,-628,-117,-1222,-251
-4,-286,-111,810,344,-568,-105,-1096,-277
0,-251,-114,960,323,-479,-93,-963,-300
-5,-216,-118,1021,269,-365,-86,-848,-303
-1,-194,-115,1011,189,-237,-73,-759,-307
0,-175,-115,951,96,-111,-72,-681,-297
-3,-164,-112,861,-4,14,-86,-625,-272
-9,-153,-107,748,-93,134,-105,-598,-261
-1,-153,-103,608,-172,245,-102,-593,-244
0,-161,-98,449,-239,341,-92,-605,-228
0,-167,-94,294,-298,413,-97,-636,-206
-1,-179,-86,148,-351,460,-90,-678,-191
2,-195,-86,20,-393,478,-69,-733,-177
7,-210,-81,-90,-423,472,-58,-786,-180
13,-221,-82,-180,-433,444,-39,-839,-177
14,-230,-81,-249,-428,406,-31,-875,-176
17,-241,-85,-290,-413,361,-25,-908,-178
22,-247,-82,-304,-389,310,-9,-925,-182
23,-248,-88,-294,-359,251,1,-937,-186
23,-251,-89,-262,-321,188,2,-949,-201
23,-250,-93,-219,-280,128,0,-945,-205
22,-245,-91,-158,-237,76,-1,-920,-208
18,-236,-90,-90,-199,30,-18,-877,-221
12,-228,-97,-26,-169,-7,-24,-872,-234
16,-229,-103,15,-146,-35,-30,-862,-247
12,-226,-106,26,-125,-58,-33,-855,-252
8,-229,-102,13,-107,-77,-42,-864,-252
9,-228,-105,-16,-88,-88,-47,-883,-246
6,-235,-103,-54,-74,-91,-53,-904,-242
5,-244,-99,-90,-59,-90,-57,-927,-235
8,-248,-99,-127,-41,-87,-53,-953,-223
12,-255,-97,-153,-23,-86,-42,-972,-224
15,-261,-90,-166,-3,-83,-27,-992,-224
18,-264,-95,-168,15,-83,-19,-1009,-218
21,-269,-95,-160,29,-82,-3,-1017,-216
21,-270,-92,-142,39,-86,7,-1028,-218
24,-273,-95,-117,46,-87,8,-1039,-220
21,-276,-94,-87,50,-88,11,-1033,-214
25,-278,-92,-57,54,-91,8,-1040,-215
24,-275,-96,-25,53,-93,-1,-1038,-213
15,-271,-89,3,50,-95,-8,-1032,-212
14,-271,-95,25,43,-96,-25,-1025,-213
10,-267,-91,44,33,-96,-41,-1021,-213
6,-268,-91,61,18,-94,-51,-1013,-216
5,-269,-90,78,3,-89,-64,-1010,-205
1,-266,-89,96,-12,-83,-78,-1011,-199
-1,-264,-87,115,-22,-74,-92,-1010,-191
-1,-267,-88,134,-27,-66,-93,-1012,-187
0,-266,-83,155,-26,-57,-97,-1013,-184
0,-266,-82,173,-19,-50,-89,-1010,-182
0,-265,-86,186,-10,-44,-82,-1008,-182
3,-263,-84,195,-1,-40,-74,-1007,-182
5,-262,-81,198,7,-37,-62,-997,-180
10,-261,-82,203,13,-39,-51,-998,-174
14,-260,-82,204,21,-41,-38,-996,-178
15,-258,-83,204,28,-46,-31,-984,-179
18,-256,-84,202,34,-51,-16,-978,-181
22,-255,-85,196,45,-61,-5,-977,-185
21,-253,-87,187,54,-71,10,-964,-187
23,-254,-86,178,61,-83,13,-957,-195
29,-252,-87,168,68,-93,19,-955,-193
27,-250,-86,160,74,-104,27,-940,-184
28,-246,-86,159,77,-115,24,-940,-187
29,-244,-85,162,82,-125,29,-934,-180
29,-243,-85,172,85,-136,36,-926,-177
29,-244,-83,184,86,-148,41,-922,-170
32,-242,-82,199,90,-158,45,-917,-167
31,-239,-81,217,95,-170,40,-902,-167
30,-237,-83,234,102,-181,36,-903,-167
31,-235,-80,246,110,-197,36,-891,-165
30,-233,-78,254,121,-212,35,-884,-156
30,-232,-76,258,133,-228,23,-880,-140
28,-233,-74,264,145,-243,21,-884,-140
26,-234,-72,269,159,-258,12,-886,-127
22,-234,-71,278,172,-274,10,-888,-125
22,-237,-69,284,186,-287,2,-890,-114
19,-238,-62,290,200,-301,0,-903,-114
18,-235,-63,292,215,-317,-5,-902,-93
18,-238,-63,290,230,-332,-12,-909,-93
17,-236,-63,286,247,-348,-18,-912,-95
14,-239,-65,273,264,-362,-25,-915,-92
13,-241,-68,253,284,-374,-33,-920,-98
11,-235,-65,223,300,-388,-36,-922,-107
9,-240,-71,187,316,-402,-44,-920,-116
11,-240,-78,155,333,-412,-44,-918,-126
9,-243,-74,116,356,-420,-39,-924,-138
11,-246,-82,75,383,-426,-36,-934,-144
16,-252,-81,43,417,-432,-30,-948,-161
18,-253,-84,26,448,-435,-28,-958,-173
19,-255,-80,21,470,-435,-13,-968,-173
24,-257,-83,36,480,-436,6,-969,-173
28,-257,-83,71,484,-434,26,-958,-175
32,-253,-81,123,480,-430,58,-959,-167
36,-249,-82,171,473,-423,56,-946,-163
37,-246,-84,212,466,-413,61,-928,-168
37,-236,-78,232,464,-398,65,-913,-171
37,-232,-78,231,462,-376,69,-885,-166
35,-230,-79,216,460,-347,64,-873,-168
32,-226,-82,190,460,-314,58,-865,-168
36,-229,-82,159,462,-286,58,-854,-168
39,-220,-85,125,469,-246,56,-851,-170
37,-225,-83,93,477,-208,63,-842,-168
39,-221,-78,64,485,-171,74,-840,-156
36,-219,-78,37,494,-139,67,-833,-148
39,-221,-73,22,503,-110,56,-833,-134
38,-220,-69,16,513,-82,53,-825,-125
33,-217,-70,13,522,-54,48,-822,-112
33,-217,-63,13,531,-30,46,-821,-110
35,-218,-66,13,541,-7,48,-821,-95
35,-216,-63,14,551,10,51,-830,-78
33,-217,-59,15,561,25,51,-822,-73
33,-217,-58,18,568,35,36,-818,-61
24,-215,-55,22,567,45,30,-817,-45
27,-215,-48,30,562,51,19,-813,-38
21,-214,-48,34,555,57,11,-816,-37
22,-215,-49,36,548,56,4,-813,-29
21,-213,-47,33,544,56,-1,-808,-22
21,-212,-44,28,538,49,-4,-803,-22
20,-210,-47,15,526,39,0,-803,-23
21,-207,-48,0,510,27,8,-790,-26
24,-206,-48,-22,490,13,12,-791,-33
27,-206,-50,-48,465,-1,28,-784,-33
28,-205,-47,-76,441,-18,37,-792,-26
29,-209,-45,-113,419,-38,38,-802,-19
29,-213,-47,-150,400,-61,36,-815,-10
30,-222,-42,-185,387,-85,38,-842,7
29,-230,-35,-214,376,-113,38,-879,20
31,-239,-34,-231,370,-143,34,-920,43
32,-248,-23,-236,367,-175,38,-955,53
29,-260,-19,-230,363,-208,33,-995,71
30,-270,-18,-215,360,-242,35,-1028,80
26,-276,-18,-188,359,-278,22,-1058,78
25,-279,-19,-151,359,-311,18,-1068,64
23,-281,-31,-111,361,-342,3,-1075,41
18,-278,-38,-75,364,-367,-5,-1066,11
17,-273,-47,-45,369,-383,-26,-1050,-24
12,-268,-53,-29,372,-391,-34,-1028,-51
6,-261,-57,-24,370,-386,-46,-1007,-75
3,-259,-62,-28,356,-373,-61,-996,-82
1,-258,-64,-41,330,-349,-67,-980,-90
1,-255,-65,-55,293,-319,-64,-978,-86
6,-255,-61,-70,255,-288,-57,-972,-89
12,-255,-60,-80,219,-253,-44,-974,-74
13,-255,-60,-87,186,-222,-16,-976,-61
16,-259,-55,-84,159,-192,0,-984,-53
25,-257,-54,-78,136,-163,18,-988,-41
28,-259,-45,-62,115,-140,27,-993,-32
29,-259,-48,-41,96,-119,42,-991,-27
35,-259,-51,-17,77,-102,58,-992,-24
39,-258,-44,7,62,-89,71,-982,-20
38,-259,-46,32,53,-79,68,-974,-18
38,-252,-47,54,48,-73,68,-962,-16
40,-251,-48,70,45,-66,68,-950,-23
38,-243,-48,82,43,-65,68,-933,-30
34,-244,-51,86,40,-69,61,-920,-37
34,-238,-46,84,37,-77,58,-907,-31
34,-234,-50,79,29,-83,46,-896,-23
28,-230,-44,65,22,-89,32,-892,-17
25,-233,-44,52,16,-97,21,-883,-4
24,-233,-40,36,16,-100,5,-891,6
24,-233,-41,20,20,-103,0,-897,6
27,-238,-40,1,29,-107,16,-914,-3
33,-242,-49,-23,47,-118,35,-924,-5
33,-236,-63,-49,76,-129,50,-944,-13
37,-252,-51,-78,116,-134,64,-967,-35
43,-261,-59,-107,165,-129,70,-1007,-58
43,-272,-68,-139,220,-112,73,-1051,-99
42,-280,-78,-180,277,-88,72,-1086,-152
42,-288,-98,-222,322,-57,76,-1108,-215
43,-295,-118,-274,352,-13,80,-1126,-300
46,-301,-132,-335,363,43,96,-1139,-374
56,-304,-144,-393,368,111,123,-1158,-430
59,-307,-154,-441,376,188,136,-1169,-456
64,-313,-158,-470,396,267,170,-1185,-475
66,-315,-160,-481,417,347,184,-1197,-486
72,-317,-154,-469,420,422,198,-1198,-481
75,-320,-152,-437,391,491,210,-1197,-464
78,-318,-148,-386,327,554,233,-1193,-439
86,-317,-136,-307,241,609,263,-1188,-405
96,-318,-127,-205,146,646,291,-1178,-366
106,-314,-119,-80,66,657,328,-1172,-324
120,-308,-111,57,21,639,360,-1163,-286
128,-308,-102,197,24,597,394,-1154,-256
137,-308,-94,324,80,533,422,-1149,-229
131,-305,-91,427,182,457,403,-1155,-203
127,-307,-85,505,298,379,395,-1164,-189
128,-319,-80,554,405,305,396,-1196,-180
127,-325,-90,564,484,236,403,-1243,-189
118,-341,-92,523,528,181,372,-1307,-210
98,-355,-101,419,520,146,314,-1370,-241
68,-369,-103,250,458,148,224,-1435,-261
41,-384,-104,30,358,194,108,-1499,-267
5,-401,-96,-214,255,280,-13,-1554,-238
-19,-418,-79,-439,167,394,-135,-1632,-178
-37,-431,-66,-615,95,520,-216,-1679,-117
-38,-442,-50,-721,31,623,-217,-1698,-50
-29,-444,-38,-731,-30,674,-185,-1691,1
-19,-440,-31,-639,-79,663,-158,-1655,20
-16,-424,-40,-455,-116,609,-146,-1594,0
-7,-402,-52,-213,-134,528,-127,-1502,-51
-1,-377,-59,39,-129,430,-105,-1407,-90
5,-349,-70,281,-100,322,-61,-1311,-134
23,-322,-89,487,-51,207,3,-1199,-175
42,-294,-96,643,6,84,75,-1100,-201
59,-263,-96,746,64,-44,133,-998,-216
71,-236,-96,805,117,-170,186,-894,-225
78,-210,-95,819,159,-280,218,-803,-222
78,-184,-96,800,194,-369,228,-713,-215
80,-170,-98,755,221,-436,236,-648,-219
77,-155,-98,685,244,-489,224,-596,-226
72,-141,-100,583,268,-517,211,-562,-236
67,-138,-102,450,292,-523,176,-535,-243
50,-136,-106,294,308,-502,120,-532,-261
36,-142,-113,105,309,-441,60,-565,-271
22,-161,-110,-112,294,-337,10,-622,-270
11,-177,-105,-340,255,-214,-25,-702,-255
8,-198,-97,-541,187,-100,-39,-764,-219
2,-214,-86,-681,96,-13,-53,-821,-187
0,-231,-81,-749,-4,54,-69,-877,-163
-2,-249,-76,-766,-106,119,-74,-936,-137
1,-257,-70,-739,-202,174,-57,-976,-122
9,-268,-64,-666,-290,198,-32,-1003,-110
17,-271,-67,-555,-359,184,-9,-1007,-103
29,-268,-68,-425,-397,149,25,-1010,-107
36,-267,-66,-289,-417,109,54,-1005,-118
45,-263,-71,-162,-427,66,80,-987,-128
51,-259,-74,-57,-429,17,106,-968,-140
59,-255,-80,16,-416,-32,131,-955,-153
63,-246,-77,60,-395,-81,163,-938,-149
67,-243,-77,79,-368,-122,176,-934,-139
68,-244,-75,78,-342,-154,191,-929,-125
74,-244,-66,64,-317,-178,196,-936,-112
70,-246,-64,47,-295,-196,197,-938,-86
69,-250,-60,34,-282,-204,188,-948,-71
64,-251,-55,24,-271,-206,178,-958,-73
64,-254,-57,21,-263,-198,156,-964,-74
59,-254,-61,13,-257,-179,142,-967,-91
54,-252,-67,1,-253,-151,123,-968,-104
50,-251,-69,-20,-255,-115,100,-964,-131
43,-254,-77,-49,-259,-74,90,-963,-154
44,-249,-83,-85,-265,-32,81,-959,-174
40,-249,-91,-123,-273,9,76,-956,-186
40,-250,-90,-159,-281,42,75,-961,-192
39,-253,-90,-188,-287,70,73,-965,-194
41,-257,-92,-206,-291,90,72,-977,-188
40,-261,-83,-217,-292,98,76,-996,-182
43,-270,-79,-212,-290,100,74,-1013,-170
42,-273,-76,-195,-283,96,77,-1031,-150
41,-278,-71,-170,-276,87,76,-1056,-137
38,-273,-67,-133,-268,77,74,-1064,-130
37,-278,-69,-93,-262,65,72,-1071,-121
39,-282,-69,-50,-258,53,65,-1077,-118
36,-282,-67,-12,-259,43,62,-1069,-110
38,-281,-70,25,-267,36,53,-1061,-112
30,-274,-68,57,-282,30,38,-1043,-111
29,-269,-68,82,-300,25,30,-1026,-119
22,-264,-67,105,-322,24,15,-1007,-113
20,-256,-67,122,-341,23,6,-987,-111
21,-255,-66,132,-359,25,-10,-965,-114
16,-249,-70,136,-372,28,-17,-949,-117
12,-245,-67,131,-384,34,-21,-932,-111
11,-239,-69,122,-392,38,-30,-925,-107
14,-239,-68,110,-397,43,-26,-913,-113
14,-240,-64,93,-403,49,-18,-898,-96
21,-237,-65,80,-407,51,-1,-895,-95
21,-238,-60,70,-411,50,11,-900,-86
30,-236,-61,64,-418,49,35,-901,-78
37,-238,-60,65,-425,49,51,-907,-73
42,-237,-58,70,-433,48,74,-914,-73
45,-241,-57,77,-442,49,89,-916,-70
48,-243,-56,82,-449,49,101,-920,-70
52,-243,-55,87,-452,52,117,-922,-68
57,-243,-57,92,-453,54,131,-921,-67
57,-240,-60,95,-452,53,132,-918,-65
57,-237,-62,101,-453,55,130,-907,-70
54,-237,-60,104,-452,56,130,-887,-76
53,-229,-64,103,-450,58,125,-875,-75
52,-227,-63,97,-444,60,121,-863,-79
50,-223,-60,86,-434,64,113,-853,-85
46,-221,-59,70,-421,71,96,-845,-80
44,-218,-59,52,-407,74,86,-839,-74
44,-222,-57,37,-393,79,82,-839,-59
44,-223,-53,23,-381,83,76,-834,-51
42,-220,-55,16,-371,86,72,-837,-45
38,-221,-52,15,-361,89,68,-836,-48
41,-220,-54,17,-356,91,68,-835,-48
40,-218,-55,21,-353,91,70,-827,-45
40,-219,-59,25,-348,88,68,-820,-56
43,-215,-53,21,-345,84,72,-814,-61
40,-210,-56,15,-342,76,74,-810,-61
40,-210,-56,6,-342,70,74,-797,-62
41,-210,-60,-6,-341,61,72,-793,-67
38,-207,-56,-19,-341,53,71,-789,-63
35,-206,-57,-33,-339,44,56,-784,-51
36,-204,-51,-49,-337,41,50,-785,-43
30,-207,-53,-64,-334,39,45,-789,-31
30,-209,-46,-81,-328,40,23,-787,-18
23,-207,-45,-96,-324,43,6,-799,-11
23,-213,-41,-111,-324,42,-2,-809,-5
19,-216,-41,-125,-332,46,-11,-811,-2
14,-216,-41,-135,-345,54,-21,-826,3
13,-219,-42,-145,-362,62,-25,-836,6
13,-225,-39,-155,-375,73,-28,-849,0
15,-228,-43,-165,-387,85,-28,-877,-4
12,-232,-41,-177,-394,93,-25,-888,-3
18,-242,-43,-190,-399,102,-14,-922,-2
21,-243,-40,-204,-405,111,0,-937,1
26,-251,-37,-215,-412,115,30,-952,7
31,-256,-37,-218,-419,117,41,-977,20
35,-259,-30,-216,-428,118,68,-990,37
40,-264,-28,-207,-438,117,78,-1007,54
44,-266,-22,-192,-448,121,90,-1027,64
46,-270,-26,-171,-462,126,95,-1038,69
47,-274,-25,-142,-476,131,98,-1044,60
48,-275,-28,-113,-486,137,101,-1055,45
52,-272,-35,-90,-488,141,116,-1038,27
52,-269,-37,-74,-483,142,120,-1030,10
49,-268,-42,-63,-474,141,107,-1010,-5
49,-261,-47,-56,-465,140,102,-995,-28
47,-254,-52,-59,-456,139,92,-973,-46
42,-251,-53,-66,-450,138,83,-958,-51
43,-247,-51,-74,-448,140,87,-944,-46
44,-242,-52,-81,-448,142,87,-934,-39
47,-245,-49,-87,-444,144,86,-926,-27
44,-244,-39,-89,-435,145,90,-926,-12
53,-240,-34,-84,-417,147,89,-933,12
50,-250,-32,-76,-395,152,95,-939,33
53,-249,-24,-64,-367,156,102,-948,45
49,-253,-26,-52,-335,160,103,-958,56
50,-254,-27,-41,-303,169,105,-976,58
52,-258,-29,-37,-272,183,115,-983,44
53,-259,-30,-44,-249,194,110,-994,30
50,-258,-35,-61,-232,198,107,-988,14
49,-261,-43,-80,-224,197,101,-986,1
50,-256,-42,-97,-223,194,99,-993,-1
49,-257,-41,-110,-226,190,105,-992,-11
55,-260,-39,-114,-231,182,117,-982,-1
57,-260,-42,-110,-229,174,127,-984,2
57,-258,-45,-100,-222,168,128,-980,4
50,-255,-38,-82,-211,162,119,-971,12
52,-254,-37,-63,-198,157,118,-963,14
57,-251,-41,-40,-181,154,127,-955,0
54,-250,-41,-24,-158,150,127,-953,-2
54,-251,-42,-19,-134,141,118,-956,4
57,-255,-37,-23,-109,128,131,-955,8
54,-253,-38,-29,-89,112,127,-963,16
55,-256,-35,-38,-71,105,126,-976,23
54,-257,-34,-35,-53,96,128,-971,25
52,-256,-36,-18,-35,85,116,-974,17
56,-255,-41,3,-18,81,116,-969,-6
48,-249,-48,18,-3,74,100,-953,-21
52,-245,-55,33,9,68,113,-944,-43
55,-245,-59,41,17,61,128,-930,-62
58,-242,-59,46,25,53,137,-924,-71
56,-242,-64,40,27,39,145,-924,-83
52,-247,-65,24,22,25,127,-952,-92
54,-256,-68,-1,5,12,127,-972,-112
62,-271,-79,-37,-14,-3,149,-1018,-155
65,-281,-102,-89,-21,-29,177,-1075,-229
73,-289,-116,-170,-9,-74,195,-1123,-300
75,-303,-125,-276,12,-138,197,-1159,-325
64,-316,-112,-375,20,-212,175,-1188,-296
53,-325,-101,-435,2,-285,140,-1226,-251
43,-338,-95,-435,-39,-347,104,-1286,-219
35,-353,-96,-367,-79,-396,55,-1330,-217
29,-359,-99,-249,-97,-426,20,-1362,-250
21,-362,-117,-107,-76,-442,-21,-1372,-307
10,-362,-129,32,-18,-444,-61,-1355,-372
0,-348,-144,149,59,-435,-119,-1314,-415
-17,-332,-151,239,134,-411,-161,-1275,-439
-24,-323,-149,300,192,-374,-181,-1225,-447
-31,-313,-147,335,236,-323,-200,-1190,-423
-33,-307,-135,348,261,-264,-211,-1163,-386
-34,-301,-124,353,272,-202,-219,-1146,-335
-38,-303,-106,354,266,-141,-225,-1143,-291
-41,-302,-102,350,247,-83,-230,-1155,-243
-42,-305,-88,332,217,-37,-231,-1173,-207
-37,-312,-87,295,179,-4,-219,-1198,-184
-33,-321,-81,234,146,11,-209,-1241,-174
-35,-335,-79,148,116,7,-206,-1309,-157
-35,-356,-77,46,85,-20,-218,-1369,-149
-41,-371,-72,-65,52,-63,-226,-1433,-128
-41,-394,-65,-167,12,-121,-235,-1525,-107
-42,-418,-57,-250,-34,-201,-233,-1611,-78
-38,-433,-58,-294,-85,-291,-223,-1667,-74
-33,-444,-56,-292,-128,-375,-193,-1694,-63
-21,-443,-56,-236,-164,-443,-168,-1688,-71
-7,-426,-63,-134,-176,-470,-116,-1646,-74
2,-413,-70,2,-170,-449,-69,-1587,-105
9,-395,-70,146,-159,-414,-47,-1502,-130
13,-366,-82,275,-154,-376,-39,-1403,-164
14,-342,-85,385,-158,-324,-31,-1302,-186
15,-315,-93,466,-174,-264,-30,-1196,-212
17,-290,-98,508,-200,-198,-27,-1108,-223
16,-261,-94,517,-226,-122,-11,-1012,-233
20,-234,-92,499,-245,-38,-4,-918,-231
24,-212,-97,463,-259,59,5,-808,-219
25,-196,-97,419,-265,158,19,-734,-211
31,-183,-93,361,-270,253,52,-684,-221
38,-172,-96,284,-277,335,65,-653,-233
42,-167,-99,188,-285,404,82,-641,-243
46,-169,-104,67,-291,448,102,-657,-244
53,-178,-102,-70,-295,469,114,-697,-239
57,-195,-95,-211,-298,472,123,-752,-229
55,-213,-92,-348,-297,459,130,-838,-216
58,-236,-91,-480,-293,428,127,-923,-209
47,-250,-87,-584,-281,376,84,-971,-198
35,-263,-86,-633,-253,322,56,-1000,-184
28,-273,-84,-612,-208,275,10,-1030,-172
14,-279,-77,-527,-158,237,-21,-1043,-153
8,-278,-79,-410,-113,197,-50,-1053,-147
6,-266,-85,-279,-73,155,-68,-1034,-140
1,-267,-71,-154,-37,109,-83,-1008,-137
-5,-258,-75,-38,-5,61,-107,-970,-129
-9,-249,-71,72,22,30,-116,-950,-130
-7,-238,-67,156,31,6,-119,-909,-119
-13,-226,-69,206,14,-22,-123,-856,-111
-12,-211,-67,222,-18,-48,-128,-814,-109
-14,-201,-72,203,-56,-63,-134,-785,-121
-10,-198,-69,153,-93,-66,-131,-760,-123
-5,-198,-70,80,-126,-68,-116,-758,-123
-2,-195,-74,-4,-155,-70,-94,-747,-123
1,-197,-71,-82,-178,-66,-79,-752,-123
6,-202,-70,-148,-198,-62,-59,-776,-124
8,-210,-68,-205,-211,-57,-40,-791,-116
14,-218,-71,-251,-218,-54,-25,-815,-114
17,-222,-68,-286,-217,-53,-18,-850,-111
15,-236,-72,-302,-213,-55,-16,-878,-125
18,-248,-77,-302,-209,-55,-19,-921,-139
15,-253,-76,-301,-204,-56,-19,-951,-142
19,-258,-75,-298,-198,-59,-20,-975,-136
15,-259,-76,-288,-195,-65,-19,-986,-136
13,-264,-75,-270,-191,-69,-27,-1004,-129
11,-265,-72,-250,-190,-72,-30,-1013,-131
16,-271,-65,-228,-187,-73,-34,-1021,-116
12,-270,-71,-203,-182,-74,-31,-1022,-109
13,-267,-64,-174,-171,-77,-28,-1014,-94
17,-267,-63,-138,-156,-77,-25,-1012,-88
17,-263,-64,-100,-137,-78,-10,-1004,-79
25,-260,-62,-60,-117,-77,2,-995,-87
26,-259,-61,-28,-95,-77,13,-980,-84
30,-256,-61,-6,-78,-76,34,-970,-88
32,-253,-65,4,-63,-77,46,-966,-94
36,-252,-65,-2,-52,-79,54,-965,-102
38,-253,-64,-13,-42,-84,64,-965,-98
39,-254,-67,-32,-33,-92,72,-966,-94
46,-256,-66,-53,-21,-104,73,-974,-97
38,-257,-66,-71,-9,-116,76,-981,-97
45,-262,-63,-85,7,-133,73,-995,-94
38,-262,-66,-95,24,-148,64,-998,-93
37,-265,-65,-99,42,-164,59,-1010,-92
32,-265,-62,-101,64,-179,47,-1012,-89
30,-265,-64,-100,82,-192,31,-1018,-92
26,-264,-67,-99,100,-203,12,-1001,-96
17,-258,-67,-97,117,-210,-4,-989,-110
15,-253,-71,-94,131,-215,-19,-968,-126
12,-245,-72,-93,147,-215,-30,-939,-138
16,-240,-81,-95,163,-209,-34,-915,-166
11,-231,-84,-104,180,-199,-38,-888,-182
12,-224,-89,-119,195,-186,-39,-861,-196
13,-220,-94,-140,211,-170,-26,-839,-204
19,-222,-95,-161,228,-156,-15,-828,-214
22,-217,-92,-177,246,-145,3,-829,-213
27,-222,-92,-191,262,-140,21,-830,-190
29,-223,-83,-201,275,-136,30,-844,-172
32,-229,-76,-197,283,-136,37,-864,-133
32,-232,-69,-183,289,-137,37,-881,-115
29,-236,-65,-157,293,-142,30,-893,-91
29,-238,-56,-121,293,-151,25,-912,-73
24,-241,-58,-83,287,-163,10,-911,-66
17,-238,-56,-45,278,-179,-4,-906,-66
14,-238,-62,-9,262,-198,-24,-888,-74
10,-228,-64,16,243,-217,-38,-872,-78
4,-223,-62,34,229,-232,-59,-846,-94
2,-216,-68,43,219,-245,-73,-823,-105
-1,-212,-69,42,211,-254,-88,-806,-113
-6,-205,-71,32,207,-258,-100,-791,-121
-4,-204,-71,20,207,-254,-103,-777,-124
0,-201,-70,6,212,-247,-98,-771,-120
0,-199,-68,-8,219,-237,-92,-758,-112
2,-202,-67,-17,228,-225,-75,-763,-111
7,-205,-66,-25,235,-211,-54,-776,-94
13,-207,-63,-31,243,-201,-41,-786,-79
17,-210,-56,-38,245,-197,-16,-803,-58
17,-214,-49,-45,241,-195,-12,-816,-30
20,-221,-42,-51,230,-187,5,-844,0
27,-230,-35,-43,213,-180,32,-866,26
33,-234,-31,-30,192,-178,51,-889,37
42,-241,-27,-13,173,-184,72,-902,49
44,-235,-23,9,160,-195,90,-912,61
53,-241,-26,36,154,-211,113,-910,52
58,-238,-26,61,157,-226,138,-908,56
64,-240,-26,81,168,-245,158,-903,55
63,-239,-28,89,184,-266,167,-904,52
66,-235,-33,89,200,-287,172,-897,46
63,-237,-33,79,210,-307,169,-884,39
61,-232,-32,60,214,-319,163,-886,41
61,-233,-34,34,213,-328,148,-886,33
61,-231,-35,6,213,-332,133,-890,37
52,-235,-30,-24,216,-335,118,-906,47
49,-242,-28,-51,226,-332,95,-920,52
43,-245,-20,-72,244,-327,79,-934,63
38,-252,-19,-86,269,-320,61,-951,72
33,-254,-16,-93,302,-314,36,-958,91
27,-256,-14,-93,337,-304,21,-982,96
23,-258,-19,-84,369,-295,1,-983,99
19,-257,-15,-77,392,-286,-13,-989,94
13,-262,-19,-65,403,-278,-18,-995,92
10,-260,-17,-59,399,-272,-30,-992,87
7,-259,-20,-51,384,-267,-47,-994,83
5,-258,-21,-49,357,-261,-57,-985,74
3,-257,-25,-51,319,-251,-58,-989,65
4,-256,-27,-59,274,-240,-61,-980,58
4,-256,-32,-73,222,-229,-62,-982,39
2,-254,-34,-88,169,-216,-65,-971,23
9,-254,-39,-103,112,-196,-50,-967,8
17,-253,-44,-114,50,-183,-22,-964,-5
20,-254,-46,-118,-8,-175,-1,-956,-18
26,-253,-43,-114,-62,-169,13,-956,-18
28,-252,-45,-101,-113,-161,37,-958,-12
32,-253,-38,-75,-158,-156,58,-954,-4
35,-253,-36,-36,-193,-154,66,-958,11
39,-255,-35,12,-218,-155,69,-959,23
37,-249,-33,67,-229,-158,74,-955,32
42,-251,-34,125,-230,-162,79,-953,41
40,-250,-30,177,-225,-168,76,-946,39
38,-249,-34,225,-216,-177,67,-938,34
38,-243,-33,263,-209,-184,57,-928,34
32,-237,-32,293,-202,-193,46,-914,40
29,-236,-33,310,-196,-200,27,-895,33
28,-231,-38,318,-188,-207,22,-871,28
28,-227,-43,310,-169,-208,26,-869,7
33,-231,-48,277,-139,-202,34,-897,-26
26,-238,-56,213,-92,-183,14,-928,-40
13,-250,-61,122,-41,-150,-31,-971,-81
6,-256,-72,5,-9,-111,-60,-1015,-145
6,-273,-95,-136,-2,-63,-55,-1068,-210
16,-288,-107,-283,-1,-1,-24,-1120,-272
34,-308,-118,-406,13,70,46,-1185,-312
53,-327,-122,-488,43,137,110,-1257,-325
64,-344,-121,-528,77,186,177,-1319,-331
72,-356,-125,-528,85,220,206,-1362,-341
80,-364,-132,-494,49,240,238,-1388,-374
84,-370,-139,-434,-24,258,268,-1400,-416
92,-368,-150,-353,-117,270,285,-1387,-443
103,-366,-148,-258,-204,271,313,-1366,-441
114,-358,-144,-145,-265,257,344,-1344,-432
121,-346,-134,-6,-290,224,385,-1308,-392
133,-340,-122,164,-277,168,427,-1271,-336
149,-333,-111,364,-225,100,465,-1233,-286
159,-325,-101,572,-142,31,500,-1206,-248
161,-319,-98,756,-40,-27,517,-1189,-241
157,-313,-101,887,66,-73,509,-1171,-254
153,-308,-105,948,168,-100,482,-1163,-273
150,-299,-113,944,260,-109,473,-1158,-292
138,-300,-114,875,342,-96,452,-1173,-304
133,-308,-113,746,413,-59,426,-1198,-296
123,-316,-110,576,462,1,382,-1235,-278
101,-330,-97,381,487,87,316,-1288,-235
76,-343,-86,179,475,200,235,-1348,-195
53,-362,-73,-10,428,329,150,-1408,-147
36,-380,-69,-176,359,464,63,-1459,-106
21,-390,-56,-308,281,590,18,-1507,-69
19,-398,-46,-400,206,694,4,-1534,-32
23,-404,-38,-437,135,753,10,-1541,17
27,-397,-30,-412,69,753,30,-1519,32
30,-388,-28,-327,14,699,43,-1469,45
37,-376,-33,-201,-30,612,61,-1415,31
36,-363,-41,-60,-57,507,67,-1353,-12
43,-342,-51,71,-67,391,73,-1288,-52
43,-324,-62,182,-58,264,82,-1203,-79
49,-303,-69,274,-35,136,90,-1127,-116
47,-276,-75,334,-2,11,91,-1051,-140
49,-256,-77,371,31,-109,97,-972,-158
50,-236,-82,386,66,-226,94,-891,-166
46,-216,-84,388,99,-333,80,-814,-179
40,-202,-84,373,129,-423,65,-755,-181
33,-186,-86,338,156,-492,46,-703,-188
27,-177,-88,276,178,-535,16,-668,-203
14,-169,-93,183,193,-553,-12,-649,-209
7,-167,-90,63,197,-545,-35,-647,-209
3,-169,-94,-84,186,-509,-59,-663,-211
2,-183,-90,-252,156,-444,-63,-699,-193
0,-194,-84,-420,108,-361,-70,-754,-173
-1,-214,-70,-577,35,-262,-65,-818,-144
-1,-228,-58,-692,-57,-156,-54,-876,-108
6,-246,-63,-750,-164,-56,-38,-936,-94
10,-263,-60,-756,-280,29,-27,-980,-89
16,-271,-66,-719,-395,92,-6,-1019,-90
25,-281,-64,-646,-493,143,15,-1055,-97
35,-284,-64,-555,-569,175,37,-1075,-109
35,-280,-67,-453,-628,185,57,-1071,-117
43,-271,-75,-338,-664,172,82,-1026,-127
44,-261,-80,-216,-686,144,90,-993,-143
44,-254,-81,-104,-701,106,89,-967,-167
47,-245,-83,-12,-711,64,88,-932,-175
46,-237,-85,52,-715,22,92,-903,-185
46,-225,-88,84,-705,-12,91,-868,-181
49,-221,-82,88,-688,-41,88,-844,-166
49,-223,-74,64,-665,-66,100,-840,-148
48,-223,-69,23,-640,-91,100,-854,-121
45,-223,-65,-16,-618,-106,100,-857,-106
51,-231,-64,-44,-602,-110,104,-873,-86
46,-234,-62,-53,-596,-109,101,-888,-81
47,-239,-59,-52,-599,-101,108,-914,-78
48,-240,-60,-52,-608,-89,108,-923,-82
52,-246,-60,-56,-622,-68,119,-939,-87
53,-249,-65,-66,-636,-43,130,-947,-96
57,-249,-71,-78,-651,-16,139,-952,-116
61,-252,-70,-96,-661,11,153,-957,-121
63,-252,-71,-110,-663,40,158,-963,-132
64,-254,-74,-117,-662,64,168,-972,-131
66,-258,-77,-121,-654,77,171,-978,-134
65,-259,-73,-121,-641,83,171,-991,-132
64,-262,-72,-113,-623,86,165,-991,-124
62,-261,-69,-94,-603,84,153,-996,-118
64,-263,-67,-71,-583,79,149,-1000,-112
58,-265,-67,-44,-565,75,145,-998,-104
57,-263,-67,-14,-548,71,136,-1003,-108
54,-263,-63,15,-537,66,120,-998,-99
51,-263,-65,44,-531,61,105,-994,-93
44,-259,-63,70,-530,57,87,-993,-87
39,-259,-63,95,-534,59,71,-988,-80
36,-257,-63,118,-540,64,58,-986,-84
31,-255,-59,138,-547,71,45,-968,-88
28,-254,-63,150,-554,80,32,-963,-87
28,-250,-63,160,-560,84,26,-944,-92
24,-241,-65,167,-568,86,19,-924,-96
20,-235,-66,170,-580,84,8,-892,-102
23,-229,-70,172,-598,79,10,-870,-106
24,-225,-67,174,-613,73,13,-847,-118
25,-219,-65,171,-626,68,16,-833,-126
27,-214,-72,163,-632,64,22,-818,-129
29,-210,-74,148,-634,60,29,-807,-135
30,-209,-72,128,-633,58,39,-797,-134
37,-205,-74,108,-630,59,60,-792,-135
43,-206,-73,88,-621,61,82,-798,-128
50,-210,-70,67,-610,64,104,-794,-118
53,-206,-70,47,-604,72,135,-802,-117
62,-212,-67,30,-596,80,157,-809,-104
66,-217,-66,15,-589,91,185,-816,-104
71,-216,-67,0,-582,101,196,-814,-98
75,-215,-65,-16,-576,111,205,-815,-91
78,-212,-63,-29,-568,119,215,-816,-89
76,-216,-64,-40,-559,125,216,-807,-91
77,-211,-62,-51,-549,132,214,-796,-76
76,-211,-65,-64,-536,132,203,-797,-81
73,-208,-66,-75,-518,128,200,-789,-94
66,-205,-69,-86,-497,122,180,-788,-108
66,-206,-66,-98,-473,112,169,-777,-97
61,-206,-65,-104,-449,101,153,-776,-90
52,-206,-59,-99,-435,91,128,-786,-82
50,-211,-56,-87,-433,88,101,-793,-76
45,-214,-56,-70,-437,91,93,-805,-74
40,-214,-62,-52,-444,96,70,-818,-74
36,-218,-58,-36,-442,104,56,-826,-61
34,-221,-53,-22,-434,118,50,-835,-50
32,-223,-56,-7,-421,137,48,-850,-32
33,-228,-44,11,-406,154,50,-864,-14
33,-227,-37,32,-393,174,48,-879,9
35,-235,-35,54,-384,193,49,-890,27
35,-237,-28,79,-378,209,56,-901,46
37,-237,-23,102,-372,231,62,-916,56
42,-243,-25,125,-367,248,75,-916,61
41,-238,-25,143,-361,261,83,-918,65
47,-240,-27,157,-354,270,89,-914,61
51,-240,-25,159,-343,276,99,-913,51
55,-239,-33,150,-327,278,112,-910,47
54,-239,-34,124,-306,280,119,-918,37
53,-237,-35,87,-284,281,124,-923,29
59,-242,-41,41,-261,288,133,-928,20
55,-243,-39,-13,-244,303,129,-934,7
52,-262,-31,-70,-231,317,120,-945,-4
50,-249,-51,-131,-225,332,112,-956,-38
44,-252,-57,-194,-220,348,91,-958,-63
43,-255,-59,-250,-216,363,79,-963,-78
38,-253,-64,-294,-211,378,81,-961,-84
44,-251,-58,-322,-204,390,84,-964,-79
49,-255,-63,-332,-193,391,105,-969,-76
58,-258,-57,-328,-171,382,134,-988,-62
66,-261,-52,-314,-141,358,159,-997,-43
72,-266,-47,-293,-109,324,184,-1004,-25
74,-275,-39,-269,-77,287,199,-1042,-14
78,-279,-36,-248,-47,258,216,-1073,4
80,-291,-39,-225,-23,231,224,-1100,11
83,-295,-38,-201,1,202,235,-1123,2
77,-300,-44,-172,24,176,221,-1138,-15
76,-299,-48,-143,49,158,207,-1148,-31
73,-301,-53,-112,75,147,195,-1140,-57
69,-300,-62,-82,102,145,183,-1131,-79
71,-297,-65,-50,133,141,178,-1121,-95
65,-291,-65,-23,167,140,168,-1107,-103
68,-288,-70,-2,200,143,169,-1100,-117
70,-290,-70,11,234,150,177,-1104,-121
67,-296,-69,11,267,158,179,-1127,-124
68,-307,-75,-7,298,157,182,-1170,-130
69,-320,-83,-42,328,144,196,-1227,-171
76,-339,-96,-106,357,109,210,-1304,-216
74,-356,-104,-203,377,50,208,-1365,-252
65,-366,-91,-316,376,-22,182,-1410,-232
53,-379,-79,-404,341,-96,123,-1441,-172
35,-382,-69,-433,283,-162,67,-1459,-123
19,-384,-65,-388,231,-203,-16,-1447,-111
4,-381,-73,-274,213,-205,-76,-1426,-133
-7,-366,-83,-111,231,-177,-129,-1374,-178
-13,-346,-98,73,282,-130,-157,-1302,-235
-22,-320,-107,248,343,-75,-179,-1199,-279
-22,-293,-118,387,390,-15,-182,-1110,-306
-24,-266,-120,482,409,46,-166,-1017,-309
-15,-246,-116,532,394,102,-132,-937,-306
-4,-225,-117,538,356,149,-87,-868,-306
12,-213,-115,503,308,184,-39,-812,-299
20,-203,-114,432,267,211,-1,-779,-300
30,-195,-114,326,240,221,37,-764,-297
39,-194,-110,181,224,213,73,-758,-278
49,-201,-103,4,209,185,99,-788,-265
53,-216,-99,-183,195,140,131,-824,-243
56,-229,-89,-363,176,89,149,-890,-215
67,-254,-83,-513,154,33,168,-964,-191
66,-272,-83,-621,137,-19,180,-1049,-184
68,-296,-86,-683,133,-71,181,-1119,-183
64,-313,-83,-702,147,-124,162,-1190,-183
57,-331,-87,-674,173,-173,133,-1244,-193
43,-337,-87,-613,206,-215,84,-1288,-201
31,-346,-91,-523,238,-248,38,-1312,-204
20,-352,-93,-415,260,-263,-16,-1322,-213
5,-349,-94,-297,274,-265,-62,-1333,-222
-8,-352,-94,-182,273,-258,-109,-1340,-230
-21,-355,-97,-83,261,-244,-165,-1349,-229
-34,-354,-98,-3,244,-219,-211,-1350,-241
-41,-354,-99,52,225,-185,-258,-1351,-246
-53,-347,-101,84,205,-141,-283,-1341,-246
-57,-345,-99,99,187,-95,-301,-1323,-237
-56,-338,-97,105,162,-52,-290,-1298,-225
-46,-329,-95,108,133,-15,-265,-1259,-215
-35,-316,-96,112,105,14,-224,-1194,-209
-25,-303,-89,115,88,35,-186,-1155,-212
-16,-292,-92,111,75,48,-156,-1104,-210
-15,-277,-95,100,67,53,-137,-1056,-213
-10,-264,-94,84,60,52,-111,-1006,-219
0,-252,-96,62,52,48,-84,-961,-220
6,-245,-94,35,39,43,-58,-927,-229
5,-236,-97,2,22,42,-40,-892,-219
16,-228,-93,-30,4,49,-30,-865,-215
16,-224,-90,-59,-17,59,-16,-842,-199
20,-215,-87,-79,-36,73,-10,-821,-185
23,-218,-86,-91,-53,88,-6,-817,-176
15,-215,-81,-104,-69,104,-14,-822,-170
15,-220,-82,-123,-82,119,-29,-837,-167
12,-225,-81,-159,-90,135,-36,-862,-167
6,-232,-79,-210,-100,148,-42,-893,-160
7,-246,-77,-274,-109,159,-52,-930,-150
2,-252,-77,-331,-120,161,-56,-959,-138
2,-256,-71,-367,-132,159,-67,-976,-129
0,-259,-72,-376,-142,153,-70,-996,-125
2,-265,-71,-358,-149,145,-70,-998,-117
3,-264,-75,-323,-150,132,-74,-1000,-122
5,-261,-69,-281,-148,116,-63,-996,-129
5,-265,-58,-241,-145,96,-57,-985,-133
9,-253,-81,-207,-137,74,-46,-961,-137
12,-248,-75,-189,-127,49,-38,-948,-142
16,-247,-82,-179,-113,27,-31,-928,-166
14,-239,-90,-176,-98,5,-21,-918,-182
16,-235,-88,-186,-83,-11,-23,-911,-197
17,-239,-94,-208,-73,-25,-16,-907,-201
17,-242,-87,-240,-68,-38,-25,-912,-207
11,-246,-90,-272,-71,-50,-24,-928,-205
13,-250,-92,-302,-79,-58,-32,-950,-202
12,-256,-87,-327,-89,-64,-34,-967,-198
9,-257,-91,-345,-95,-63,-43,-996,-193
9,-268,-86,-354,-101,-61,-50,-1014,-187
7,-270,-84,-353,-106,-55,-54,-1030,-187
6,-272,-84,-343,-111,-50,-54,-1042,-179
5,-275,-87,-325,-114,-43,-57,-1045,-188
4,-276,-87,-305,-118,-36,-55,-1051,-189
7,-274,-89,-279,-124,-32,-55,-1039,-198
7,-274,-95,-258,-128,-28,-61,-1040,-206
5,-273,-95,-237,-132,-23,-54,-1031,-212
8,-269,-91,-220,-136,-18,-51,-1027,-221
9,-268,-93,-210,-138,-16,-51,-1017,-222
11,-267,-95,-199,-139,-13,-52,-1006,-224
9,-265,-94,-194,-139,-10,-44,-1002,-216
10,-261,-94,-188,-141,-8,-41,-997,-208
7,-262,-87,-179,-146,-5,-42,-999,-206
10,-262,-89,-172,-151,-2,-40,-999,-198
11,-261,-87,-166,-158,2,-41,-1004,-193
12,-262,-84,-166,-164,5,-42,-1003,-187
12,-262,-85,-164,-169,8,-40,-996,-182
11,-262,-84,-164,-173,11,-33,-997,-179
13,-262,-86,-167,-174,13,-31,-999,-177
16,-262,-85,-168,-174,14,-25,-997,-177
18,-259,-84,-169,-173,16,-21,-991,-174
19,-259,-85,-173,-170,17,-13,-994,-174
17,-260,-78,-172,-167,19,-3,-997,-169
21,-260,-84,-173,-163,19,2,-993,-171
23,-260,-84,-172,-157,18,4,-998,-166
21,-262,-83,-171,-150,18,1,-994,-168
21,-260,-77,-168,-143,17,3,-997,-169
20,-259,-80,-168,-133,13,8,-995,-166
19,-259,-75,-169,-120,9,3,-988,-163
21,-256,-80,-169,-109,5,-2,-988,-164
20,-257,-81,-173,-98,2,-6,-986,-163
15,-254,-83,-174,-89,-2,-14,-974,-164
20,-254,-84,-175,-81,-5,-22,-970,-171
15,-256,-86,-173,-71,-8,-34,-966,-173
9,-253,-86,-174,-63,-10,-45,-958,-180
8,-250,-83,-174,-59,-14,-49,-955,-182
2,-247,-84,-176,-60,-16,-59,-946,-187
1,-244,-84,-180,-63,-17,-65,-941,-191
3,-246,-85,-186,-69,-20,-69,-937,-185
3,-247,-85,-193,-76,-23,-68,-940,-185
5,-249,-87,-201,-82,-25,-71,-945,-180
2,-250,-85,-210,-86,-30,-67,-947,-178
6,-252,-81,-218,-86,-36,-62,-957,-174
7,-257,-84,-227,-85,-40,-53,-965,-173
8,-254,-82,-237,-82,-45,-46,-982,-175
13,-258,-84,-247,-77,-50,-36,-988,-176
15,-258,-86,-257,-71,-56,-29,-994,-184
13,-258,-85,-265,-65,-59,-23,-994,-192
17,-261,-86,-273,-58,-60,-7,-998,-194
17,-263,-86,-278,-50,-62,-3,-997,-197
21,-261,-90,-281,-41,-62,1,-1004,-206
22,-263,-93,-279,-33,-62,4,-996,-211
22,-262,-94,-276,-27,-62,-2,-1000,-213
23,-263,-94,-269,-23,-58,8,-1000,-212
22,-262,-94,-260,-22,-55,5,-1003,-219
17,-261,-95,-252,-23,-52,2,-1005,-217
23,-264,-95,-243,-25,-50,3,-1005,-221
21,-267,-96,-235,-27,-47,-1,-1010,-216
20,-265,-93,-222,-28,-43,-2,-1011,-216
19,-267,-93,-208,-28,-39,4,-1013,-213
24,-263,-90,-188,-25,-36,0,-1008,-208
24,-267,-88,-167,-20,-34,3,-1009,-201
