,accelerometerAccelerationX(G),accelerometerAccelerationY(G),accelerometerAccelerationZ(G)
0,-0.05078125,-0.970703125,0.1484375
1,-0.0517578125,-0.97265625,0.14453125
2,-0.0517578125,-0.9775390625,0.1455078125
3,-0.048828125,-0.9755859375,0.1484375
4,-0.0498046875,-0.986328125,0.146484375
5,-0.0478515625,-0.986328125,0.1455078125
6,-0.044921875,-0.9921875,0.1474609375
7,-0.046875,-0.9892578125,0.1455078125
8,-0.0458984375,-0.9931640625,0.1455078125
9,-0.04296875,-0.9814453125,0.1455078125
10,-0.046875,-0.978515625,0.1396484375
11,-0.0498046875,-0.986328125,0.1396484375
12,-0.05859375,-0.9833984375,0.1376953125
13,-0.056640625,-0.98046875,0.12890625
14,-0.060546875,-0.98046875,0.1318359375
15,-0.0556640625,-0.9765625,0.1279296875
16,-0.064453125,-0.9736328125,0.1220703125
17,-0.0703125,-0.9814453125,0.1376953125
18,-0.072265625,-0.978515625,0.142578125
19,-0.0791015625,-0.98046875,0.15625
20,-0.0791015625,-0.9873046875,0.1552734375
21,-0.08203125,-0.9873046875,0.158203125
22,-0.0810546875,-0.9970703125,0.162109375
23,-0.068359375,-1.0009765625,0.1669921875
24,-0.064453125,-1.0126953125,0.166015625
25,-0.060546875,-1.025390625,0.1748046875
26,-0.056640625,-1.0322265625,0.1708984375
27,-0.05078125,-1.0390625,0.1669921875
28,-0.04296875,-1.0302734375,0.1689453125
29,-0.0341796875,-1.029296875,0.1630859375
30,-0.0361328125,-1.0263671875,0.1591796875
31,-0.025390625,-1.0107421875,0.1513671875
32,-0.013671875,-0.9921875,0.14453125
33,-0.017578125,-0.986328125,0.1337890625
34,-0.015625,-0.974609375,0.1259765625
35,-0.017578125,-0.96875,0.1220703125
36,-0.0224609375,-0.9599609375,0.115234375
37,-0.0234375,-0.9599609375,0.12109375
38,-0.0224609375,-0.9580078125,0.12109375
39,-0.025390625,-0.95703125,0.123046875
40,-0.01953125,-0.9609375,0.1259765625
41,-0.0205078125,-0.958984375,0.1357421875
42,-0.017578125,-0.9677734375,0.1416015625
43,-0.017578125,-0.9716796875,0.14453125
44,-0.0087890625,-0.9765625,0.15234375
45,0.00390625,-0.9765625,0.1591796875
46,0.017578125,-0.9833984375,0.15234375
47,0.021484375,-0.9765625,0.1435546875
48,0.029296875,-0.9814453125,0.138671875
49,0.033203125,-0.9814453125,0.1435546875
50,0.0341796875,-0.98828125,0.14453125
51,0.0390625,-0.990234375,0.1474609375
52,0.041015625,-0.9921875,0.1552734375
53,0.0380859375,-0.994140625,0.1669921875
54,0.033203125,-0.9912109375,0.1884765625
55,0.029296875,-0.98046875,0.20703125
56,0.0302734375,-0.970703125,0.2353515625
57,0.0224609375,-0.96875,0.248046875
58,0.0244140625,-0.9697265625,0.2548828125
59,0.025390625,-0.970703125,0.2568359375
60,0.021484375,-0.974609375,0.2646484375
61,0.029296875,-0.978515625,0.2734375
62,0.0302734375,-0.9892578125,0.275390625
63,0.029296875,-0.9951171875,0.287109375
64,0.025390625,-1.009765625,0.2880859375
65,0.017578125,-0.9970703125,0.3046875
66,0.01953125,-1.001953125,0.3076171875
67,0.013671875,-1.00390625,0.3056640625
68,0.015625,-0.9990234375,0.30859375
69,0.0244140625,-0.9951171875,0.3154296875
70,0.037109375,-0.9853515625,0.2958984375
71,0.056640625,-0.99609375,0.2490234375
72,0.0419921875,-0.9892578125,0.2236328125
73,0.0498046875,-0.99609375,0.2060546875
74,0.0400390625,-1.0029296875,0.212890625
75,0.037109375,-1.013671875,0.2177734375
76,0.03515625,-1.0341796875,0.224609375
77,0.04296875,-1.0498046875,0.236328125
78,0.046875,-1.0546875,0.2578125
79,0.0400390625,-1.05078125,0.2724609375
80,0.05078125,-1.0400390625,0.2802734375
81,0.0419921875,-1.02734375,0.283203125
82,0.05859375,-1.001953125,0.2822265625
83,0.0556640625,-0.9775390625,0.2763671875
84,0.0546875,-0.9521484375,0.255859375
85,0.078125,-0.953125,0.2216796875
86,0.083984375,-0.9404296875,0.2001953125
87,0.08203125,-0.9306640625,0.208984375
88,0.0888671875,-0.91796875,0.2138671875
89,0.080078125,-0.91015625,0.2216796875
90,0.0791015625,-0.9091796875,0.2119140625
91,0.083984375,-0.908203125,0.2060546875
92,0.083984375,-0.904296875,0.2001953125
93,0.0849609375,-0.91015625,0.2099609375
94,0.0771484375,-0.9052734375,0.212890625
95,0.076171875,-0.904296875,0.21875
96,0.0703125,-0.9033203125,0.22265625
97,0.0654296875,-0.8994140625,0.2353515625
98,0.060546875,-0.9052734375,0.23828125
99,0.05859375,-0.9033203125,0.2392578125
100,0.0537109375,-0.908203125,0.236328125
101,0.0498046875,-0.912109375,0.23046875
102,0.0498046875,-0.90625,0.232421875
103,0.0439453125,-0.91015625,0.2158203125
104,0.0498046875,-0.9111328125,0.21875
105,0.048828125,-0.91015625,0.2119140625
106,0.0517578125,-0.9140625,0.21484375
107,0.052734375,-0.9091796875,0.2177734375
108,0.05078125,-0.9130859375,0.2158203125
109,0.056640625,-0.912109375,0.2265625
110,0.05859375,-0.9111328125,0.2333984375
111,0.0576171875,-0.908203125,0.2392578125
112,0.0576171875,-0.9130859375,0.2509765625
113,0.056640625,-0.9111328125,0.2578125
114,0.052734375,-0.9140625,0.263671875
115,0.052734375,-0.9130859375,0.2626953125
116,0.0439453125,-0.912109375,0.255859375
117,0.048828125,-0.9130859375,0.2578125
118,0.05078125,-0.9140625,0.2568359375
119,0.0576171875,-0.9150390625,0.2626953125
120,0.0595703125,-0.9189453125,0.2568359375
121,0.05859375,-0.9189453125,0.267578125
122,0.064453125,-0.9111328125,0.2685546875
123,0.060546875,-0.9150390625,0.265625
124,0.0576171875,-0.908203125,0.2685546875
125,0.056640625,-0.9130859375,0.2626953125
126,0.0546875,-0.9091796875,0.2734375
127,0.056640625,-0.908203125,0.28515625
128,0.0576171875,-0.91796875,0.2919921875
129,0.0576171875,-0.921875,0.29296875
130,0.048828125,-0.9208984375,0.294921875
131,0.04296875,-0.9228515625,0.298828125
132,0.03125,-0.9267578125,0.2919921875
133,0.033203125,-0.9287109375,0.2841796875
134,0.0322265625,-0.9296875,0.275390625
135,0.0361328125,-0.9384765625,0.2734375
136,0.0380859375,-0.9326171875,0.2744140625
137,0.037109375,-0.9375,0.2724609375
138,0.046875,-0.9404296875,0.283203125
139,0.05859375,-0.94140625,0.2861328125
140,0.05859375,-0.95703125,0.271484375
141,0.064453125,-0.9560546875,0.2724609375
142,0.068359375,-0.962890625,0.267578125
143,0.0654296875,-0.9765625,0.265625
144,0.0703125,-0.9873046875,0.25390625
145,0.0673828125,-0.9912109375,0.2587890625
146,0.0615234375,-0.998046875,0.25390625
147,0.0625,-0.9990234375,0.275390625
148,0.0625,-0.9990234375,0.28515625
149,0.0615234375,-0.9892578125,0.294921875
150,0.05859375,-0.9853515625,0.294921875
151,0.0634765625,-0.982421875,0.298828125
152,0.072265625,-0.974609375,0.3232421875
153,0.0771484375,-0.9765625,0.32421875
154,0.0810546875,-0.9794921875,0.3251953125
155,0.0869140625,-0.9931640625,0.318359375
156,0.109375,-0.9931640625,0.3173828125
157,0.1318359375,-0.990234375,0.318359375
158,0.150390625,-0.998046875,0.3037109375
159,0.1806640625,-1.001953125,0.291015625
160,0.2197265625,-1.0078125,0.267578125
161,0.2587890625,-1.03515625,0.2138671875
162,0.2919921875,-1.0673828125,0.1630859375
163,0.3203125,-1.1123046875,0.126953125
164,0.3603515625,-1.1669921875,0.1064453125
165,0.375,-1.2197265625,0.125
166,0.3916015625,-1.27734375,0.16015625
167,0.38671875,-1.326171875,0.1904296875
168,0.3525390625,-1.337890625,0.2470703125
169,0.2958984375,-1.3369140625,0.314453125
170,0.23828125,-1.306640625,0.3759765625
171,0.1748046875,-1.2744140625,0.4052734375
172,0.1357421875,-1.2421875,0.416015625
173,0.123046875,-1.1845703125,0.400390625
174,0.10546875,-1.1484375,0.3798828125
175,0.0947265625,-1.1064453125,0.361328125
176,0.07421875,-1.07421875,0.3310546875
177,0.0693359375,-1.05859375,0.296875
178,0.0751953125,-1.0439453125,0.279296875
179,0.07421875,-1.0244140625,0.2783203125
180,0.0732421875,-1.009765625,0.2666015625
181,0.0673828125,-1.001953125,0.259765625
182,0.072265625,-1.0,0.255859375
183,0.0908203125,-0.9921875,0.244140625
184,0.125,-0.98828125,0.2216796875
185,0.1611328125,-0.9931640625,0.1982421875
186,0.20703125,-0.9970703125,0.15234375
187,0.2236328125,-0.994140625,0.123046875
188,0.2353515625,-0.9951171875,0.0927734375
189,0.2275390625,-1.009765625,0.0439453125
190,0.208984375,-1.0263671875,0.0078125
191,0.189453125,-1.033203125,-0.0185546875
192,0.1689453125,-1.044921875,-0.041015625
193,0.1416015625,-1.048828125,-0.0703125
194,0.125,-1.0595703125,-0.08984375
195,0.0986328125,-1.0751953125,-0.109375
196,0.0703125,-1.07421875,-0.1220703125
197,0.0302734375,-1.0654296875,-0.12109375
198,0.001953125,-1.05859375,-0.1171875
199,-0.0302734375,-1.0419921875,-0.0966796875
200,-0.0537109375,-1.021484375,-0.0712890625
201,-0.0703125,-0.9931640625,-0.06640625
202,-0.080078125,-0.982421875,-0.0498046875
203,-0.0712890625,-0.9814453125,-0.0498046875
204,-0.0546875,-0.994140625,-0.0380859375
205,-0.033203125,-1.0029296875,-0.0224609375
206,-0.017578125,-1.0087890625,-0.009765625
207,-0.0078125,-1.021484375,-0.0078125
208,-0.0029296875,-1.02734375,-0.017578125
209,-0.00390625,-1.0498046875,-0.03125
210,-0.005859375,-1.0595703125,-0.0380859375
211,-0.00390625,-1.0673828125,-0.0263671875
212,0.0009765625,-1.0546875,-0.009765625
213,0.00390625,-1.05078125,-0.0078125
214,0.0068359375,-1.0439453125,-0.0009765625
215,0.0107421875,-1.0556640625,-0.01953125
216,0.0146484375,-1.060546875,-0.00390625
217,0.0234375,-1.0576171875,0.021484375
218,0.01953125,-1.0625,0.0439453125
219,0.015625,-1.0595703125,0.0537109375
220,0.013671875,-1.0576171875,0.0673828125
221,0.01171875,-1.0478515625,0.072265625
222,0.0078125,-1.041015625,0.0751953125
223,-0.00390625,-1.037109375,0.07421875
224,-0.0205078125,-1.0341796875,0.07421875
225,-0.0185546875,-1.0302734375,0.0546875
226,-0.0146484375,-1.0263671875,0.0576171875
227,-0.01953125,-1.0068359375,0.046875
228,-0.029296875,-0.9765625,0.0419921875
229,-0.04296875,-0.951171875,0.033203125
230,-0.0498046875,-0.935546875,0.025390625
231,-0.0517578125,-0.9365234375,0.03515625
232,-0.044921875,-0.9365234375,0.041015625
233,-0.0576171875,-0.9228515625,0.0693359375
234,-0.0634765625,-0.908203125,0.0751953125
235,-0.0712890625,-0.904296875,0.0869140625
236,-0.06640625,-0.91796875,0.06640625
237,-0.0634765625,-0.8916015625,0.1298828125
238,-0.076171875,-0.8779296875,0.138671875
239,-0.087890625,-0.8681640625,0.1298828125
240,-0.1015625,-0.8525390625,0.1083984375
241,-0.1015625,-0.857421875,0.091796875
242,-0.1181640625,-0.8564453125,0.0986328125
243,-0.138671875,-0.8359375,0.14453125
244,-0.138671875,-0.857421875,0.16015625
245,-0.1630859375,-0.853515625,0.1494140625
246,-0.1796875,-0.84765625,0.1318359375
247,-0.1708984375,-0.8369140625,0.123046875
248,-0.15234375,-0.806640625,0.142578125
249,-0.1513671875,-0.7919921875,0.13671875
250,-0.1708984375,-0.8193359375,0.1171875
251,-0.146484375,-0.8359375,0.1103515625
252,-0.1484375,-0.8359375,0.1396484375
253,-0.162109375,-0.8359375,0.080078125
254,-0.1240234375,-0.8271484375,0.1240234375
255,-0.076171875,-0.8310546875,0.16015625
256,-0.060546875,-0.82421875,0.154296875
257,-0.064453125,-0.83984375,0.1611328125
258,-0.068359375,-0.849609375,0.166015625
259,-0.076171875,-0.85546875,0.1787109375
260,-0.08203125,-0.8349609375,0.185546875
261,-0.095703125,-0.8359375,0.1845703125
262,-0.107421875,-0.8369140625,0.1611328125
263,-0.12890625,-0.83203125,0.1650390625
264,-0.1279296875,-0.822265625,0.2138671875
265,-0.1435546875,-0.8115234375,0.2236328125
266,-0.142578125,-0.8037109375,0.21875
267,-0.130859375,-0.7939453125,0.2138671875
268,-0.1376953125,-0.77734375,0.212890625
269,-0.1279296875,-0.775390625,0.2001953125
270,-0.1201171875,-0.763671875,0.2021484375
271,-0.1142578125,-0.763671875,0.2197265625
272,-0.1064453125,-0.7685546875,0.23828125
273,-0.1025390625,-0.7744140625,0.25390625
274,-0.1044921875,-0.775390625,0.2626953125
275,-0.095703125,-0.78125,0.271484375
276,-0.0830078125,-0.794921875,0.26953125
277,-0.0625,-0.810546875,0.2578125
278,-0.0517578125,-0.826171875,0.2568359375
279,-0.037109375,-0.828125,0.25
280,-0.0380859375,-0.8349609375,0.244140625
281,-0.03515625,-0.849609375,0.2353515625
282,-0.0380859375,-0.849609375,0.232421875
283,-0.0390625,-0.8515625,0.2333984375
284,-0.0419921875,-0.8525390625,0.23828125
285,-0.0498046875,-0.8544921875,0.244140625
286,-0.0634765625,-0.8505859375,0.2734375
287,-0.091796875,-0.8505859375,0.29296875
288,-0.1123046875,-0.8466796875,0.314453125
289,-0.1376953125,-0.85546875,0.3125
290,-0.1396484375,-0.8876953125,0.302734375
291,-0.1357421875,-0.9267578125,0.2841796875
292,-0.126953125,-0.9814453125,0.2587890625
293,-0.1328125,-1.046875,0.2431640625
294,-0.1279296875,-1.0888671875,0.2529296875
295,-0.1416015625,-1.125,0.265625
296,-0.1669921875,-1.158203125,0.291015625
297,-0.197265625,-1.193359375,0.3154296875
298,-0.2109375,-1.2158203125,0.341796875
299,-0.2236328125,-1.234375,0.373046875
300,-0.228515625,-1.2412109375,0.4140625
301,-0.2255859375,-1.2197265625,0.4443359375
302,-0.2216796875,-1.2001953125,0.474609375
303,-0.208984375,-1.1708984375,0.5
304,-0.1953125,-1.140625,0.51953125
305,-0.1796875,-1.1162109375,0.515625
306,-0.162109375,-1.0986328125,0.513671875
307,-0.1650390625,-1.0849609375,0.509765625
308,-0.19140625,-1.072265625,0.5068359375
309,-0.2412109375,-1.0458984375,0.5009765625
310,-0.3349609375,-1.0283203125,0.4423828125
311,-0.4619140625,-0.9921875,0.37890625
312,-0.57421875,-1.044921875,0.1953125
313,-0.5712890625,-1.1474609375,0.06640625
314,-0.56640625,-1.265625,0.03125
315,-0.564453125,-1.3818359375,0.05078125
316,-0.5859375,-1.4951171875,0.140625
317,-0.6279296875,-1.6025390625,0.244140625
318,-0.6572265625,-1.677734375,0.3330078125
319,-0.634765625,-1.7158203125,0.3876953125
320,-0.560546875,-1.71484375,0.4013671875
321,-0.427734375,-1.6611328125,0.3662109375
322,-0.2939453125,-1.568359375,0.2744140625
323,-0.2333984375,-1.4345703125,0.177734375
324,-0.23828125,-1.2998046875,0.07421875
325,-0.2626953125,-1.1787109375,-0.021484375
326,-0.2705078125,-1.0849609375,-0.095703125
327,-0.2333984375,-1.044921875,-0.169921875
328,-0.171875,-1.0029296875,-0.2294921875
329,-0.103515625,-0.9853515625,-0.2822265625
330,-0.046875,-0.9931640625,-0.30859375
331,0.0068359375,-0.9892578125,-0.3173828125
332,0.0576171875,-0.9765625,-0.3076171875
333,0.0927734375,-0.96484375,-0.2822265625
334,0.1181640625,-0.935546875,-0.263671875
335,0.1259765625,-0.9013671875,-0.2353515625
336,0.1123046875,-0.861328125,-0.2265625
337,0.0859375,-0.8388671875,-0.2177734375
338,0.0478515625,-0.830078125,-0.19921875
339,0.009765625,-0.853515625,-0.2001953125
340,0.0029296875,-0.8896484375,-0.1572265625
341,0.0029296875,-0.9453125,-0.107421875
342,-0.01171875,-0.98828125,-0.068359375
343,-0.0244140625,-1.0400390625,-0.0224609375
344,-0.03125,-1.0751953125,0.0263671875
345,-0.0302734375,-1.09765625,0.056640625
346,-0.041015625,-1.1259765625,0.0556640625
347,-0.046875,-1.1259765625,0.0556640625
348,-0.052734375,-1.1201171875,0.05859375
349,-0.068359375,-1.1103515625,0.046875
350,-0.0693359375,-1.0888671875,0.0390625
351,-0.0830078125,-1.076171875,0.0224609375
352,-0.099609375,-1.044921875,0.009765625
353,-0.1044921875,-1.0146484375,0.0107421875
354,-0.09765625,-0.9921875,0.03125
355,-0.0966796875,-0.9609375,0.048828125
356,-0.1103515625,-0.9423828125,0.0439453125
357,-0.1240234375,-0.9326171875,0.0361328125
358,-0.126953125,-0.9248046875,0.0302734375
359,-0.1357421875,-0.919921875,0.029296875
360,-0.1279296875,-0.916015625,0.0185546875
361,-0.146484375,-0.919921875,-0.009765625
362,-0.125,-0.9326171875,-0.013671875
363,-0.1142578125,-0.9560546875,-0.0068359375
364,-0.1171875,-0.9580078125,0.001953125
365,-0.1181640625,-0.9765625,0.0029296875
366,-0.1220703125,-0.974609375,0.0224609375
367,-0.1142578125,-0.97265625,0.0576171875
368,-0.1015625,-0.955078125,0.107421875
369,-0.09375,-0.9306640625,0.1396484375
370,-0.0966796875,-0.8935546875,0.1455078125
371,-0.103515625,-0.8583984375,0.1357421875
372,-0.0751953125,-0.8291015625,0.1279296875
373,-0.0517578125,-0.8076171875,0.109375
374,-0.0390625,-0.8037109375,0.1181640625
375,-0.025390625,-0.7900390625,0.1328125
376,-0.009765625,-0.791015625,0.1416015625
377,0.0146484375,-0.802734375,0.1494140625
378,0.025390625,-0.81640625,0.1552734375
379,0.0380859375,-0.8271484375,0.1708984375
380,0.0556640625,-0.8505859375,0.1796875
381,0.072265625,-0.86328125,0.197265625
382,0.1083984375,-0.8876953125,0.16015625
383,0.107421875,-0.892578125,0.126953125
384,0.1044921875,-0.859375,0.166015625
385,0.10546875,-0.8466796875,0.2001953125
386,0.0791015625,-0.8388671875,0.2080078125
387,0.0546875,-0.81640625,0.205078125
388,0.0849609375,-0.7490234375,0.2744140625
389,0.0126953125,-0.79296875,0.123046875
390,0.013671875,-0.84375,0.1083984375
391,0.0380859375,-0.8388671875,0.11328125
392,0.0400390625,-0.8271484375,0.12109375
393,0.0458984375,-0.8115234375,0.1650390625
394,0.044921875,-0.8203125,0.1787109375
395,0.0361328125,-0.8076171875,0.18359375
396,0.0234375,-0.7978515625,0.19921875
397,0.0234375,-0.7802734375,0.2109375
398,0.0234375,-0.77734375,0.1953125
399,0.02734375,-0.779296875,0.18359375
400,0.05078125,-0.7666015625,0.197265625
401,0.046875,-0.765625,0.2021484375
402,0.0498046875,-0.755859375,0.2353515625
403,0.037109375,-0.7509765625,0.2607421875
404,0.046875,-0.763671875,0.259765625
405,0.0546875,-0.7724609375,0.2578125
406,0.0390625,-0.7197265625,0.3349609375
407,0.0087890625,-0.7119140625,0.3193359375
408,0.015625,-0.71875,0.263671875
409,0.0205078125,-0.6982421875,0.2333984375
410,0.01171875,-0.6806640625,0.2236328125
411,0.0029296875,-0.6875,0.2412109375
412,-0.001953125,-0.6923828125,0.2734375
413,-0.0185546875,-0.7119140625,0.296875
414,-0.0146484375,-0.74609375,0.33203125
415,-0.0283203125,-0.7783203125,0.3359375
416,-0.0244140625,-0.8134765625,0.341796875
417,-0.017578125,-0.853515625,0.3330078125
418,-0.01171875,-0.8984375,0.3349609375
419,-0.0078125,-0.93359375,0.333984375
420,-0.013671875,-0.9619140625,0.326171875
421,-0.021484375,-0.98046875,0.3349609375
422,-0.0322265625,-0.994140625,0.3291015625
423,-0.046875,-1.0068359375,0.3125
424,-0.0673828125,-1.0205078125,0.2646484375
425,-0.095703125,-1.0341796875,0.2080078125
426,-0.111328125,-1.0546875,0.16015625
427,-0.126953125,-1.080078125,0.138671875
428,-0.138671875,-1.1015625,0.158203125
429,-0.1689453125,-1.1318359375,0.2646484375
430,-0.12890625,-1.173828125,0.3349609375
431,-0.099609375,-1.1923828125,0.4326171875
432,-0.025390625,-1.189453125,0.5078125
433,-0.0029296875,-1.1865234375,0.53515625
434,0.0263671875,-1.19140625,0.5205078125
435,0.0654296875,-1.17578125,0.51953125
436,0.0908203125,-1.12890625,0.5263671875
437,0.091796875,-1.0546875,0.556640625
438,0.123046875,-0.9892578125,0.525390625
439,0.15234375,-0.9599609375,0.44921875
440,0.2119140625,-0.9599609375,0.34765625
441,0.2763671875,-1.0029296875,0.2138671875
442,0.34765625,-1.087890625,0.1025390625
443,0.4052734375,-1.22265625,0.0517578125
444,0.451171875,-1.3896484375,0.08984375
445,0.462890625,-1.5751953125,0.203125
446,0.4228515625,-1.720703125,0.3447265625
447,0.32421875,-1.826171875,0.4794921875
448,0.2314453125,-1.8642578125,0.5634765625
449,0.19921875,-1.8642578125,0.5751953125
450,0.2158203125,-1.7451171875,0.498046875
451,0.1767578125,-1.6279296875,0.349609375
452,0.16796875,-1.4541015625,0.2431640625
453,0.1513671875,-1.3076171875,0.1455078125
454,0.1435546875,-1.158203125,0.0703125
455,0.15234375,-1.0478515625,-0.00390625
456,0.1484375,-0.9658203125,-0.1064453125
457,0.15625,-0.9375,-0.220703125
458,0.173828125,-0.974609375,-0.3076171875
459,0.162109375,-1.0283203125,-0.3466796875
460,0.1181640625,-1.0693359375,-0.3583984375
461,0.072265625,-1.0859375,-0.3330078125
462,0.0205078125,-1.087890625,-0.30078125
463,-0.001953125,-1.0693359375,-0.2626953125
464,-0.015625,-1.0283203125,-0.2216796875
465,-0.0234375,-0.9658203125,-0.193359375
466,-0.0078125,-0.9091796875,-0.1640625
467,0.01171875,-0.88671875,-0.16015625
468,0.0048828125,-0.8955078125,-0.1669921875
469,-0.0078125,-0.93359375,-0.1611328125
470,-0.0205078125,-0.982421875,-0.11328125
471,-0.0205078125,-1.04296875,-0.06640625
472,-0.015625,-1.083984375,-0.0009765625
473,-0.017578125,-1.1337890625,0.0380859375
474,-0.01171875,-1.1826171875,0.076171875
475,-0.021484375,-1.2158203125,0.1259765625
476,-0.02734375,-1.236328125,0.1630859375
477,-0.0556640625,-1.25390625,0.1875
478,-0.08203125,-1.255859375,0.158203125
479,-0.091796875,-1.2333984375,0.1708984375
480,-0.0810546875,-1.177734375,0.1904296875
481,-0.0634765625,-1.14453125,0.1689453125
482,-0.0556640625,-1.1005859375,0.1416015625
483,-0.033203125,-1.0595703125,0.109375
484,-0.0029296875,-0.9951171875,0.076171875
485,-0.001953125,-0.9375,0.0263671875
486,-0.00390625,-0.896484375,-0.025390625
487,0.0341796875,-0.8486328125,-0.0576171875
488,0.0751953125,-0.822265625,-0.09375
489,0.1083984375,-0.7919921875,-0.111328125
490,0.1552734375,-0.77734375,-0.1015625
491,0.1845703125,-0.7763671875,-0.0673828125
492,0.1943359375,-0.7841796875,-0.037109375
493,0.1845703125,-0.7900390625,0.005859375
494,0.1494140625,-0.791015625,0.0732421875
495,0.0947265625,-0.783203125,0.103515625
496,0.0576171875,-0.779296875,0.119140625
497,0.0302734375,-0.7763671875,0.115234375
498,0.0126953125,-0.787109375,0.1025390625
499,-0.0068359375,-0.775390625,0.0791015625
500,-0.029296875,-0.7685546875,0.0654296875
501,-0.0595703125,-0.73828125,0.072265625
502,-0.0771484375,-0.734375,0.0810546875
503,-0.1376953125,-0.7080078125,0.099609375
504,-0.1455078125,-0.728515625,0.09375
505,-0.1669921875,-0.7548828125,0.0869140625
506,-0.1591796875,-0.7763671875,0.107421875
507,-0.1552734375,-0.783203125,0.13671875
508,-0.162109375,-0.814453125,0.1328125
509,-0.146484375,-0.8037109375,0.1484375
510,-0.150390625,-0.8232421875,0.169921875
511,-0.14453125,-0.8193359375,0.212890625
512,-0.12890625,-0.818359375,0.259765625
513,-0.1220703125,-0.7880859375,0.29296875
514,-0.1162109375,-0.7646484375,0.2900390625
515,-0.140625,-0.763671875,0.1826171875
516,-0.1435546875,-0.75390625,0.091796875
517,-0.12890625,-0.7529296875,0.115234375
518,-0.1181640625,-0.7607421875,0.173828125
519,-0.1162109375,-0.765625,0.1904296875
520,-0.1240234375,-0.763671875,0.2109375
521,-0.138671875,-0.7685546875,0.2197265625
522,-0.146484375,-0.7802734375,0.2451171875
523,-0.1435546875,-0.7890625,0.2490234375
524,-0.1455078125,-0.796875,0.255859375
525,-0.140625,-0.8017578125,0.2529296875
526,-0.15234375,-0.8125,0.25
527,-0.1494140625,-0.80078125,0.279296875
528,-0.1455078125,-0.783203125,0.296875
529,-0.138671875,-0.78515625,0.2998046875
530,-0.1220703125,-0.775390625,0.306640625
531,-0.1181640625,-0.767578125,0.3203125
532,-0.109375,-0.76171875,0.333984375
533,-0.09375,-0.7529296875,0.34375
534,-0.0791015625,-0.75,0.341796875
535,-0.072265625,-0.7578125,0.3388671875
536,-0.0703125,-0.751953125,0.330078125
537,-0.052734375,-0.759765625,0.3193359375
538,-0.0673828125,-0.7685546875,0.2919921875
539,-0.0537109375,-0.76171875,0.2978515625
540,-0.0498046875,-0.76953125,0.314453125
541,-0.072265625,-0.78515625,0.2939453125
542,-0.0947265625,-0.7958984375,0.267578125
543,-0.1044921875,-0.798828125,0.2470703125
544,-0.107421875,-0.8037109375,0.2373046875
545,-0.09765625,-0.828125,0.2412109375
546,-0.05078125,-0.876953125,0.25
547,-0.0126953125,-0.931640625,0.2431640625
548,0.01953125,-0.9931640625,0.2431640625
549,0.0380859375,-1.064453125,0.2744140625
550,0.0576171875,-1.1513671875,0.3193359375
551,0.0458984375,-1.212890625,0.359375
552,0.0322265625,-1.2880859375,0.3857421875
553,0.017578125,-1.3369140625,0.404296875
554,-0.001953125,-1.3681640625,0.4189453125
555,-0.12109375,-1.3427734375,0.4638671875
556,-0.0302734375,-1.3603515625,0.455078125
557,-0.0849609375,-1.333984375,0.4306640625
558,-0.083984375,-1.287109375,0.470703125
559,-0.095703125,-1.2158203125,0.4912109375
560,-0.11328125,-1.1552734375,0.5107421875
561,-0.1201171875,-1.0966796875,0.5087890625
562,-0.154296875,-1.0478515625,0.4794921875
563,-0.2138671875,-0.99609375,0.4306640625
564,-0.2705078125,-0.9912109375,0.33203125
565,-0.3466796875,-1.001953125,0.2099609375
566,-0.4091796875,-1.05859375,0.126953125
567,-0.458984375,-1.166015625,0.0859375
568,-0.4892578125,-1.31640625,0.126953125
569,-0.484375,-1.474609375,0.2529296875
570,-0.5205078125,-1.65625,0.365234375
571,-0.583984375,-1.763671875,0.4306640625
572,-0.640625,-1.810546875,0.470703125
573,-0.66796875,-1.8115234375,0.435546875
574,-0.6533203125,-1.7578125,0.3623046875
575,-0.599609375,-1.6484375,0.22265625
576,-0.541015625,-1.50390625,0.0966796875
577,-0.5380859375,-1.3251953125,-0.001953125
578,-0.5380859375,-1.1767578125,-0.1044921875
579,-0.5224609375,-1.080078125,-0.2109375
580,-0.478515625,-1.015625,-0.3037109375
581,-0.380859375,-0.970703125,-0.3623046875
582,-0.2275390625,-0.9541015625,-0.3779296875
583,-0.08984375,-0.9892578125,-0.39453125
584,0.044921875,-1.0322265625,-0.3955078125
585,0.1474609375,-1.029296875,-0.3203125
586,0.1943359375,-0.9931640625,-0.2490234375
587,0.2197265625,-0.966796875,-0.203125
588,0.21484375,-0.9345703125,-0.1533203125
589,0.19140625,-0.900390625,-0.1005859375
590,0.14453125,-0.8544921875,-0.056640625
591,0.0732421875,-0.861328125,-0.0390625
592,0.0361328125,-0.8896484375,-0.0263671875
593,-0.0146484375,-0.9248046875,-0.0087890625
594,-0.0859375,-0.953125,0.0
595,-0.150390625,-0.9814453125,-0.0029296875
596,-0.197265625,-1.013671875,-0.0048828125
597,-0.2373046875,-1.0361328125,-0.0224609375
598,-0.23828125,-1.048828125,-0.0234375
599,-0.251953125,-1.0537109375,-0.01953125
600,-0.2587890625,-1.0615234375,-0.017578125
601,-0.25390625,-1.0615234375,0.0009765625
602,-0.271484375,-1.056640625,0.0283203125
603,-0.2890625,-1.0576171875,0.0419921875
604,-0.244140625,-1.048828125,0.0927734375
605,-0.232421875,-1.0283203125,0.1171875
606,-0.2353515625,-1.017578125,0.0771484375
607,-0.2197265625,-1.0029296875,0.029296875
608,-0.201171875,-0.9853515625,0.0185546875
609,-0.19140625,-0.966796875,0.0087890625
610,-0.177734375,-0.919921875,0.013671875
611,-0.1826171875,-0.876953125,-0.0009765625
612,-0.166015625,-0.85546875,-0.0205078125
613,-0.1611328125,-0.837890625,-0.0546875
614,-0.1396484375,-0.8115234375,-0.0712890625
615,-0.12109375,-0.8388671875,-0.0927734375
616,-0.0732421875,-0.82421875,0.017578125
617,-0.0537109375,-0.8193359375,0.037109375
618,-0.0703125,-0.7978515625,0.0400390625
619,-0.064453125,-0.7822265625,0.0341796875
620,-0.029296875,-0.771484375,0.033203125
621,-0.013671875,-0.779296875,0.0166015625
622,0.0068359375,-0.783203125,0.0361328125
623,0.01953125,-0.8193359375,0.03515625
624,0.046875,-0.8388671875,0.072265625
625,0.06640625,-0.83984375,0.130859375
626,0.076171875,-0.8671875,0.1201171875
627,0.08984375,-0.89453125,0.123046875
628,0.091796875,-0.9208984375,0.1259765625
629,0.0830078125,-0.921875,0.13671875
630,0.095703125,-0.908203125,0.162109375
631,0.087890625,-0.900390625,0.1865234375
632,0.0712890625,-0.9072265625,0.138671875
633,0.0478515625,-0.884765625,0.150390625
634,0.0205078125,-0.869140625,0.177734375
635,0.0283203125,-0.8388671875,0.21484375
636,0.0185546875,-0.794921875,0.2392578125
637,-0.01171875,-0.7880859375,0.1865234375
638,-0.0029296875,-0.7958984375,0.146484375
639,0.001953125,-0.8173828125,0.083984375
640,0.033203125,-0.8017578125,0.0986328125
641,0.0712890625,-0.7900390625,0.1611328125
642,0.0615234375,-0.7705078125,0.1923828125
643,0.0439453125,-0.775390625,0.1875
644,0.03125,-0.76953125,0.1806640625
645,0.037109375,-0.779296875,0.1865234375
646,0.0654296875,-0.78515625,0.2041015625
647,0.0849609375,-0.796875,0.21484375
648,0.083984375,-0.7705078125,0.2236328125
649,0.0673828125,-0.7646484375,0.259765625
650,0.076171875,-0.77734375,0.2783203125
651,0.078125,-0.80078125,0.265625
652,0.076171875,-0.7685546875,0.3134765625
653,0.0546875,-0.76171875,0.3623046875
654,0.0439453125,-0.7646484375,0.3505859375
655,0.0576171875,-0.7734375,0.302734375
656,0.0625,-0.7744140625,0.275390625
657,0.064453125,-0.763671875,0.2685546875
658,0.046875,-0.76953125,0.275390625
659,0.037109375,-0.7802734375,0.31640625
660,0.0185546875,-0.80859375,0.3662109375
661,0.01171875,-0.8349609375,0.4189453125
662,0.015625,-0.8466796875,0.4755859375
663,0.013671875,-0.8720703125,0.4677734375
664,0.0166015625,-0.8876953125,0.416015625
665,0.0234375,-0.8916015625,0.3544921875
666,0.017578125,-0.8984375,0.2763671875
667,0.0185546875,-0.896484375,0.216796875
668,0.00390625,-0.904296875,0.1689453125
669,-0.0107421875,-0.9130859375,0.1357421875
670,-0.021484375,-0.9453125,0.1220703125
671,-0.029296875,-0.9892578125,0.1259765625
672,-0.0048828125,-1.0478515625,0.1611328125
673,0.0224609375,-1.1064453125,0.236328125
674,0.041015625,-1.15625,0.3173828125
675,0.0771484375,-1.21875,0.400390625
676,0.091796875,-1.2548828125,0.4736328125
677,0.1376953125,-1.259765625,0.5263671875
678,0.1357421875,-1.2529296875,0.54296875
679,0.1044921875,-1.228515625,0.50390625
680,0.078125,-1.1884765625,0.4765625
681,0.0517578125,-1.12890625,0.4443359375
682,0.009765625,-1.0576171875,0.4150390625
683,0.0009765625,-0.9873046875,0.36328125
684,0.0126953125,-0.9501953125,0.2529296875
685,0.029296875,-0.96484375,0.1171875
686,0.060546875,-1.0439453125,0.005859375
687,0.0810546875,-1.162109375,-0.0146484375
688,0.1123046875,-1.3369140625,0.044921875
689,0.146484375,-1.5,0.2119140625
690,0.2119140625,-1.69140625,0.361328125
691,0.2978515625,-1.791015625,0.4697265625
692,0.3369140625,-1.83984375,0.5185546875
693,0.3193359375,-1.8388671875,0.4873046875
694,0.2607421875,-1.7763671875,0.4296875
695,0.1494140625,-1.6328125,0.3828125
696,0.03125,-1.4580078125,0.3505859375
697,-0.0625,-1.291015625,0.294921875
698,-0.12890625,-1.130859375,0.2138671875
699,-0.1708984375,-1.0263671875,0.0908203125
700,-0.169921875,-0.978515625,-0.02734375
701,-0.1533203125,-0.9755859375,-0.125
702,-0.1298828125,-1.0263671875,-0.19921875
703,-0.1162109375,-1.0703125,-0.2392578125
704,-0.115234375,-1.1240234375,-0.2724609375
705,-0.0986328125,-1.1552734375,-0.2939453125
706,-0.076171875,-1.158203125,-0.2919921875
707,-0.056640625,-1.142578125,-0.28125
708,-0.0400390625,-1.115234375,-0.2705078125
709,-0.033203125,-1.0556640625,-0.26171875
710,-0.0556640625,-0.9794921875,-0.2568359375
711,-0.05859375,-0.94140625,-0.2275390625
712,-0.046875,-0.9052734375,-0.1767578125
713,-0.02734375,-0.880859375,-0.0947265625
714,-0.009765625,-0.8779296875,-0.0244140625
715,-0.0068359375,-0.9150390625,0.0283203125
716,0.0,-0.9609375,0.08984375
717,0.0,-1.037109375,0.126953125
718,-0.001953125,-1.095703125,0.1591796875
719,-0.0009765625,-1.13671875,0.201171875
720,-0.0009765625,-1.1650390625,0.23046875
721,-0.025390625,-1.1748046875,0.2275390625
722,-0.0244140625,-1.166015625,0.232421875
723,-0.0283203125,-1.15234375,0.2373046875
724,-0.03125,-1.1201171875,0.224609375
725,-0.05078125,-1.0927734375,0.1875
726,-0.0673828125,-1.04296875,0.1884765625
727,-0.0771484375,-0.9716796875,0.212890625
728,-0.064453125,-0.93359375,0.1572265625
729,-0.0517578125,-0.89453125,0.1337890625
730,-0.0224609375,-0.8408203125,0.1298828125
731,0.0029296875,-0.80859375,0.10546875
732,0.005859375,-0.78515625,0.0693359375
733,0.015625,-0.7841796875,0.0390625
734,0.0380859375,-0.80859375,0.0341796875
735,0.0732421875,-0.79296875,0.0556640625
736,0.0400390625,-0.7802734375,0.0732421875
737,0.0390625,-0.779296875,0.1025390625
738,0.0400390625,-0.7802734375,0.1328125
739,0.0380859375,-0.7587890625,0.1455078125
740,0.0400390625,-0.7470703125,0.1318359375
741,0.03515625,-0.7685546875,0.111328125
742,0.0341796875,-0.794921875,0.1015625
743,0.0283203125,-0.7978515625,0.1064453125
744,-0.0029296875,-0.7900390625,0.14453125
745,-0.0400390625,-0.8203125,0.1611328125
746,-0.0380859375,-0.8330078125,0.1884765625
747,-0.0634765625,-0.8427734375,0.1796875
748,-0.0810546875,-0.8232421875,0.1630859375
749,-0.0849609375,-0.7880859375,0.166015625
750,-0.091796875,-0.73828125,0.1611328125
751,-0.1083984375,-0.7314453125,0.1494140625
752,-0.1162109375,-0.732421875,0.1494140625
753,-0.11328125,-0.7333984375,0.1748046875
754,-0.1083984375,-0.7294921875,0.181640625
755,-0.0966796875,-0.7294921875,0.1416015625
756,-0.08984375,-0.734375,0.0927734375
757,-0.0810546875,-0.73828125,0.08203125
758,-0.0771484375,-0.744140625,0.12890625
759,-0.080078125,-0.765625,0.1953125
760,-0.0869140625,-0.791015625,0.2265625
761,-0.0830078125,-0.8251953125,0.240234375
762,-0.09375,-0.83203125,0.2646484375
763,-0.1123046875,-0.8515625,0.2578125
764,-0.126953125,-0.8837890625,0.2392578125
765,-0.1162109375,-0.8916015625,0.232421875
766,-0.140625,-0.87890625,0.240234375
767,-0.134765625,-0.888671875,0.22265625
768,-0.126953125,-0.873046875,0.2216796875
769,-0.12890625,-0.84765625,0.2216796875
770,-0.126953125,-0.826171875,0.2275390625
771,-0.126953125,-0.8232421875,0.22265625
772,-0.1162109375,-0.8251953125,0.23828125
773,-0.119140625,-0.8330078125,0.2587890625
774,-0.119140625,-0.8310546875,0.2783203125
775,-0.1103515625,-0.8359375,0.296875
776,-0.103515625,-0.849609375,0.310546875
777,-0.0888671875,-0.8603515625,0.3271484375
778,-0.08203125,-0.8681640625,0.34375
779,-0.0810546875,-0.8701171875,0.3583984375
780,-0.060546875,-0.876953125,0.373046875
781,-0.048828125,-0.8759765625,0.384765625
782,-0.044921875,-0.88671875,0.390625
783,-0.0380859375,-0.884765625,0.390625
784,-0.0478515625,-0.896484375,0.384765625
785,-0.056640625,-0.9111328125,0.3916015625
786,-0.087890625,-0.919921875,0.390625
787,-0.0966796875,-0.93359375,0.3955078125
788,-0.119140625,-0.9384765625,0.384765625
789,-0.146484375,-0.9423828125,0.3583984375
790,-0.181640625,-0.9306640625,0.3115234375
791,-0.203125,-0.9248046875,0.25390625
792,-0.201171875,-0.923828125,0.1962890625
793,-0.1689453125,-0.9375,0.158203125
794,-0.1240234375,-0.966796875,0.14453125
795,-0.068359375,-1.0078125,0.15234375
796,-0.0205078125,-1.05078125,0.1962890625
797,0.0,-1.1015625,0.2734375
798,0.0361328125,-1.1494140625,0.373046875
799,0.0693359375,-1.1953125,0.451171875
800,0.0927734375,-1.2373046875,0.494140625
801,0.1162109375,-1.2587890625,0.5146484375
802,0.111328125,-1.255859375,0.51953125
803,0.09375,-1.2236328125,0.50390625
804,0.087890625,-1.185546875,0.4873046875
805,0.0576171875,-1.154296875,0.462890625
806,0.0078125,-1.1142578125,0.4375
807,-0.0498046875,-1.0810546875,0.3935546875
808,-0.119140625,-1.056640625,0.3408203125
809,-0.193359375,-1.0537109375,0.251953125
810,-0.265625,-1.0888671875,0.1923828125
811,-0.33203125,-1.1484375,0.154296875
812,-0.3955078125,-1.2392578125,0.15625
813,-0.4287109375,-1.341796875,0.185546875
814,-0.455078125,-1.421875,0.240234375
815,-0.4599609375,-1.5048828125,0.27734375
816,-0.4814453125,-1.5908203125,0.2998046875
817,-0.515625,-1.6396484375,0.3154296875
818,-0.552734375,-1.6650390625,0.2919921875
819,-0.5927734375,-1.6435546875,0.255859375
820,-0.60546875,-1.5986328125,0.1884765625
821,-0.5888671875,-1.5205078125,0.09375
822,-0.544921875,-1.4296875,-0.0185546875
823,-0.5029296875,-1.32421875,-0.115234375
824,-0.4423828125,-1.1962890625,-0.2001953125
825,-0.3505859375,-1.0859375,-0.265625
826,-0.234375,-0.9716796875,-0.3134765625
827,-0.12109375,-0.8642578125,-0.328125
828,-0.01171875,-0.7763671875,-0.333984375
829,0.06640625,-0.70703125,-0.3251953125
830,0.1103515625,-0.63671875,-0.3095703125
831,0.0810546875,-0.6162109375,-0.2939453125
832,0.0390625,-0.623046875,-0.2626953125
833,-0.0087890625,-0.6640625,-0.2109375
834,-0.0478515625,-0.705078125,-0.138671875
835,-0.09765625,-0.7783203125,-0.087890625
836,-0.125,-0.818359375,-0.021484375
837,-0.16796875,-0.8740234375,0.02734375
838,-0.21875,-0.9365234375,0.052734375
839,-0.24609375,-0.99609375,0.044921875
840,-0.2802734375,-1.06640625,0.0322265625
841,-0.3017578125,-1.1123046875,0.021484375
842,-0.3212890625,-1.14453125,0.0166015625
843,-0.318359375,-1.1484375,0.0283203125
844,-0.32421875,-1.1337890625,0.04296875
845,-0.328125,-1.1298828125,0.052734375
846,-0.3251953125,-1.1240234375,0.08203125
847,-0.306640625,-1.12109375,0.1181640625
848,-0.3115234375,-1.1181640625,0.1240234375
849,-0.2900390625,-1.1298828125,0.1162109375
850,-0.25390625,-1.13671875,0.1025390625
851,-0.21875,-1.1103515625,0.0810546875
852,-0.2138671875,-1.076171875,0.0400390625
853,-0.1806640625,-1.01953125,0.009765625
854,-0.169921875,-0.9775390625,-0.0146484375
855,-0.173828125,-0.9501953125,-0.044921875
856,-0.146484375,-0.90625,-0.0322265625
857,-0.126953125,-0.8798828125,-0.0322265625
858,-0.1171875,-0.8505859375,-0.0107421875
859,-0.12109375,-0.8349609375,0.021484375
860,-0.1083984375,-0.8369140625,0.0263671875
861,-0.068359375,-0.859375,0.03125
862,-0.0849609375,-0.880859375,0.0146484375
863,-0.078125,-0.888671875,0.048828125
864,-0.0654296875,-0.8828125,0.0751953125
865,-0.0634765625,-0.9091796875,0.001953125
866,-0.01953125,-0.9365234375,-0.001953125
867,0.0107421875,-0.9560546875,-0.0078125
868,0.0390625,-0.96484375,0.0166015625
869,0.03515625,-1.0078125,0.01953125
870,0.052734375,-0.9765625,0.099609375
871,0.0712890625,-0.970703125,0.162109375
872,0.0458984375,-0.939453125,0.1865234375
873,0.02734375,-0.9345703125,0.1806640625
874,0.0234375,-0.9140625,0.1259765625
875,0.0126953125,-0.890625,0.08984375
876,0.0126953125,-0.8701171875,0.0751953125
877,0.0283203125,-0.8525390625,0.068359375
878,0.037109375,-0.837890625,0.076171875
879,0.0400390625,-0.8212890625,0.08984375
880,0.0576171875,-0.8251953125,0.1103515625
881,0.0810546875,-0.8388671875,0.123046875
882,0.0673828125,-0.8359375,0.09765625
883,0.0810546875,-0.8525390625,0.095703125
884,0.103515625,-0.84375,0.1474609375
885,0.1025390625,-0.7861328125,0.267578125
886,0.1162109375,-0.81640625,0.2646484375
887,0.1533203125,-0.767578125,0.1953125
888,0.1142578125,-0.7236328125,0.1328125
889,0.130859375,-0.7255859375,0.1005859375
890,0.1630859375,-0.71875,0.0888671875
891,0.1630859375,-0.72265625,0.1171875
892,0.162109375,-0.73046875,0.15625
893,0.154296875,-0.740234375,0.1982421875
894,0.150390625,-0.7548828125,0.24609375
895,0.1337890625,-0.7734375,0.27734375
896,0.125,-0.7822265625,0.298828125
897,0.1103515625,-0.7978515625,0.3125
898,0.09765625,-0.802734375,0.3232421875
899,0.0703125,-0.8046875,0.34375
900,0.0576171875,-0.810546875,0.3544921875
901,0.0517578125,-0.81640625,0.3759765625
902,0.01953125,-0.8388671875,0.3837890625
903,-0.0234375,-0.857421875,0.380859375
904,-0.080078125,-0.8828125,0.390625
905,-0.11328125,-0.9052734375,0.3994140625
906,-0.130859375,-0.916015625,0.3994140625
907,-0.15625,-0.9384765625,0.38671875
908,-0.1728515625,-0.943359375,0.3544921875
909,-0.18359375,-0.92578125,0.3291015625
910,-0.201171875,-0.9248046875,0.2998046875
911,-0.2197265625,-0.9208984375,0.2763671875
912,-0.234375,-0.9248046875,0.2568359375
913,-0.220703125,-0.9462890625,0.23828125
914,-0.1728515625,-0.982421875,0.23046875
915,-0.109375,-1.017578125,0.23828125
916,-0.03515625,-1.0751953125,0.244140625
917,0.0341796875,-1.1171875,0.2685546875
918,0.0869140625,-1.1572265625,0.31640625
919,0.1142578125,-1.1884765625,0.38671875
920,0.0927734375,-1.2041015625,0.4970703125
921,0.0869140625,-1.197265625,0.541015625
922,0.0673828125,-1.1767578125,0.5625
923,0.0810546875,-1.13671875,0.5712890625
924,0.033203125,-1.1103515625,0.537109375
925,0.00390625,-1.0849609375,0.4912109375
926,-0.0263671875,-1.041015625,0.470703125
927,-0.0361328125,-0.998046875,0.443359375
928,-0.0439453125,-0.974609375,0.3896484375
929,-0.025390625,-0.990234375,0.2880859375
930,0.0498046875,-1.0693359375,0.224609375
931,0.1328125,-1.1875,0.13671875
932,0.1953125,-1.3486328125,0.1064453125
933,0.23046875,-1.5029296875,0.11328125
934,0.2529296875,-1.65234375,0.189453125
935,0.2646484375,-1.7490234375,0.2880859375
936,0.259765625,-1.794921875,0.3671875
937,0.2119140625,-1.791015625,0.4189453125
938,0.1318359375,-1.71875,0.4208984375
939,0.052734375,-1.587890625,0.3828125
940,-0.0439453125,-1.4248046875,0.3251953125
941,-0.123046875,-1.2685546875,0.2275390625
942,-0.154296875,-1.134765625,0.103515625
943,-0.1640625,-1.0166015625,-0.0283203125
944,-0.146484375,-0.9375,-0.1494140625
945,-0.0869140625,-0.8876953125,-0.2607421875
946,-0.0078125,-0.8740234375,-0.34765625
947,0.0361328125,-0.884765625,-0.4228515625
948,0.0625,-0.890625,-0.4765625
949,0.056640625,-0.9111328125,-0.50390625
950,0.0390625,-0.9384765625,-0.46484375
951,0.0380859375,-0.9404296875,-0.4130859375
952,0.0419921875,-0.9365234375,-0.3359375
953,0.060546875,-0.9326171875,-0.2744140625
954,0.0732421875,-0.9560546875,-0.224609375
955,0.083984375,-0.98828125,-0.1884765625
956,0.0791015625,-1.044921875,-0.146484375
957,0.068359375,-1.1005859375,-0.0751953125
958,0.041015625,-1.166015625,0.0087890625
959,0.0009765625,-1.248046875,0.095703125
960,-0.048828125,-1.2958984375,0.1962890625
961,-0.0927734375,-1.3359375,0.28515625
962,-0.1240234375,-1.373046875,0.322265625
963,-0.13671875,-1.3916015625,0.3251953125
964,-0.12109375,-1.376953125,0.298828125
965,-0.1103515625,-1.3349609375,0.2607421875
966,-0.1015625,-1.2685546875,0.2138671875
967,-0.083984375,-1.1884765625,0.197265625
968,-0.0859375,-1.119140625,0.1484375
969,-0.1005859375,-1.0625,0.091796875
970,-0.1083984375,-0.9365234375,0.07421875
971,-0.11328125,-0.8837890625,0.0322265625
972,-0.11328125,-0.8359375,-0.0029296875
973,-0.1005859375,-0.814453125,-0.0439453125
974,-0.087890625,-0.7978515625,-0.0458984375
975,-0.091796875,-0.779296875,-0.0263671875
976,-0.095703125,-0.7802734375,-0.033203125
977,-0.087890625,-0.7763671875,0.015625
978,-0.0537109375,-0.76953125,0.0654296875
979,-0.048828125,-0.7724609375,0.0859375
980,-0.0390625,-0.787109375,0.068359375
981,-0.0361328125,-0.7373046875,0.10546875
982,-0.0595703125,-0.7255859375,0.150390625
983,-0.0927734375,-0.7666015625,0.1298828125
984,-0.08984375,-0.779296875,0.1513671875
985,-0.072265625,-0.8154296875,0.15234375
986,-0.0966796875,-0.822265625,0.1435546875
987,-0.1025390625,-0.8310546875,0.1630859375
988,-0.123046875,-0.828125,0.169921875
989,-0.123046875,-0.8203125,0.140625
990,-0.1201171875,-0.8134765625,0.150390625
991,-0.1103515625,-0.7734375,0.18359375
992,-0.068359375,-0.728515625,0.1728515625
993,-0.0732421875,-0.7109375,0.0400390625
994,-0.052734375,-0.689453125,-0.0390625
995,-0.029296875,-0.69140625,-0.025390625
996,-0.015625,-0.7041015625,0.044921875
997,-0.0205078125,-0.7060546875,0.1201171875
998,-0.044921875,-0.6875,0.197265625
999,-0.060546875,-0.6806640625,0.234375
1000,-0.0556640625,-0.697265625,0.2373046875
1001,-0.056640625,-0.705078125,0.2216796875
1002,-0.064453125,-0.7197265625,0.193359375
1003,-0.0576171875,-0.7294921875,0.1708984375
1004,-0.0478515625,-0.7431640625,0.154296875
1005,-0.05078125,-0.75390625,0.150390625
1006,-0.0673828125,-0.7587890625,0.1630859375
1007,-0.0888671875,-0.7734375,0.16796875
1008,-0.1181640625,-0.7890625,0.1767578125
1009,-0.1474609375,-0.8056640625,0.2060546875
1010,-0.158203125,-0.8173828125,0.2275390625
1011,-0.154296875,-0.8232421875,0.2431640625
1012,-0.1435546875,-0.8173828125,0.2431640625
1013,-0.138671875,-0.8310546875,0.2490234375
1014,-0.12890625,-0.8466796875,0.25390625
1015,-0.1298828125,-0.859375,0.2705078125
1016,-0.1328125,-0.875,0.2919921875
1017,-0.1435546875,-0.8955078125,0.310546875
1018,-0.1337890625,-0.9140625,0.33203125
1019,-0.1279296875,-0.92578125,0.34375
1020,-0.1220703125,-0.9306640625,0.3466796875
1021,-0.123046875,-0.9365234375,0.35546875
1022,-0.125,-0.9384765625,0.3662109375
1023,-0.126953125,-0.9404296875,0.3720703125
1024,-0.125,-0.9423828125,0.3671875
1025,-0.115234375,-0.9443359375,0.365234375
1026,-0.1064453125,-0.9580078125,0.357421875
1027,-0.068359375,-0.962890625,0.34765625
1028,-0.0771484375,-0.951171875,0.341796875
1029,-0.0654296875,-0.962890625,0.3369140625
1030,-0.0615234375,-0.962890625,0.322265625
1031,-0.0888671875,-0.9677734375,0.3037109375
1032,-0.1171875,-0.9677734375,0.2841796875
1033,-0.134765625,-0.982421875,0.2744140625
1034,-0.166015625,-0.9970703125,0.2646484375
1035,-0.2099609375,-1.01171875,0.27734375
1036,-0.2412109375,-1.029296875,0.2890625
1037,-0.283203125,-1.0439453125,0.3046875
1038,-0.314453125,-1.0576171875,0.33203125
1039,-0.3330078125,-1.076171875,0.3740234375
1040,-0.33984375,-1.095703125,0.4287109375
1041,-0.345703125,-1.1181640625,0.4638671875
1042,-0.3466796875,-1.12890625,0.486328125
1043,-0.34375,-1.1318359375,0.509765625
1044,-0.3349609375,-1.1416015625,0.5263671875
1045,-0.30859375,-1.1298828125,0.5283203125
1046,-0.2802734375,-1.1201171875,0.5263671875
1047,-0.283203125,-1.0859375,0.494140625
1048,-0.318359375,-1.0712890625,0.4052734375
1049,-0.3701171875,-1.064453125,0.263671875
1050,-0.4345703125,-1.1123046875,0.150390625
1051,-0.4814453125,-1.212890625,0.0927734375
1052,-0.490234375,-1.3447265625,0.115234375
1053,-0.509765625,-1.470703125,0.2099609375
1054,-0.5498046875,-1.5751953125,0.314453125
1055,-0.59375,-1.6572265625,0.388671875
1056,-0.638671875,-1.7001953125,0.42578125
1057,-0.7490234375,-1.654296875,0.4267578125
1058,-0.5859375,-1.603515625,0.3681640625
1059,-0.427734375,-1.5654296875,0.1953125
1060,-0.3076171875,-1.4677734375,0.1015625
1061,-0.2431640625,-1.36328125,0.0302734375
1062,-0.2705078125,-1.248046875,-0.0244140625
1063,-0.28125,-1.1328125,-0.0859375
1064,-0.2744140625,-1.044921875,-0.1767578125
1065,-0.21875,-1.001953125,-0.2939453125
1066,-0.119140625,-0.9814453125,-0.3828125
1067,-0.037109375,-0.962890625,-0.41796875
1068,0.0234375,-0.9306640625,-0.404296875
1069,0.08203125,-0.90625,-0.3349609375
1070,0.109375,-0.8779296875,-0.2763671875
1071,0.1015625,-0.859375,-0.224609375
1072,0.0771484375,-0.8876953125,-0.1640625
1073,0.03515625,-0.923828125,-0.1005859375
1074,0.0126953125,-0.96484375,-0.0126953125
1075,-0.0107421875,-0.9970703125,0.052734375
1076,-0.03125,-1.046875,0.095703125
1077,-0.0546875,-1.080078125,0.0986328125
1078,-0.07421875,-1.1103515625,0.0703125
1079,-0.1025390625,-1.125,0.03125
1080,-0.126953125,-1.13671875,-0.0068359375
1081,-0.150390625,-1.138671875,-0.03125
1082,-0.1552734375,-1.1357421875,-0.048828125
1083,-0.1513671875,-1.1279296875,-0.044921875
1084,-0.142578125,-1.099609375,-0.02734375
1085,-0.1396484375,-1.0966796875,-0.0263671875
1086,-0.1376953125,-1.0986328125,-0.0361328125
1087,-0.1435546875,-1.087890625,-0.013671875
1088,-0.1572265625,-1.056640625,0.025390625
1089,-0.1796875,-1.0419921875,0.0517578125
1090,-0.2041015625,-0.998046875,0.0615234375
1091,-0.21875,-0.9921875,0.0546875
1092,-0.2080078125,-0.99609375,0.033203125
1093,-0.203125,-0.9736328125,0.0126953125
1094,-0.1826171875,-0.9453125,0.0029296875
1095,-0.1572265625,-0.927734375,-0.0107421875
1096,-0.1552734375,-0.8984375,-0.0244140625
1097,-0.1181640625,-0.9150390625,-0.060546875
1098,-0.119140625,-0.900390625,-0.0751953125
1099,-0.076171875,-0.876953125,-0.046875
1100,-0.0615234375,-0.8798828125,-0.0126953125
1101,-0.0595703125,-0.888671875,0.005859375
1102,-0.0478515625,-0.8896484375,0.0244140625
1103,-0.037109375,-0.8779296875,0.060546875
1104,-0.0185546875,-0.859375,0.076171875
1105,0.0107421875,-0.8388671875,0.08203125
1106,0.0283203125,-0.8251953125,0.087890625
1107,0.0341796875,-0.80859375,0.080078125
1108,0.0390625,-0.7802734375,0.0859375
1109,0.0478515625,-0.7763671875,0.1064453125
1110,0.0390625,-0.7880859375,0.1015625
1111,0.052734375,-0.78515625,0.095703125
1112,0.060546875,-0.822265625,0.048828125
1113,0.0888671875,-0.83984375,0.07421875
1114,0.1435546875,-0.826171875,0.1376953125
1115,0.0986328125,-0.7705078125,0.126953125
1116,0.025390625,-0.759765625,0.1533203125
1117,0.03515625,-0.775390625,0.177734375
1118,0.041015625,-0.78125,0.158203125
1119,0.0732421875,-0.748046875,0.171875
1120,0.095703125,-0.6826171875,0.1904296875
1121,-0.0146484375,-0.7294921875,0.0791015625
1122,-0.0068359375,-0.7666015625,0.0791015625
1123,0.0048828125,-0.7666015625,0.08984375
1124,0.0107421875,-0.7626953125,0.1015625
1125,0.041015625,-0.7783203125,0.15234375
1126,0.04296875,-0.716796875,0.2138671875
1127,0.046875,-0.701171875,0.2119140625
1128,0.0576171875,-0.7001953125,0.1923828125
1129,0.0771484375,-0.705078125,0.1396484375
1130,0.095703125,-0.6845703125,0.1171875
1131,0.1103515625,-0.6796875,0.1201171875
1132,0.1142578125,-0.681640625,0.140625
1133,0.1064453125,-0.7001953125,0.1787109375
1134,0.1005859375,-0.7255859375,0.2255859375
1135,0.08984375,-0.7744140625,0.2529296875
1136,0.078125,-0.7822265625,0.314453125
1137,0.08203125,-0.7978515625,0.3603515625
1138,0.0654296875,-0.8134765625,0.35546875
1139,0.0556640625,-0.8232421875,0.3369140625
1140,0.0615234375,-0.8291015625,0.3427734375
1141,0.064453125,-0.826171875,0.376953125
1142,0.0458984375,-0.857421875,0.359375
1143,0.0380859375,-0.8701171875,0.3662109375
1144,0.03515625,-0.873046875,0.3828125
1145,0.0263671875,-0.869140625,0.3876953125
1146,0.0205078125,-0.8818359375,0.375
1147,0.0146484375,-0.8798828125,0.3349609375
1148,0.0107421875,-0.884765625,0.29296875
1149,0.001953125,-0.890625,0.244140625
1150,0.0009765625,-0.91015625,0.2236328125
1151,0.0,-0.9296875,0.2158203125
1152,0.00390625,-0.96875,0.236328125
1153,0.013671875,-1.0234375,0.259765625
1154,0.03125,-1.0791015625,0.28125
1155,0.0615234375,-1.14453125,0.314453125
1156,0.0966796875,-1.201171875,0.3310546875
1157,0.1318359375,-1.251953125,0.3369140625
1158,0.1484375,-1.2822265625,0.373046875
1159,0.1728515625,-1.291015625,0.388671875
1160,0.1943359375,-1.259765625,0.42578125
1161,0.1982421875,-1.208984375,0.4482421875
1162,0.173828125,-1.140625,0.4580078125
1163,0.1484375,-1.087890625,0.4384765625
1164,0.1357421875,-1.0341796875,0.4326171875
1165,0.119140625,-0.9775390625,0.4287109375
1166,0.1025390625,-0.9423828125,0.43359375
1167,0.0908203125,-0.927734375,0.4091796875
1168,0.10546875,-0.939453125,0.3544921875
1169,0.1083984375,-0.984375,0.228515625
1170,0.1142578125,-1.0966796875,0.1162109375
1171,0.1748046875,-1.26171875,0.0234375
1172,0.2119140625,-1.455078125,0.009765625
1173,0.25,-1.6572265625,0.05859375
1174,0.2568359375,-1.8330078125,0.171875
1175,0.2255859375,-1.9404296875,0.2998046875
1176,0.18359375,-1.98046875,0.4287109375
1177,0.1376953125,-1.9482421875,0.505859375
1178,0.09765625,-1.8564453125,0.4912109375
1179,0.0654296875,-1.7158203125,0.419921875
1180,0.01171875,-1.529296875,0.3310546875
1181,-0.0419921875,-1.330078125,0.2509765625
1182,-0.0673828125,-1.1533203125,0.16796875
1183,-0.0791015625,-1.0390625,0.0361328125
1184,-0.0703125,-0.95703125,-0.09375
1185,-0.068359375,-0.939453125,-0.2138671875
1186,-0.068359375,-0.966796875,-0.3115234375
1187,-0.0791015625,-1.017578125,-0.3603515625
1188,-0.091796875,-1.072265625,-0.375
1189,-0.107421875,-1.10546875,-0.3779296875
1190,-0.1259765625,-1.1015625,-0.34375
1191,-0.1591796875,-1.0576171875,-0.314453125
1192,-0.134765625,-0.9755859375,-0.26953125
1193,-0.0859375,-0.916015625,-0.2373046875
1194,-0.0341796875,-0.87109375,-0.2216796875
1195,-0.0009765625,-0.83203125,-0.2421875
1196,0.0361328125,-0.8212890625,-0.2255859375
1197,0.056640625,-0.84375,-0.1923828125
1198,0.05859375,-0.890625,-0.1337890625
1199,0.0419921875,-0.9453125,-0.0576171875
1200,0.0361328125,-1.03125,0.025390625
1201,0.0234375,-1.119140625,0.109375
1202,0.017578125,-1.18359375,0.1787109375
1203,0.017578125,-1.248046875,0.248046875
1204,0.0185546875,-1.2783203125,0.2900390625
1205,0.00390625,-1.302734375,0.3037109375
1206,-0.0009765625,-1.306640625,0.26171875
1207,-0.00390625,-1.28515625,0.251953125
1208,-0.001953125,-1.2177734375,0.2373046875
1209,-0.0078125,-1.1474609375,0.2041015625
1210,-0.0263671875,-1.06640625,0.173828125
1211,-0.0322265625,-0.99609375,0.126953125
1212,-0.0234375,-0.939453125,0.0595703125
1213,-0.009765625,-0.8984375,-0.0087890625
1214,-0.01171875,-0.8515625,-0.0556640625
1215,0.0029296875,-0.826171875,-0.0712890625
1216,0.005859375,-0.8056640625,-0.060546875
1217,-0.0029296875,-0.779296875,-0.0263671875
1218,-0.0234375,-0.7392578125,-0.0009765625
1219,-0.052734375,-0.6904296875,0.0322265625
1220,-0.0830078125,-0.677734375,0.033203125
1221,-0.0712890625,-0.6845703125,0.0419921875
1222,-0.06640625,-0.6845703125,0.0576171875
1223,-0.0888671875,-0.7041015625,0.056640625
1224,-0.119140625,-0.71875,0.0703125
1225,-0.1259765625,-0.7548828125,0.052734375
1226,-0.1044921875,-0.7646484375,0.041015625
1227,-0.103515625,-0.7578125,0.0556640625
1228,-0.1015625,-0.7578125,0.0810546875
1229,-0.09375,-0.76171875,0.078125
1230,-0.11328125,-0.7353515625,0.0869140625
1231,-0.109375,-0.7333984375,0.0478515625
1232,-0.0771484375,-0.6884765625,0.111328125
1233,-0.0478515625,-0.6708984375,0.1552734375
1234,-0.052734375,-0.66796875,0.1357421875
1235,-0.080078125,-0.6826171875,0.013671875
1236,-0.0615234375,-0.7158203125,-0.0126953125
1237,-0.0322265625,-0.7568359375,0.0625
1238,-0.041015625,-0.765625,0.1650390625
1239,-0.0537109375,-0.779296875,0.2373046875
1240,-0.078125,-0.7998046875,0.2734375
1241,-0.091796875,-0.8154296875,0.279296875
1242,-0.0966796875,-0.8212890625,0.2861328125
1243,-0.1083984375,-0.8203125,0.2763671875
1244,-0.1123046875,-0.8203125,0.2626953125
1245,-0.111328125,-0.8115234375,0.2353515625
1246,-0.1123046875,-0.8056640625,0.201171875
1247,-0.1162109375,-0.796875,0.1845703125
1248,-0.1240234375,-0.7763671875,0.1767578125
1249,-0.1318359375,-0.7705078125,0.181640625
1250,-0.1396484375,-0.765625,0.208984375
1251,-0.140625,-0.7734375,0.234375
1252,-0.142578125,-0.783203125,0.263671875
1253,-0.13671875,-0.794921875,0.2900390625
1254,-0.1298828125,-0.8212890625,0.3203125
1255,-0.12109375,-0.83984375,0.349609375
1256,-0.12109375,-0.8681640625,0.3564453125
1257,-0.1103515625,-0.8984375,0.3681640625
1258,-0.0869140625,-0.8984375,0.3876953125
1259,-0.0791015625,-0.8974609375,0.39453125
1260,-0.06640625,-0.8994140625,0.392578125
1261,-0.05859375,-0.8984375,0.3759765625
1262,-0.044921875,-0.9013671875,0.36328125
1263,-0.0380859375,-0.904296875,0.345703125
1264,-0.0166015625,-0.9052734375,0.3427734375
1265,-0.0029296875,-0.892578125,0.357421875
1266,-0.0087890625,-0.8828125,0.36328125
1267,-0.0185546875,-0.8671875,0.388671875
1268,-0.037109375,-0.8544921875,0.392578125
1269,-0.078125,-0.85546875,0.3759765625
1270,-0.1142578125,-0.8515625,0.3330078125
1271,-0.1767578125,-0.857421875,0.2724609375
1272,-0.2109375,-0.87890625,0.2158203125
1273,-0.244140625,-0.8994140625,0.1708984375
1274,-0.2421875,-0.943359375,0.1416015625
1275,-0.2451171875,-0.9970703125,0.1484375
1276,-0.21484375,-1.0693359375,0.2041015625
1277,-0.2451171875,-1.126953125,0.2744140625
1278,-0.2490234375,-1.1728515625,0.36328125
1279,-0.244140625,-1.203125,0.4677734375
1280,-0.232421875,-1.2158203125,0.5546875
1281,-0.2080078125,-1.208984375,0.61328125
1282,-0.16015625,-1.2060546875,0.64453125
1283,-0.1171875,-1.18359375,0.6416015625
1284,-0.11328125,-1.1611328125,0.6337890625
1285,-0.09375,-1.1298828125,0.6748046875
1286,-0.087890625,-1.1240234375,0.560546875
1287,-0.11328125,-1.1103515625,0.5185546875
1288,-0.1630859375,-1.087890625,0.4638671875
1289,-0.251953125,-1.0625,0.3203125
1290,-0.3232421875,-1.0859375,0.208984375
1291,-0.3662109375,-1.16015625,0.142578125
1292,-0.423828125,-1.271484375,0.1123046875
1293,-0.498046875,-1.40625,0.11328125
1294,-0.6083984375,-1.541015625,0.1357421875
1295,-0.6982421875,-1.62890625,0.17578125
1296,-0.7177734375,-1.66015625,0.228515625
1297,-0.7041015625,-1.6513671875,0.2314453125
1298,-0.64453125,-1.5869140625,0.185546875
1299,-0.5693359375,-1.4697265625,0.0654296875
1300,-0.5302734375,-1.3408203125,-0.076171875
1301,-0.5771484375,-1.1826171875,-0.2158203125
1302,-0.556640625,-1.01953125,-0.2978515625
1303,-0.390625,-0.9501953125,-0.4169921875
1304,-0.2021484375,-0.94921875,-0.537109375
1305,-0.041015625,-0.9345703125,-0.5732421875
1306,0.0888671875,-0.970703125,-0.55078125
1307,0.1748046875,-1.05078125,-0.4384765625
1308,0.2099609375,-1.1328125,-0.298828125
1309,0.185546875,-1.208984375,-0.1201171875
1310,0.166015625,-1.2822265625,0.005859375
1311,0.150390625,-1.3251953125,0.1064453125
1312,0.1201171875,-1.3349609375,0.1591796875
1313,0.0947265625,-1.298828125,0.1640625
1314,0.0693359375,-1.2626953125,0.0986328125
1315,0.041015625,-1.205078125,0.025390625
1316,0.009765625,-1.158203125,-0.0625
1317,-0.0400390625,-1.1318359375,-0.1416015625
1318,-0.0986328125,-1.091796875,-0.1982421875
1319,-0.14453125,-1.0732421875,-0.2041015625
1320,-0.1748046875,-1.05078125,-0.1826171875
1321,-0.1865234375,-1.056640625,-0.146484375
1322,-0.166015625,-1.0712890625,-0.08203125
1323,-0.173828125,-1.0751953125,-0.013671875
1324,-0.1630859375,-1.0830078125,0.0390625
1325,-0.1640625,-1.0888671875,0.0712890625
1326,-0.162109375,-1.0908203125,0.0751953125
1327,-0.1884765625,-1.0751953125,0.0771484375
1328,-0.1865234375,-1.0625,0.052734375
1329,-0.1796875,-1.02734375,0.025390625
1330,-0.181640625,-0.95703125,0.0068359375
1331,-0.171875,-0.9013671875,-0.01171875
1332,-0.1748046875,-0.8515625,-0.0517578125
1333,-0.1650390625,-0.7763671875,-0.0517578125
1334,-0.166015625,-0.7412109375,-0.0986328125
1335,-0.1611328125,-0.70703125,-0.1044921875
1336,-0.1611328125,-0.6982421875,-0.0859375
1337,-0.1259765625,-0.6806640625,-0.0185546875
1338,-0.099609375,-0.6787109375,0.017578125
1339,-0.09375,-0.68359375,0.0419921875
1340,-0.1005859375,-0.7138671875,0.0537109375
1341,-0.119140625,-0.7275390625,0.0615234375
1342,-0.09375,-0.7509765625,0.11328125
1343,-0.048828125,-0.7802734375,0.13671875
1344,0.009765625,-0.783203125,0.142578125
1345,0.0390625,-0.798828125,0.08203125
1346,0.064453125,-0.8525390625,0.06640625
1347,0.07421875,-0.9013671875,0.0615234375
1348,0.087890625,-0.908203125,0.119140625
1349,0.099609375,-0.927734375,0.1162109375
1350,0.1064453125,-0.8525390625,0.185546875
1351,0.103515625,-0.8427734375,0.189453125
1352,0.1240234375,-0.8046875,0.21875
1353,0.091796875,-0.791015625,0.1474609375
1354,0.0869140625,-0.787109375,0.0791015625
1355,0.0986328125,-0.76953125,0.0751953125
1356,0.1064453125,-0.7578125,0.0771484375
1357,0.10546875,-0.7509765625,0.10546875
1358,0.0869140625,-0.7470703125,0.1455078125
1359,0.0791015625,-0.7802734375,0.146484375
1360,0.09375,-0.798828125,0.169921875
1361,0.091796875,-0.810546875,0.21875
1362,0.1162109375,-0.8232421875,0.26953125
1363,0.1171875,-0.8056640625,0.2236328125
1364,0.1181640625,-0.78125,0.197265625
1365,0.1162109375,-0.7705078125,0.1875
1366,0.12890625,-0.7724609375,0.1796875
1367,0.1484375,-0.748046875,0.2158203125
1368,0.14453125,-0.7431640625,0.2236328125
1369,0.140625,-0.7333984375,0.212890625
1370,0.1103515625,-0.7275390625,0.220703125
1371,0.08203125,-0.7421875,0.2392578125
1372,0.080078125,-0.751953125,0.271484375
1373,0.0771484375,-0.7646484375,0.28515625
1374,0.0830078125,-0.779296875,0.3095703125
1375,0.0859375,-0.791015625,0.314453125
1376,0.08203125,-0.802734375,0.3251953125
1377,0.0712890625,-0.8095703125,0.3349609375
1378,0.0537109375,-0.822265625,0.337890625
1379,0.0419921875,-0.837890625,0.349609375
1380,0.02734375,-0.8525390625,0.3603515625
1381,0.01953125,-0.87109375,0.3720703125
1382,0.005859375,-0.88671875,0.3818359375
1383,0.001953125,-0.896484375,0.39453125
1384,-0.01171875,-0.90625,0.4111328125
1385,-0.029296875,-0.9248046875,0.4228515625
1386,-0.064453125,-0.9521484375,0.40625
1387,-0.0986328125,-0.966796875,0.4130859375
1388,-0.1220703125,-0.9775390625,0.423828125
1389,-0.1533203125,-0.9853515625,0.421875
1390,-0.146484375,-1.0,0.3994140625
1391,-0.1640625,-1.00390625,0.375
1392,-0.1572265625,-1.013671875,0.341796875
1393,-0.1494140625,-1.021484375,0.302734375
1394,-0.16796875,-1.033203125,0.302734375
1395,-0.1455078125,-1.0517578125,0.291015625
1396,-0.126953125,-1.0625,0.328125
1397,-0.080078125,-1.0576171875,0.3671875
1398,-0.0380859375,-1.0576171875,0.408203125
1399,-0.00390625,-1.08203125,0.3994140625
1400,0.0576171875,-1.0810546875,0.4208984375
1401,0.1015625,-1.072265625,0.455078125
1402,0.13671875,-1.0576171875,0.4736328125
1403,0.1708984375,-1.0517578125,0.45703125
1404,0.203125,-1.0517578125,0.3935546875
1405,0.23828125,-1.06640625,0.302734375
1406,0.2734375,-1.0908203125,0.197265625
1407,0.31640625,-1.158203125,0.095703125
1408,0.34375,-1.271484375,0.0322265625
1409,0.35546875,-1.4208984375,0.0126953125
1410,0.3349609375,-1.646484375,0.0947265625
1411,0.294921875,-1.8037109375,0.212890625
1412,0.2490234375,-1.8994140625,0.3232421875
1413,0.2236328125,-1.9404296875,0.384765625
1414,0.203125,-1.9453125,0.3740234375
1415,0.173828125,-1.8837890625,0.306640625
1416,0.1015625,-1.755859375,0.2314453125
1417,0.0390625,-1.60546875,0.1748046875
1418,0.0166015625,-1.41796875,0.1025390625
1419,0.05078125,-1.2470703125,-0.0009765625
1420,0.0849609375,-1.09375,-0.1513671875
1421,0.103515625,-0.994140625,-0.3271484375
1422,0.0986328125,-0.9345703125,-0.4443359375
1423,0.0791015625,-0.91796875,-0.5078125
1424,0.0224609375,-0.9150390625,-0.4970703125
1425,-0.0341796875,-0.9091796875,-0.43359375
1426,-0.0634765625,-0.9033203125,-0.341796875
1427,-0.083984375,-0.87890625,-0.265625
1428,-0.06640625,-0.853515625,-0.2119140625
1429,-0.0244140625,-0.8408203125,-0.126953125
1430,0.0390625,-0.8623046875,-0.0830078125
1431,0.107421875,-0.90234375,-0.037109375
1432,0.1181640625,-0.9482421875,-0.00390625
1433,0.12890625,-1.0068359375,0.0390625
1434,0.12890625,-1.07421875,0.0654296875
1435,0.1318359375,-1.1337890625,0.0693359375
1436,0.130859375,-1.1748046875,0.0732421875
1437,0.134765625,-1.203125,0.109375
1438,0.126953125,-1.2421875,0.1015625
1439,0.138671875,-1.2255859375,0.138671875
1440,0.158203125,-1.24609375,0.115234375
1441,0.1630859375,-1.2021484375,0.1279296875
1442,0.134765625,-1.169921875,0.1494140625
1443,0.0869140625,-1.1494140625,0.150390625
1444,0.0498046875,-1.1171875,0.1474609375
1445,-0.0029296875,-1.091796875,0.140625
1446,-0.0498046875,-1.0419921875,0.126953125
1447,-0.072265625,-0.9775390625,0.0859375
1448,-0.078125,-0.9140625,0.021484375
1449,-0.056640625,-0.8583984375,-0.06640625
1450,-0.0146484375,-0.80078125,-0.15234375
1451,0.01171875,-0.7763671875,-0.232421875
1452,0.0166015625,-0.728515625,-0.2275390625
1453,-0.0107421875,-0.6728515625,-0.216796875
1454,-0.0341796875,-0.6181640625,-0.1640625
1455,-0.0517578125,-0.626953125,-0.12109375
1456,-0.056640625,-0.6337890625,-0.05078125
1457,-0.0849609375,-0.6728515625,-0.017578125
1458,-0.0732421875,-0.69921875,0.013671875
1459,-0.0478515625,-0.724609375,0.0263671875
1460,-0.0419921875,-0.7578125,0.017578125
1461,-0.0576171875,-0.7939453125,0.0263671875
1462,-0.0546875,-0.8388671875,0.056640625
1463,-0.064453125,-0.880859375,0.06640625
1464,-0.0703125,-0.875,0.0986328125
1465,-0.0869140625,-0.8603515625,0.087890625
1466,-0.0771484375,-0.8359375,0.044921875
1467,-0.0693359375,-0.8056640625,0.0078125
1468,-0.0673828125,-0.78125,0.0224609375
1469,-0.07421875,-0.76171875,0.064453125
1470,-0.0673828125,-0.73046875,0.134765625
1471,-0.068359375,-0.732421875,0.1181640625
1472,-0.0966796875,-0.740234375,0.033203125
1473,-0.1181640625,-0.7734375,-0.03515625
1474,-0.107421875,-0.78125,0.01953125
1475,-0.0966796875,-0.7763671875,0.09375
1476,-0.1162109375,-0.759765625,0.1630859375
1477,-0.1240234375,-0.779296875,0.1962890625
1478,-0.146484375,-0.796875,0.1884765625
1479,-0.173828125,-0.8095703125,0.1845703125
1480,-0.1875,-0.8095703125,0.1962890625
1481,-0.146484375,-0.8173828125,0.1533203125
1482,-0.1533203125,-0.791015625,0.142578125
1483,-0.13671875,-0.7685546875,0.16015625
1484,-0.1552734375,-0.7490234375,0.1884765625
1485,-0.150390625,-0.7509765625,0.2041015625
1486,-0.162109375,-0.7509765625,0.197265625
1487,-0.1689453125,-0.7509765625,0.205078125
1488,-0.162109375,-0.7666015625,0.2001953125
1489,-0.1396484375,-0.798828125,0.2109375
1490,-0.11328125,-0.84375,0.2275390625
1491,-0.0966796875,-0.8837890625,0.24609375
1492,-0.0859375,-0.9111328125,0.2568359375
1493,-0.08203125,-0.9365234375,0.2880859375
1494,-0.087890625,-0.9384765625,0.31640625
1495,-0.09765625,-0.9482421875,0.3310546875
1496,-0.0771484375,-0.953125,0.3564453125
1497,-0.0595703125,-0.9375,0.3623046875
1498,-0.0556640625,-0.912109375,0.3798828125
1499,-0.05078125,-0.91796875,0.3642578125
1500,-0.02734375,-0.9013671875,0.3603515625
1501,-0.0419921875,-0.84765625,0.3916015625
1502,-0.052734375,-0.837890625,0.380859375
1503,-0.0732421875,-0.826171875,0.3369140625
1504,-0.078125,-0.80078125,0.318359375
1505,-0.0810546875,-0.7900390625,0.2900390625
1506,-0.09765625,-0.79296875,0.25390625
1507,-0.0888671875,-0.7958984375,0.224609375
1508,-0.078125,-0.8232421875,0.1884765625
1509,-0.0830078125,-0.853515625,0.1826171875
1510,-0.1044921875,-0.8974609375,0.216796875
1511,-0.138671875,-0.947265625,0.2392578125
1512,-0.1708984375,-1.0078125,0.263671875
1513,-0.212890625,-1.0673828125,0.3115234375
1514,-0.2392578125,-1.1181640625,0.3544921875
1515,-0.2373046875,-1.173828125,0.388671875
1516,-0.228515625,-1.2060546875,0.423828125
1517,-0.205078125,-1.244140625,0.4609375
1518,-0.1806640625,-1.2490234375,0.490234375
1519,-0.140625,-1.2548828125,0.5078125
1520,-0.0947265625,-1.2314453125,0.53515625
1521,-0.044921875,-1.19140625,0.5517578125
1522,0.00390625,-1.138671875,0.544921875
1523,0.0283203125,-1.087890625,0.5068359375
1524,-0.017578125,-1.033203125,0.4072265625
1525,-0.1123046875,-0.962890625,0.248046875
1526,-0.20703125,-0.9501953125,0.0341796875
1527,-0.27734375,-0.990234375,-0.1689453125
1528,-0.2958984375,-1.0947265625,-0.3232421875
1529,-0.3046875,-1.267578125,-0.3466796875
1530,-0.359375,-1.537109375,-0.2763671875
1531,-0.5537109375,-1.734375,-0.16796875
1532,-0.7275390625,-1.8583984375,-0.0595703125
1533,-0.7607421875,-1.9306640625,0.0478515625
1534,-0.671875,-1.9326171875,0.115234375
1535,-0.55859375,-1.8603515625,0.0947265625
1536,-0.4375,-1.7236328125,0.0185546875
1537,-0.349609375,-1.5205078125,-0.0712890625
1538,-0.306640625,-1.2763671875,-0.15234375
1539,-0.248046875,-1.0419921875,-0.248046875
1540,-0.17578125,-0.8603515625,-0.3994140625
1541,-0.0830078125,-0.775390625,-0.583984375
1542,0.0068359375,-0.74609375,-0.7060546875
1543,0.0712890625,-0.7783203125,-0.75
1544,0.1083984375,-0.8740234375,-0.70703125
1545,0.1025390625,-0.98046875,-0.603515625
1546,0.0771484375,-1.099609375,-0.4482421875
1547,0.046875,-1.18359375,-0.275390625
1548,0.017578125,-1.2802734375,-0.1376953125
1549,0.0126953125,-1.34375,-0.0068359375
1550,0.0107421875,-1.39453125,0.0439453125
1551,0.01171875,-1.4091796875,0.0751953125
1552,0.021484375,-1.400390625,0.076171875
1553,0.001953125,-1.3642578125,0.0458984375
1554,-0.017578125,-1.314453125,0.009765625
1555,-0.0498046875,-1.25390625,-0.0380859375
1556,-0.08203125,-1.1845703125,-0.072265625
1557,-0.0927734375,-1.140625,-0.103515625
1558,-0.1005859375,-1.099609375,-0.15234375
1559,-0.0888671875,-1.064453125,-0.19140625
1560,-0.08984375,-1.0107421875,-0.1845703125
1561,-0.1005859375,-0.966796875,-0.1591796875
1562,-0.12890625,-0.9306640625,-0.1416015625
1563,-0.171875,-0.91796875,-0.1357421875
1564,-0.185546875,-0.904296875,-0.1142578125
1565,-0.169921875,-0.892578125,-0.0693359375
1566,-0.1923828125,-0.88671875,-0.0302734375
1567,-0.1689453125,-0.890625,-0.017578125
1568,-0.1787109375,-0.8857421875,0.01953125
1569,-0.181640625,-0.8984375,0.02734375
1570,-0.212890625,-0.8955078125,0.0234375
1571,-0.23828125,-0.8984375,0.0244140625
1572,-0.2421875,-0.9013671875,0.02734375
1573,-0.2353515625,-0.921875,0.0224609375
1574,-0.19921875,-0.9375,0.001953125
1575,-0.14453125,-0.943359375,-0.001953125
1576,-0.1181640625,-0.943359375,-0.005859375
1577,-0.095703125,-0.9375,-0.021484375
1578,-0.05859375,-0.9365234375,-0.029296875
1579,-0.0078125,-0.9375,0.005859375
1580,0.0,-0.9365234375,0.025390625
1581,0.0146484375,-0.93359375,0.0537109375
1582,0.0458984375,-0.943359375,0.0908203125
1583,0.0810546875,-0.9384765625,0.1083984375
1584,0.1171875,-0.8955078125,0.115234375
1585,0.146484375,-0.876953125,0.0830078125
1586,0.150390625,-0.8466796875,0.05859375
1587,0.1650390625,-0.814453125,0.0439453125
1588,0.177734375,-0.7685546875,0.0390625
1589,0.154296875,-0.7158203125,0.037109375
1590,0.14453125,-0.677734375,0.0380859375
1591,0.111328125,-0.6533203125,0.0185546875
1592,0.099609375,-0.6484375,0.0107421875
1593,0.107421875,-0.65625,0.0205078125
1594,0.072265625,-0.662109375,0.0478515625
1595,0.0595703125,-0.6591796875,0.1279296875
1596,0.0732421875,-0.6611328125,0.201171875
1597,0.0283203125,-0.7666015625,0.14453125
1598,0.0234375,-0.7958984375,0.1416015625
1599,-0.0224609375,-0.8232421875,0.0556640625
1600,-0.0361328125,-0.822265625,0.025390625
1601,-0.021484375,-0.841796875,0.064453125
1602,-0.0205078125,-0.8515625,0.142578125
1603,-0.033203125,-0.87109375,0.1943359375
1604,-0.0439453125,-0.888671875,0.2080078125
1605,-0.0322265625,-0.88671875,0.2109375
1606,-0.0087890625,-0.8662109375,0.2099609375
1607,0.0224609375,-0.84375,0.20703125
1608,0.0693359375,-0.8154296875,0.1962890625
1609,0.09375,-0.78125,0.169921875
1610,0.1123046875,-0.734375,0.181640625
1611,0.119140625,-0.720703125,0.1708984375
1612,0.103515625,-0.708984375,0.1689453125
1613,0.0751953125,-0.7041015625,0.1630859375
1614,0.046875,-0.708984375,0.19140625
1615,0.025390625,-0.73046875,0.216796875
1616,0.013671875,-0.748046875,0.2373046875
1617,0.0068359375,-0.7685546875,0.2509765625
1618,0.0029296875,-0.7724609375,0.2490234375
1619,-0.0009765625,-0.7802734375,0.2412109375
1620,-0.009765625,-0.79296875,0.2392578125
1621,-0.0302734375,-0.796875,0.2529296875
1622,-0.033203125,-0.8056640625,0.2587890625
1623,-0.0419921875,-0.798828125,0.2666015625
1624,-0.05859375,-0.78515625,0.27734375
1625,-0.0498046875,-0.77734375,0.2724609375
1626,-0.044921875,-0.763671875,0.279296875
1627,-0.0322265625,-0.7587890625,0.2822265625
1628,-0.0234375,-0.7568359375,0.28125
1629,0.001953125,-0.765625,0.26171875
1630,0.0283203125,-0.7861328125,0.2353515625
1631,0.078125,-0.822265625,0.18359375
1632,0.1162109375,-0.859375,0.1259765625
1633,0.1435546875,-0.9150390625,0.0703125
1634,0.185546875,-0.951171875,0.021484375
1635,0.1875,-1.001953125,-0.041015625
1636,0.1533203125,-1.0576171875,-0.091796875
1637,0.1162109375,-1.140625,-0.109375
1638,0.0654296875,-1.22265625,-0.0830078125
1639,0.01953125,-1.3095703125,-0.0263671875
1640,0.0146484375,-1.3798828125,0.064453125
1641,0.04296875,-1.4482421875,0.16796875
1642,0.0751953125,-1.5029296875,0.28125
1643,0.0771484375,-1.5400390625,0.3349609375
1644,0.07421875,-1.5126953125,0.3525390625
1645,0.0634765625,-1.4833984375,0.3232421875
1646,0.076171875,-1.458984375,0.255859375
1647,0.1328125,-1.4345703125,0.146484375
1648,0.220703125,-1.4248046875,0.009765625
1649,0.2861328125,-1.421875,-0.193359375
1650,0.271484375,-1.400390625,-0.3291015625
1651,0.2041015625,-1.37890625,-0.3759765625
1652,0.1904296875,-1.357421875,-0.3212890625
1653,0.271484375,-1.318359375,-0.2587890625
1654,0.34375,-1.27734375,-0.208984375
1655,0.486328125,-1.2373046875,-0.2802734375
1656,0.59375,-1.185546875,-0.3369140625
1657,0.6259765625,-1.1435546875,-0.357421875
1658,0.5966796875,-1.1015625,-0.3818359375
1659,0.533203125,-1.0419921875,-0.3642578125
1660,0.513671875,-0.974609375,-0.306640625
1661,0.5029296875,-0.89453125,-0.2685546875
1662,0.501953125,-0.8291015625,-0.259765625
1663,0.4765625,-0.787109375,-0.236328125
1664,0.4150390625,-0.7626953125,-0.2041015625
1665,0.3583984375,-0.76953125,-0.1689453125
1666,0.2666015625,-0.794921875,-0.1318359375
1667,0.2001953125,-0.8662109375,-0.0908203125
1668,0.1611328125,-0.9541015625,-0.0439453125
1669,0.140625,-1.0458984375,0.001953125
1670,0.123046875,-1.126953125,0.025390625
1671,0.09375,-1.171875,0.0400390625
1672,0.0556640625,-1.177734375,0.0732421875
1673,0.0126953125,-1.158203125,0.1005859375
1674,-0.009765625,-1.1279296875,0.0908203125
1675,-0.0302734375,-1.0673828125,0.0625
1676,-0.05078125,-0.9873046875,0.0224609375
1677,-0.0576171875,-0.8798828125,-0.0078125
1678,-0.05859375,-0.7607421875,-0.0078125
1679,-0.068359375,-0.640625,-0.01953125
1680,-0.078125,-0.53515625,-0.0244140625
1681,-0.078125,-0.4521484375,-0.0205078125
1682,-0.0810546875,-0.38671875,-0.0126953125
1683,-0.0625,-0.3369140625,0.01171875
1684,-0.037109375,-0.3037109375,0.025390625
1685,0.0,-0.306640625,-0.0009765625
1686,0.0615234375,-0.328125,-0.03125
1687,0.12109375,-0.3564453125,-0.0556640625
1688,0.1806640625,-0.4150390625,-0.0859375
1689,0.2119140625,-0.47265625,-0.107421875
1690,0.234375,-0.578125,-0.103515625
1691,0.2607421875,-0.68359375,-0.076171875
1692,0.2744140625,-0.78125,-0.05859375
1693,0.2626953125,-0.8916015625,-0.048828125
1694,0.21484375,-0.9921875,-0.044921875
1695,0.1337890625,-1.0888671875,-0.025390625
1696,0.041015625,-1.18359375,-0.001953125
1697,-0.05859375,-1.2783203125,0.0810546875
1698,-0.1611328125,-1.3486328125,0.171875
1699,-0.2705078125,-1.4111328125,0.259765625
1700,-0.384765625,-1.45703125,0.31640625
1701,-0.46484375,-1.4775390625,0.37109375
1702,-0.5244140625,-1.4658203125,0.3828125
1703,-0.568359375,-1.419921875,0.3525390625
1704,-0.5908203125,-1.36328125,0.291015625
1705,-0.607421875,-1.2998046875,0.2412109375
1706,-0.63671875,-1.2099609375,0.21484375
1707,-0.63671875,-1.1494140625,0.1923828125
1708,-0.59375,-1.1015625,0.19921875
1709,-0.552734375,-1.064453125,0.2021484375
1710,-0.4912109375,-1.03125,0.2255859375
1711,-0.48046875,-1.0419921875,0.2607421875
1712,-0.490234375,-1.0439453125,0.345703125
1713,-0.466796875,-1.0537109375,0.4482421875
1714,-0.4189453125,-1.052734375,0.49609375
1715,-0.3955078125,-1.0498046875,0.509765625
1716,-0.3583984375,-1.083984375,0.474609375
1717,-0.2998046875,-1.1005859375,0.4384765625
1718,-0.2724609375,-1.12890625,0.3701171875
1719,-0.240234375,-1.138671875,0.322265625
1720,-0.240234375,-1.1201171875,0.349609375
1721,-0.2109375,-1.1162109375,0.341796875
1722,-0.1953125,-1.1328125,0.28125
1723,-0.177734375,-1.1435546875,0.2265625
1724,-0.1982421875,-1.1552734375,0.1806640625
1725,-0.2353515625,-1.1455078125,0.1748046875
1726,-0.2822265625,-1.107421875,0.251953125
1727,-0.33984375,-1.0576171875,0.359375
1728,-0.37890625,-1.03515625,0.404296875
1729,-0.3564453125,-1.0498046875,0.353515625
1730,-0.3447265625,-1.09375,0.2373046875
1731,-0.2880859375,-1.01953125,0.2568359375
1732,-0.3056640625,-0.9453125,0.3359375
1733,-0.296875,-0.935546875,0.2646484375
1734,-0.244140625,-0.919921875,0.1533203125
1735,-0.21484375,-0.8544921875,0.06640625
1736,-0.1767578125,-0.802734375,0.017578125
1737,-0.1279296875,-0.787109375,-0.0302734375
1738,-0.0595703125,-0.779296875,-0.04296875
1739,-0.0185546875,-0.806640625,-0.0498046875
1740,-0.025390625,-0.8740234375,-0.095703125
1741,-0.0302734375,-0.9482421875,-0.1533203125
1742,0.0009765625,-0.974609375,-0.1640625
1743,0.091796875,-0.9365234375,-0.1416015625
1744,0.208984375,-0.904296875,-0.177734375
1745,0.3330078125,-0.8505859375,-0.255859375
1746,0.44140625,-0.783203125,-0.3408203125
1747,0.5,-0.7138671875,-0.4443359375
1748,0.541015625,-0.6015625,-0.494140625
1749,0.576171875,-0.451171875,-0.4140625
1750,0.5947265625,-0.279296875,-0.376953125
1751,0.5712890625,-0.18359375,-0.3779296875
1752,0.5205078125,-0.1220703125,-0.4130859375
1753,0.453125,-0.0947265625,-0.4599609375
1754,0.423828125,-0.0947265625,-0.48828125
1755,0.443359375,-0.107421875,-0.4736328125
1756,0.439453125,-0.1669921875,-0.466796875
1757,0.3876953125,-0.2900390625,-0.470703125
1758,0.3798828125,-0.380859375,-0.357421875
1759,0.318359375,-0.474609375,-0.2021484375
1760,0.2607421875,-0.580078125,-0.0673828125
1761,0.21875,-0.7001953125,0.046875
1762,0.12109375,-0.837890625,0.166015625
1763,0.033203125,-0.97265625,0.251953125
1764,0.0205078125,-1.0712890625,0.2392578125
1765,0.0029296875,-1.0859375,0.232421875
1766,0.009765625,-0.9951171875,0.2197265625
1767,-0.0859375,-0.880859375,0.140625
1768,-0.1689453125,-0.7275390625,0.0439453125
1769,-0.2392578125,-0.578125,0.041015625
1770,-0.1943359375,-0.359375,0.1484375
1771,-0.1181640625,-0.208984375,0.2412109375
1772,-0.115234375,-0.0732421875,0.2783203125
1773,-0.095703125,0.033203125,0.3203125
1774,-0.0244140625,0.0244140625,0.2734375
1775,0.048828125,0.015625,0.1552734375
1776,-0.01171875,0.25390625,0.208984375
1777,-0.0908203125,0.2861328125,0.0439453125
1778,-0.185546875,0.3193359375,-0.015625
1779,-0.3955078125,0.3193359375,-0.0205078125
1780,-0.642578125,0.3369140625,0.1201171875
1781,-0.8037109375,0.376953125,0.390625
1782,-0.8212890625,0.3310546875,0.568359375
1783,-0.794921875,0.2255859375,0.59375
1784,-0.65625,0.1201171875,0.51953125
1785,-0.4755859375,0.0322265625,0.35546875
1786,-0.30078125,-0.0224609375,0.021484375
1787,0.0830078125,-0.177734375,-0.3701171875
1788,0.3330078125,-0.3525390625,-0.8115234375
1789,0.5087890625,-0.49609375,-1.19140625
1790,0.5048828125,-0.646484375,-1.3017578125
1791,0.224609375,-0.798828125,-1.2919921875
1792,0.06640625,-1.04296875,-1.236328125
1793,0.03515625,-1.2802734375,-1.1767578125
1794,0.1689453125,-1.57421875,-1.1357421875
1795,0.275390625,-1.8466796875,-1.1533203125
1796,0.359375,-2.0947265625,-1.2275390625
1797,0.4658203125,-2.3203125,-1.3017578125
1798,0.6005859375,-2.4736328125,-1.330078125
1799,0.666015625,-2.5693359375,-1.3251953125
1800,0.5869140625,-2.6318359375,-1.3740234375
1801,0.400390625,-2.7421875,-1.5400390625
1802,0.2294921875,-2.82421875,-1.7294921875
1803,0.0625,-2.9365234375,-1.96875
1804,-0.0751953125,-2.9677734375,-2.1806640625
1805,-0.1220703125,-2.869140625,-2.2099609375
1806,-0.2880859375,-2.8310546875,-2.3134765625
1807,-0.197265625,-2.9111328125,-2.40234375
1808,0.0322265625,-3.2236328125,-2.4990234375
1809,0.4130859375,-3.41796875,-2.3603515625
1810,0.8369140625,-3.4912109375,-2.0009765625
1811,1.177734375,-3.4833984375,-1.6015625
1812,1.255859375,-3.345703125,-1.107421875
1813,1.1650390625,-3.04296875,-0.7138671875
1814,0.8515625,-2.6328125,-0.4931640625
1815,0.7021484375,-2.21484375,-0.337890625
1816,0.6513671875,-1.845703125,-0.3115234375
1817,0.5927734375,-1.5126953125,-0.33984375
1818,0.51171875,-1.220703125,-0.3759765625
1819,0.3935546875,-1.0634765625,-0.357421875
1820,0.3125,-0.921875,-0.19921875
1821,0.1962890625,-0.759765625,0.0283203125
1822,0.1396484375,-0.748046875,0.0732421875
1823,0.0986328125,-0.6953125,0.060546875
1824,0.021484375,-0.6796875,0.0087890625
1825,-0.0615234375,-0.5576171875,0.052734375
1826,-0.2353515625,-0.427734375,0.037109375
1827,-0.462890625,-0.4228515625,-0.056640625
1828,-0.63671875,-0.4990234375,-0.029296875
1829,-0.7529296875,-0.923828125,-0.025390625
1830,-0.6005859375,-1.3466796875,0.3154296875
1831,-0.6806640625,-1.27734375,0.794921875
1832,-0.78515625,-1.0283203125,1.234375
1833,-0.783203125,-0.8427734375,1.44921875
1834,-0.6220703125,-0.7666015625,1.365234375
1835,-0.458984375,-0.6357421875,1.138671875
1836,-0.333984375,-0.45703125,0.8349609375
1837,-0.1845703125,-0.275390625,0.5478515625
1838,0.0458984375,-0.0673828125,0.294921875
1839,0.1953125,0.1142578125,0.12890625
1840,0.28515625,0.2783203125,0.0517578125
1841,0.251953125,0.4111328125,-0.0009765625
1842,0.1513671875,0.4873046875,-0.0146484375
1843,-0.0048828125,0.4482421875,-0.04296875
1844,-0.0927734375,0.392578125,0.0234375
1845,-0.1533203125,0.2822265625,0.1005859375
1846,-0.142578125,0.1455078125,0.1611328125
1847,-0.109375,0.0322265625,0.224609375
1848,-0.1201171875,-0.0498046875,0.3125
1849,-0.2216796875,-0.1025390625,0.37890625
1850,-0.3720703125,-0.1259765625,0.37890625
1851,-0.5517578125,-0.1083984375,0.3369140625
1852,-0.62890625,-0.0859375,0.2177734375
1853,-0.6513671875,-0.087890625,0.01171875
1854,-0.6494140625,-0.0751953125,-0.1875
1855,-0.6357421875,-0.0673828125,-0.3916015625
1856,-0.626953125,-0.07421875,-0.5673828125
1857,-0.6376953125,-0.052734375,-0.673828125
1858,-0.638671875,-0.015625,-0.685546875
1859,-0.62109375,0.0,-0.66796875
1860,-0.552734375,0.0185546875,-0.615234375
1861,-0.4765625,0.0576171875,-0.541015625
1862,-0.4296875,0.087890625,-0.46875
1863,-0.396484375,0.09375,-0.400390625
1864,-0.359375,0.0751953125,-0.3408203125
1865,-0.3125,0.0400390625,-0.2919921875
1866,-0.2578125,-0.0146484375,-0.283203125
1867,-0.212890625,-0.1142578125,-0.3369140625
1868,-0.154296875,-0.2138671875,-0.4208984375
1869,-0.1220703125,-0.34765625,-0.5869140625
1870,-0.080078125,-0.5615234375,-0.7734375
1871,-0.0791015625,-0.7197265625,-0.9677734375
1872,-0.09375,-0.8203125,-1.0205078125
1873,-0.1494140625,-0.845703125,-0.97265625
1874,-0.3232421875,-0.828125,-0.935546875
1875,-0.515625,-0.822265625,-0.9833984375
1876,-0.6962890625,-0.84375,-1.138671875
1877,-0.7197265625,-0.857421875,-1.33203125
1878,-0.6435546875,-0.7705078125,-1.435546875
1879,-0.6318359375,-0.57421875,-1.392578125
1880,-0.552734375,-0.041015625,-1.11328125
1881,-0.7734375,0.65625,-0.8369140625
1882,-0.86328125,1.22265625,-0.783203125
1883,-1.5869140625,0.9814453125,-6.447265625
1884,-2.8876953125,1.138671875,-8.0
1885,-2.51953125,1.919921875,-0.14453125
1886,3.9814453125,1.5263671875,5.9677734375
1887,-1.333984375,0.1591796875,-0.025390625
1888,-1.5947265625,0.091796875,-0.654296875
1889,-1.3984375,-1.2177734375,-4.162109375
1890,-1.72265625,-1.6396484375,-3.2333984375
1891,-2.2119140625,-1.234375,-2.6650390625
1892,-1.9384765625,-0.4541015625,-2.421875
1893,-1.9228515625,0.3046875,-2.330078125
1894,-1.9599609375,0.0595703125,-1.8798828125
1895,-1.6162109375,-0.2177734375,-1.9130859375
1896,-1.0537109375,0.138671875,-2.814453125
1897,-0.8544921875,0.5048828125,-2.9267578125
1898,-1.0849609375,0.583984375,-2.7392578125
1899,-1.3388671875,0.4443359375,-2.3662109375
1900,-1.1875,0.5517578125,-2.0283203125
1901,-1.193359375,-0.033203125,-1.828125
1902,-1.2607421875,-0.3515625,-1.37890625
1903,-1.37890625,-0.91015625,-1.6044921875
1904,-0.9775390625,-1.1435546875,-1.599609375
1905,-1.28125,-0.25390625,-1.849609375
1906,-1.6083984375,0.59375,-2.47265625
1907,-1.560546875,1.052734375,-2.3466796875
1908,-1.154296875,1.044921875,-1.935546875
1909,-0.92578125,1.0771484375,-1.634765625
1910,-0.669921875,0.755859375,-1.2548828125
1911,-0.6044921875,1.0947265625,-1.396484375
1912,-0.7138671875,1.4599609375,-1.5205078125
1913,-0.8203125,1.2724609375,-1.64453125
1914,-0.517578125,1.103515625,-1.486328125
1915,-0.4931640625,1.0478515625,-1.1708984375
1916,-0.60546875,1.126953125,-0.873046875
1917,-0.5556640625,0.9375,-0.66015625
1918,-0.2470703125,0.595703125,-0.4716796875
1919,-0.140625,0.2900390625,-0.3359375
1920,-0.2421875,0.16796875,-0.1943359375
1921,-0.38671875,0.072265625,-0.0478515625
1922,-0.4912109375,0.0458984375,0.046875
1923,-0.5126953125,0.091796875,0.0869140625
1924,-0.5,0.177734375,0.013671875
1925,-0.4716796875,0.236328125,-0.06640625
1926,-0.4501953125,0.33203125,-0.095703125
1927,-0.3486328125,0.37890625,-0.1435546875
1928,-0.224609375,0.4345703125,-0.1328125
1929,-0.2294921875,0.5009765625,-0.16015625
1930,-0.25390625,0.5302734375,-0.0908203125
1931,-0.3896484375,0.5966796875,-0.01171875
1932,-0.5205078125,0.67578125,0.1103515625
1933,-0.572265625,0.6953125,0.2001953125
1934,-0.619140625,0.71875,0.2158203125
1935,-0.6015625,0.7451171875,0.2001953125
1936,-0.5224609375,0.7470703125,0.1357421875
1937,-0.3623046875,0.7177734375,0.0771484375
1938,-0.2724609375,0.6767578125,0.025390625
1939,-0.4912109375,0.763671875,0.015625
1940,-0.611328125,0.8369140625,0.0458984375
1941,-0.6435546875,0.8486328125,0.0693359375
1942,-0.6298828125,0.8125,0.0517578125
1943,-0.689453125,0.77734375,0.0
1944,-0.6064453125,0.71875,0.0
1945,-0.5771484375,0.6982421875,0.0087890625
1946,-0.6259765625,0.6728515625,0.015625
1947,-0.681640625,0.587890625,0.01171875
1948,-0.74609375,0.482421875,0.0302734375
1949,-0.8271484375,0.404296875,0.0830078125
1950,-0.9375,0.3408203125,0.12109375
1951,-1.009765625,0.3291015625,0.146484375
1952,-1.0634765625,0.3193359375,0.150390625
1953,-1.1005859375,0.3173828125,0.14453125
1954,-1.1416015625,0.3193359375,0.1025390625
1955,-1.1943359375,0.328125,0.05078125
1956,-1.2265625,0.3525390625,0.013671875
1957,-1.2431640625,0.3720703125,-0.0205078125
1958,-1.232421875,0.390625,-0.0390625
1959,-1.224609375,0.404296875,-0.05078125
1960,-1.1982421875,0.4140625,-0.0732421875
1961,-1.1806640625,0.4189453125,-0.0703125
1962,-1.162109375,0.427734375,-0.05859375
1963,-1.1533203125,0.4296875,-0.0537109375
1964,-1.1650390625,0.4140625,-0.052734375
1965,-1.193359375,0.4072265625,-0.0224609375
1966,-1.1943359375,0.404296875,-0.001953125
1967,-1.193359375,0.388671875,0.013671875
1968,-1.193359375,0.3798828125,0.0185546875
1969,-1.1611328125,0.37890625,0.01953125
1970,-1.1171875,0.3544921875,0.0146484375
1971,-1.072265625,0.3193359375,0.0009765625
1972,-1.037109375,0.291015625,-0.005859375
1973,-1.005859375,0.26171875,-0.013671875
1974,-1.00390625,0.2451171875,0.0048828125
1975,-1.0078125,0.2353515625,0.033203125
1976,-1.0087890625,0.2236328125,0.0654296875
1977,-0.990234375,0.2041015625,0.1064453125
1978,-0.96484375,0.1708984375,0.138671875
1979,-0.9443359375,0.14453125,0.1669921875
1980,-0.927734375,0.1201171875,0.1748046875
1981,-0.9091796875,0.083984375,0.1787109375
1982,-0.8671875,0.0849609375,0.18359375
1983,-0.93359375,0.0556640625,0.1689453125
1984,-0.939453125,0.0341796875,0.16015625
1985,-0.935546875,0.005859375,0.138671875
1986,-0.9404296875,-0.0048828125,0.103515625
1987,-0.9560546875,-0.0087890625,0.064453125
1988,-0.9755859375,-0.0078125,0.0263671875
1989,-0.9912109375,-0.0029296875,-0.025390625
1990,-0.99609375,0.0048828125,-0.0498046875
1991,-1.005859375,-0.0068359375,-0.0654296875
1992,-1.0166015625,0.0029296875,-0.052734375
1993,-1.05078125,0.025390625,-0.029296875
1994,-1.0634765625,0.03515625,-0.017578125
1995,-1.0693359375,0.0361328125,-0.0224609375
1996,-1.0625,0.03125,-0.041015625
1997,-1.0546875,0.03515625,-0.0537109375
1998,-1.04296875,0.029296875,-0.05859375
1999,-1.0380859375,0.0283203125,-0.0576171875
2000,-1.03515625,0.0234375,-0.0478515625
2001,-1.017578125,0.017578125,-0.033203125
2002,-1.0,0.013671875,-0.0205078125
2003,-0.9912109375,0.01171875,-0.01171875
2004,-0.9931640625,0.0078125,-0.0166015625
2005,-1.001953125,0.0107421875,-0.0234375
2006,-1.0126953125,0.015625,-0.037109375
2007,-1.0087890625,0.0234375,-0.048828125
2008,-1.0068359375,0.0322265625,-0.060546875
2009,-1.013671875,0.0439453125,-0.0693359375
2010,-1.0068359375,0.056640625,-0.0693359375
2011,-1.0087890625,0.0625,-0.0712890625
2012,-1.01171875,0.0654296875,-0.0712890625
2013,-1.0087890625,0.0732421875,-0.06640625
2014,-1.0087890625,0.0849609375,-0.056640625
2015,-1.009765625,0.091796875,-0.0478515625
2016,-1.0126953125,0.09375,-0.052734375
2017,-1.009765625,0.0947265625,-0.0498046875
2018,-1.0029296875,0.1064453125,-0.052734375
2019,-0.9833984375,0.1025390625,-0.056640625
2020,-0.9853515625,0.099609375,-0.0615234375
2021,-0.9970703125,0.109375,-0.0625
2022,-1.009765625,0.1123046875,-0.06640625
2023,-1.01953125,0.111328125,-0.056640625
2024,-1.02734375,0.111328125,-0.064453125
2025,-1.03125,0.109375,-0.0703125
2026,-1.0263671875,0.1025390625,-0.0693359375
2027,-1.0361328125,0.1103515625,-0.0693359375
2028,-1.052734375,0.1005859375,-0.078125
2029,-1.0595703125,0.1044921875,-0.09375
2030,-1.068359375,0.095703125,-0.1044921875
2031,-1.064453125,0.0908203125,-0.11328125
2032,-1.0654296875,0.0849609375,-0.123046875
2033,-1.0615234375,0.0810546875,-0.1201171875
2034,-1.0615234375,0.087890625,-0.1162109375
2035,-1.0595703125,0.083984375,-0.1015625
2036,-1.0546875,0.083984375,-0.10546875
2037,-1.056640625,0.0859375,-0.09375
2038,-1.0517578125,0.083984375,-0.095703125
2039,-1.0400390625,0.08203125,-0.09375
2040,-1.033203125,0.0830078125,-0.095703125
2041,-1.021484375,0.0791015625,-0.091796875
2042,-1.02734375,0.076171875,-0.0888671875
2043,-1.029296875,0.0771484375,-0.078125
2044,-1.029296875,0.0810546875,-0.0712890625
2045,-1.029296875,0.0830078125,-0.0732421875
2046,-1.033203125,0.083984375,-0.060546875
2047,-1.0302734375,0.0849609375,-0.068359375
2048,-1.02734375,0.0849609375,-0.0615234375
2049,-1.037109375,0.0810546875,-0.07421875
2050,-1.0498046875,0.083984375,-0.0732421875
2051,-1.052734375,0.0830078125,-0.0771484375
2052,-1.0478515625,0.0849609375,-0.0869140625
2053,-1.0537109375,0.08203125,-0.0986328125
2054,-1.0537109375,0.078125,-0.103515625
2055,-1.0439453125,0.083984375,-0.111328125
2056,-1.0390625,0.076171875,-0.1181640625
2057,-1.0234375,0.07421875,-0.125
2058,-1.0107421875,0.0693359375,-0.12890625
2059,-1.0126953125,0.0732421875,-0.126953125
2060,-1.01953125,0.0732421875,-0.1162109375
2061,-1.0234375,0.078125,-0.109375
2062,-1.0205078125,0.0634765625,-0.1015625
2063,-1.015625,0.068359375,-0.0908203125
2064,-1.009765625,0.0634765625,-0.091796875
2065,-0.9921875,0.0546875,-0.0849609375
2066,-0.984375,0.0498046875,-0.080078125
2067,-0.982421875,0.041015625,-0.0830078125
2068,-0.978515625,0.041015625,-0.072265625
2069,-0.9814453125,0.044921875,-0.0693359375
2070,-0.9921875,0.0390625,-0.0654296875
2071,-0.99609375,0.0400390625,-0.064453125
2072,-1.0048828125,0.0458984375,-0.0703125
2073,-1.0068359375,0.0341796875,-0.072265625
2074,-1.015625,0.0341796875,-0.0771484375
2075,-1.0224609375,0.033203125,-0.0791015625
2076,-1.021484375,0.0263671875,-0.0771484375
2077,-1.033203125,0.0244140625,-0.0771484375
2078,-1.033203125,0.015625,-0.076171875
2079,-1.0380859375,0.0185546875,-0.076171875
2080,-1.0380859375,0.017578125,-0.0771484375
2081,-1.0341796875,0.0126953125,-0.08203125
2082,-1.0390625,0.0146484375,-0.0869140625
2083,-1.0439453125,0.01171875,-0.0888671875
2084,-1.0400390625,0.0107421875,-0.0888671875
2085,-1.0498046875,0.0068359375,-0.0888671875
2086,-1.0458984375,0.0087890625,-0.087890625
2087,-1.0439453125,0.0048828125,-0.0888671875
2088,-1.044921875,-0.0009765625,-0.09765625
2089,-1.0458984375,-0.0107421875,-0.111328125
2090,-1.03515625,-0.013671875,-0.1171875
2091,-1.041015625,-0.0087890625,-0.115234375
2092,-1.046875,-0.005859375,-0.1123046875
2093,-1.048828125,-0.00390625,-0.1201171875
2094,-1.041015625,0.0048828125,-0.125
2095,-1.0283203125,0.0048828125,-0.142578125
2096,-1.0302734375,0.009765625,-0.1455078125
2097,-1.017578125,0.0078125,-0.1513671875
2098,-1.017578125,0.0068359375,-0.1552734375
2099,-1.0126953125,0.00390625,-0.150390625
2100,-1.015625,0.0107421875,-0.13671875
2101,-1.017578125,0.005859375,-0.1298828125
2102,-1.0087890625,0.0068359375,-0.1259765625
2103,-1.015625,0.009765625,-0.1171875
2104,-1.017578125,0.0107421875,-0.1162109375
2105,-1.01953125,0.0078125,-0.115234375
2106,-1.0234375,0.0087890625,-0.11328125
2107,-1.025390625,0.0087890625,-0.119140625
2108,-1.017578125,0.0068359375,-0.125
2109,-1.0234375,0.00390625,-0.1337890625
2110,-1.0234375,0.0126953125,-0.1474609375
2111,-1.0,0.0048828125,-0.1474609375
2112,-1.005859375,0.009765625,-0.1611328125
2113,-1.0029296875,0.0107421875,-0.15234375
2114,-1.0078125,0.01171875,-0.1591796875
2115,-1.0107421875,0.0146484375,-0.1591796875
2116,-1.0185546875,0.0146484375,-0.154296875
2117,-1.0146484375,0.01953125,-0.1572265625
2118,-1.0166015625,0.0185546875,-0.150390625
2119,-1.021484375,0.015625,-0.154296875
2120,-1.02734375,0.0205078125,-0.1474609375
2121,-1.0302734375,0.0166015625,-0.1376953125
2122,-1.0263671875,0.01953125,-0.1474609375
2123,-1.0302734375,0.0146484375,-0.1474609375
2124,-1.025390625,0.0078125,-0.15234375
2125,-1.0302734375,0.0048828125,-0.15625
2126,-1.0283203125,0.0048828125,-0.16015625
2127,-1.025390625,0.0,-0.1552734375
2128,-1.02734375,-0.0009765625,-0.146484375
2129,-1.01953125,-0.0009765625,-0.1474609375
2130,-1.015625,-0.005859375,-0.1513671875
2131,-1.0068359375,-0.013671875,-0.1572265625
2132,-1.0048828125,-0.01171875,-0.162109375
2133,-1.005859375,-0.0107421875,-0.1630859375
2134,-1.001953125,-0.005859375,-0.16015625
2135,-1.0068359375,-0.005859375,-0.16015625
2136,-1.001953125,-0.0009765625,-0.1708984375
2137,-1.0,-0.0009765625,-0.158203125
2138,-0.9970703125,0.00390625,-0.1728515625
2139,-0.9990234375,0.0029296875,-0.173828125
2140,-0.998046875,0.0068359375,-0.171875
2141,-0.9990234375,0.0029296875,-0.16015625
2142,-1.0107421875,0.00390625,-0.1484375
2143,-1.005859375,0.0048828125,-0.142578125
2144,-1.0107421875,0.0029296875,-0.1328125
2145,-1.0009765625,-0.00390625,-0.1337890625
2146,-0.998046875,-0.0087890625,-0.125
2147,-1.001953125,-0.0107421875,-0.130859375
2148,-0.9990234375,-0.0146484375,-0.1337890625
2149,-1.0029296875,-0.0185546875,-0.138671875
2150,-1.00390625,-0.017578125,-0.142578125
2151,-0.9990234375,-0.0224609375,-0.146484375
2152,-1.001953125,-0.0146484375,-0.150390625
2153,-0.9970703125,-0.009765625,-0.1552734375
2154,-0.99609375,-0.01171875,-0.16015625
2155,-1.00390625,-0.0068359375,-0.1630859375
2156,-1.0048828125,0.0,-0.1708984375
2157,-1.0048828125,-0.0029296875,-0.1728515625
2158,-1.001953125,-0.0029296875,-0.1826171875
2159,-1.001953125,-0.0048828125,-0.1826171875
2160,-0.9970703125,-0.0087890625,-0.1806640625
2161,-1.0,-0.009765625,-0.1865234375
2162,-1.0,-0.0166015625,-0.1923828125
2163,-1.00390625,-0.0126953125,-0.1875
2164,-1.0107421875,-0.0185546875,-0.1953125
2165,-1.0048828125,-0.021484375,-0.2001953125
2166,-1.01171875,-0.0234375,-0.2041015625
2167,-1.013671875,-0.0205078125,-0.2041015625
2168,-1.013671875,-0.025390625,-0.203125
2169,-1.0048828125,-0.029296875,-0.1962890625
2170,-1.0048828125,-0.0390625,-0.197265625
2171,-0.9912109375,-0.041015625,-0.1962890625
2172,-0.99609375,-0.033203125,-0.2001953125
2173,-0.9892578125,-0.0302734375,-0.203125
2174,-0.9873046875,-0.025390625,-0.1923828125
2175,-0.986328125,-0.0244140625,-0.185546875
2176,-0.982421875,-0.0185546875,-0.1826171875
2177,-0.990234375,-0.017578125,-0.169921875
2178,-0.98828125,-0.021484375,-0.1806640625
2179,-0.978515625,-0.029296875,-0.1865234375
2180,-0.978515625,-0.0439453125,-0.2001953125
2181,-0.98828125,-0.0439453125,-0.20703125
2182,-0.99609375,-0.0419921875,-0.2119140625
2183,-1.0009765625,-0.0400390625,-0.2314453125
2184,-0.9990234375,-0.041015625,-0.2490234375
2185,-1.0,-0.0537109375,-0.2763671875
2186,-1.001953125,-0.0732421875,-0.3017578125
2187,-1.00390625,-0.08203125,-0.3203125
2188,-1.0107421875,-0.0869140625,-0.341796875
2189,-1.0234375,-0.0791015625,-0.33984375
2190,-1.0283203125,-0.09375,-0.326171875
2191,-1.0224609375,-0.1064453125,-0.3212890625
2192,-1.015625,-0.103515625,-0.3251953125
2193,-1.0126953125,-0.1025390625,-0.3251953125
2194,-1.0078125,-0.107421875,-0.3232421875
2195,-1.0029296875,-0.1005859375,-0.31640625
2196,-1.0009765625,-0.087890625,-0.3095703125
2197,-1.0107421875,-0.080078125,-0.3212890625
2198,-0.9990234375,-0.0732421875,-0.3369140625
2199,-0.9931640625,-0.07421875,-0.3388671875
2200,-0.990234375,-0.0771484375,-0.3271484375
2201,-0.986328125,-0.0703125,-0.3291015625
2202,-0.98046875,-0.072265625,-0.30859375
2203,-0.984375,-0.0751953125,-0.314453125
2204,-0.9755859375,-0.076171875,-0.298828125
2205,-0.9736328125,-0.080078125,-0.291015625
2206,-0.966796875,-0.076171875,-0.2724609375
2207,-0.9658203125,-0.0830078125,-0.2626953125
2208,-0.96875,-0.0908203125,-0.2421875
2209,-0.9609375,-0.09375,-0.2412109375
2210,-0.966796875,-0.1064453125,-0.24609375
2211,-0.9560546875,-0.1103515625,-0.2578125
2212,-0.951171875,-0.107421875,-0.2568359375
2213,-0.9462890625,-0.0966796875,-0.2646484375
2214,-0.9541015625,-0.08984375,-0.279296875
2215,-0.9658203125,-0.08984375,-0.3037109375
2216,-0.97265625,-0.0830078125,-0.3232421875
2217,-0.9736328125,-0.087890625,-0.337890625
2218,-0.9765625,-0.087890625,-0.3525390625
2219,-0.9775390625,-0.095703125,-0.3681640625
2220,-0.986328125,-0.107421875,-0.3623046875
2221,-0.9833984375,-0.11328125,-0.3583984375
2222,-0.9873046875,-0.1240234375,-0.349609375
2223,-0.98828125,-0.1396484375,-0.333984375
2224,-0.9990234375,-0.15234375,-0.3291015625
2225,-1.0068359375,-0.171875,-0.3193359375
2226,-1.017578125,-0.1689453125,-0.32421875
2227,-1.033203125,-0.169921875,-0.3291015625
2228,-1.033203125,-0.1611328125,-0.3564453125
2229,-1.0341796875,-0.1435546875,-0.376953125
2230,-1.0546875,-0.1455078125,-0.4033203125
2231,-1.037109375,-0.1376953125,-0.412109375
2232,-1.0263671875,-0.1171875,-0.4208984375
2233,-1.0224609375,-0.1025390625,-0.423828125
2234,-1.0166015625,-0.1025390625,-0.416015625
2235,-1.0107421875,-0.0966796875,-0.4208984375
2236,-0.9951171875,-0.0986328125,-0.4140625
2237,-0.98828125,-0.0908203125,-0.4140625
2238,-0.98828125,-0.0947265625,-0.4013671875
2239,-0.9833984375,-0.0947265625,-0.3896484375
2240,-0.9736328125,-0.0908203125,-0.3798828125
2241,-0.9716796875,-0.087890625,-0.3671875
2242,-0.9697265625,-0.087890625,-0.3564453125
2243,-0.9677734375,-0.0849609375,-0.337890625
2244,-0.970703125,-0.080078125,-0.318359375
2245,-0.9716796875,-0.0791015625,-0.3017578125
2246,-0.96875,-0.0732421875,-0.2880859375
2247,-0.9619140625,-0.064453125,-0.2880859375
2248,-0.9619140625,-0.064453125,-0.28515625
2249,-0.9638671875,-0.0634765625,-0.2919921875
2250,-0.9609375,-0.064453125,-0.29296875
2251,-0.953125,-0.072265625,-0.2822265625
2252,-0.95703125,-0.0693359375,-0.275390625
2253,-0.9541015625,-0.078125,-0.267578125
2254,-0.953125,-0.08984375,-0.271484375
2255,-0.953125,-0.091796875,-0.2666015625
2256,-0.9521484375,-0.091796875,-0.2626953125
2257,-0.9580078125,-0.0966796875,-0.2548828125
2258,-0.9716796875,-0.1005859375,-0.255859375
2259,-0.9775390625,-0.0966796875,-0.259765625
2260,-0.974609375,-0.0908203125,-0.2607421875
2261,-0.982421875,-0.0849609375,-0.259765625
2262,-0.9736328125,-0.0751953125,-0.2666015625
2263,-0.9755859375,-0.0615234375,-0.2734375
2264,-0.984375,-0.0537109375,-0.2763671875
2265,-0.9775390625,-0.0458984375,-0.2734375
2266,-0.986328125,-0.0419921875,-0.2724609375
2267,-0.9951171875,-0.0439453125,-0.2724609375
2268,-0.9990234375,-0.04296875,-0.2607421875
2269,-0.9951171875,-0.04296875,-0.26171875
2270,-0.982421875,-0.044921875,-0.2607421875
2271,-0.978515625,-0.0537109375,-0.2548828125
2272,-0.974609375,-0.05859375,-0.25390625
2273,-0.974609375,-0.06640625,-0.2431640625
2274,-0.9814453125,-0.0751953125,-0.23828125
2275,-0.974609375,-0.0712890625,-0.228515625
2276,-0.9765625,-0.0712890625,-0.2265625
2277,-0.974609375,-0.0595703125,-0.23046875
2278,-0.9677734375,-0.060546875,-0.2490234375
2279,-0.974609375,-0.0615234375,-0.259765625
2280,-0.9765625,-0.0595703125,-0.2607421875
2281,-0.96875,-0.056640625,-0.2607421875
2282,-0.9677734375,-0.0576171875,-0.2578125
2283,-0.96875,-0.0576171875,-0.2529296875
2284,-0.9638671875,-0.05078125,-0.25
2285,-0.974609375,-0.05078125,-0.2421875
2286,-0.9638671875,-0.05078125,-0.236328125
2287,-0.9736328125,-0.0537109375,-0.2392578125
2288,-0.9736328125,-0.0498046875,-0.244140625
2289,-0.9755859375,-0.0546875,-0.2421875
2290,-0.9755859375,-0.048828125,-0.251953125
2291,-0.974609375,-0.0537109375,-0.25390625
2292,-0.98046875,-0.052734375,-0.255859375
2293,-0.9814453125,-0.0576171875,-0.259765625
2294,-0.98046875,-0.05859375,-0.25
2295,-0.978515625,-0.060546875,-0.2587890625
2296,-0.9775390625,-0.0576171875,-0.265625
2297,-0.98046875,-0.060546875,-0.2587890625
2298,-0.9833984375,-0.0673828125,-0.2646484375
2299,-0.9873046875,-0.0634765625,-0.2666015625
2300,-0.9794921875,-0.0673828125,-0.259765625
2301,-0.9853515625,-0.07421875,-0.26953125
2302,-0.986328125,-0.0693359375,-0.2666015625
2303,-0.986328125,-0.0615234375,-0.263671875
2304,-0.9833984375,-0.0595703125,-0.2744140625
2305,-0.9833984375,-0.05859375,-0.265625
2306,-0.9794921875,-0.0654296875,-0.271484375
2307,-0.984375,-0.06640625,-0.27734375
2308,-0.9755859375,-0.07421875,-0.2763671875
2309,-0.974609375,-0.0712890625,-0.2763671875
2310,-0.98046875,-0.0712890625,-0.275390625
2311,-0.9775390625,-0.0634765625,-0.2822265625
2312,-0.9794921875,-0.068359375,-0.28515625
2313,-0.98046875,-0.0576171875,-0.2890625
2314,-0.9833984375,-0.060546875,-0.287109375
2315,-0.9814453125,-0.06640625,-0.29296875
2316,-0.98046875,-0.064453125,-0.2919921875
2317,-0.982421875,-0.060546875,-0.2939453125
2318,-0.9833984375,-0.0732421875,-0.29296875
2319,-0.9794921875,-0.0732421875,-0.2880859375
2320,-0.9833984375,-0.0732421875,-0.291015625
2321,-0.9814453125,-0.0732421875,-0.2880859375
2322,-0.9794921875,-0.0791015625,-0.2958984375
2323,-0.9775390625,-0.06640625,-0.291015625
2324,-0.982421875,-0.068359375,-0.2939453125
2325,-0.978515625,-0.0634765625,-0.294921875
2326,-0.98046875,-0.068359375,-0.2998046875
2327,-0.9794921875,-0.0625,-0.3017578125
2328,-0.9765625,-0.05859375,-0.3037109375
2329,-0.9794921875,-0.0625,-0.3017578125
2330,-0.978515625,-0.060546875,-0.3076171875
2331,-0.986328125,-0.0625,-0.3095703125
2332,-0.9833984375,-0.060546875,-0.310546875
2333,-0.9892578125,-0.056640625,-0.3134765625
2334,-0.9931640625,-0.068359375,-0.3154296875
2335,-0.9912109375,-0.0732421875,-0.3134765625
2336,-0.9951171875,-0.0732421875,-0.3154296875
2337,-0.990234375,-0.078125,-0.3134765625
2338,-0.9892578125,-0.078125,-0.3115234375
2339,-0.9873046875,-0.0810546875,-0.3154296875
2340,-0.9892578125,-0.0791015625,-0.3125
2341,-0.9853515625,-0.076171875,-0.3115234375
2342,-0.9892578125,-0.0732421875,-0.3115234375
2343,-0.978515625,-0.068359375,-0.310546875
2344,-0.982421875,-0.0634765625,-0.3076171875
2345,-0.9814453125,-0.064453125,-0.306640625
2346,-0.982421875,-0.0634765625,-0.3056640625
2347,-0.98046875,-0.0673828125,-0.30078125
2348,-0.98046875,-0.0595703125,-0.3017578125
2349,-0.978515625,-0.0634765625,-0.3017578125
2350,-0.978515625,-0.0615234375,-0.296875
2351,-0.978515625,-0.0673828125,-0.2998046875
2352,-0.9755859375,-0.0634765625,-0.296875
2353,-0.9794921875,-0.0615234375,-0.2900390625
2354,-0.9716796875,-0.064453125,-0.296875
2355,-0.9736328125,-0.0625,-0.2919921875
2356,-0.96875,-0.0556640625,-0.296875
2357,-0.978515625,-0.05859375,-0.2978515625
2358,-0.98046875,-0.05078125,-0.2958984375
2359,-0.9794921875,-0.0546875,-0.2978515625
2360,-0.97265625,-0.0498046875,-0.2998046875
2361,-0.9794921875,-0.046875,-0.2919921875
2362,-0.97265625,-0.044921875,-0.2861328125
2363,-0.9736328125,-0.0537109375,-0.2890625
2364,-0.9736328125,-0.0556640625,-0.2822265625
2365,-0.9716796875,-0.0556640625,-0.291015625
2366,-0.9736328125,-0.060546875,-0.2958984375
2367,-0.9716796875,-0.0576171875,-0.294921875
2368,-0.9677734375,-0.0517578125,-0.2861328125
2369,-0.97265625,-0.044921875,-0.2900390625
2370,-0.97265625,-0.0546875,-0.291015625
2371,-0.974609375,-0.0546875,-0.2939453125
2372,-0.974609375,-0.0625,-0.3037109375
2373,-0.97265625,-0.060546875,-0.2998046875
2374,-0.9814453125,-0.0625,-0.2880859375
2375,-0.982421875,-0.0673828125,-0.2919921875
2376,-0.9853515625,-0.064453125,-0.2978515625
2377,-0.978515625,-0.0576171875,-0.3115234375
2378,-0.9775390625,-0.05859375,-0.3173828125
2379,-0.9736328125,-0.052734375,-0.3173828125
2380,-0.9716796875,-0.0537109375,-0.310546875
2381,-0.9794921875,-0.0517578125,-0.310546875
2382,-0.982421875,-0.0537109375,-0.302734375
2383,-0.98046875,-0.0546875,-0.29296875
2384,-0.9765625,-0.05078125,-0.296875
2385,-0.9677734375,-0.0537109375,-0.30078125
2386,-0.974609375,-0.0576171875,-0.298828125
2387,-0.978515625,-0.0546875,-0.2998046875
2388,-0.974609375,-0.0537109375,-0.2900390625
2389,-0.9794921875,-0.0439453125,-0.294921875
2390,-0.9775390625,-0.0478515625,-0.29296875
2391,-0.974609375,-0.0458984375,-0.291015625
2392,-0.978515625,-0.044921875,-0.291015625
2393,-0.98046875,-0.05078125,-0.29296875
2394,-0.9853515625,-0.052734375,-0.2919921875
2395,-0.984375,-0.05078125,-0.2939453125
2396,-0.9794921875,-0.0537109375,-0.2998046875
2397,-0.9794921875,-0.0517578125,-0.3037109375
2398,-0.98046875,-0.05078125,-0.3037109375
2399,-0.978515625,-0.0595703125,-0.3017578125
2400,-0.974609375,-0.0556640625,-0.306640625
2401,-0.9755859375,-0.056640625,-0.3037109375
2402,-0.9775390625,-0.0546875,-0.3037109375
2403,-0.9765625,-0.0576171875,-0.302734375
2404,-0.9765625,-0.05859375,-0.30078125
2405,-0.970703125,-0.0595703125,-0.296875
2406,-0.96875,-0.056640625,-0.3046875
2407,-0.9697265625,-0.05859375,-0.2998046875
2408,-0.9765625,-0.0595703125,-0.3017578125
2409,-0.9765625,-0.0595703125,-0.29296875
2410,-0.9736328125,-0.0546875,-0.2998046875
2411,-0.9736328125,-0.0576171875,-0.3134765625
2412,-0.9736328125,-0.0517578125,-0.318359375
2413,-0.9775390625,-0.056640625,-0.318359375
2414,-0.9814453125,-0.0595703125,-0.3154296875
2415,-0.9794921875,-0.0576171875,-0.3154296875
2416,-0.9775390625,-0.0576171875,-0.3134765625
2417,-0.9814453125,-0.0576171875,-0.3125
2418,-0.978515625,-0.0537109375,-0.3095703125
2419,-0.974609375,-0.05859375,-0.310546875
2420,-0.9775390625,-0.0615234375,-0.3115234375
2421,-0.97265625,-0.0615234375,-0.3095703125
2422,-0.9736328125,-0.0576171875,-0.30859375
2423,-0.9765625,-0.0546875,-0.3115234375
2424,-0.9755859375,-0.05859375,-0.3154296875
2425,-0.9775390625,-0.0556640625,-0.31640625
2426,-0.9755859375,-0.0595703125,-0.3173828125
2427,-0.9755859375,-0.0546875,-0.3193359375
2428,-0.9794921875,-0.046875,-0.318359375
2429,-0.978515625,-0.0556640625,-0.3134765625
2430,-0.98046875,-0.0478515625,-0.3095703125
2431,-0.978515625,-0.0517578125,-0.314453125
2432,-0.982421875,-0.048828125,-0.3193359375
2433,-0.9736328125,-0.05859375,-0.3095703125
2434,-0.978515625,-0.0576171875,-0.3134765625
2435,-0.9794921875,-0.05859375,-0.3115234375
2436,-0.9765625,-0.0537109375,-0.3154296875
2437,-0.9775390625,-0.041015625,-0.3125
2438,-0.9755859375,-0.0419921875,-0.314453125
2439,-0.9775390625,-0.0478515625,-0.31640625
2440,-0.98046875,-0.046875,-0.314453125
2441,-0.9814453125,-0.0478515625,-0.30859375
2442,-0.9833984375,-0.041015625,-0.3095703125
2443,-0.9794921875,-0.0478515625,-0.310546875
2444,-0.984375,-0.0498046875,-0.310546875
2445,-0.978515625,-0.0478515625,-0.3134765625
2446,-0.982421875,-0.0537109375,-0.3125
2447,-0.9775390625,-0.05078125,-0.3037109375
2448,-0.9736328125,-0.0556640625,-0.306640625
2449,-0.98046875,-0.0556640625,-0.310546875
2450,-0.974609375,-0.052734375,-0.2998046875
2451,-0.9755859375,-0.0498046875,-0.296875
2452,-0.970703125,-0.0537109375,-0.2978515625
2453,-0.9775390625,-0.0537109375,-0.2939453125
2454,-0.962890625,-0.046875,-0.2919921875
2455,-0.97265625,-0.0498046875,-0.2958984375
2456,-0.9736328125,-0.0439453125,-0.298828125
2457,-0.9755859375,-0.0458984375,-0.2939453125
2458,-0.974609375,-0.0419921875,-0.30078125
2459,-0.97265625,-0.0419921875,-0.2958984375
2460,-0.9716796875,-0.0419921875,-0.2939453125
2461,-0.974609375,-0.0498046875,-0.2978515625
2462,-0.970703125,-0.05078125,-0.2939453125
2463,-0.9765625,-0.056640625,-0.2919921875
2464,-0.9814453125,-0.0595703125,-0.294921875
2465,-0.978515625,-0.0546875,-0.294921875
2466,-0.974609375,-0.0517578125,-0.2958984375
2467,-0.97265625,-0.0458984375,-0.291015625
2468,-0.966796875,-0.0400390625,-0.28125
2469,-0.96875,-0.037109375,-0.28125
2470,-0.9658203125,-0.0419921875,-0.283203125
2471,-0.966796875,-0.046875,-0.291015625
2472,-0.9638671875,-0.0546875,-0.2939453125
2473,-0.966796875,-0.0595703125,-0.287109375
2474,-0.9736328125,-0.0625,-0.2919921875
2475,-0.974609375,-0.0537109375,-0.29296875
2476,-0.966796875,-0.048828125,-0.296875
2477,-0.96875,-0.041015625,-0.3154296875
2478,-0.978515625,-0.0400390625,-0.318359375
2479,-0.974609375,-0.04296875,-0.3193359375
2480,-0.97265625,-0.044921875,-0.3125
2481,-0.9765625,-0.0439453125,-0.3056640625
2482,-0.9794921875,-0.048828125,-0.3046875
2483,-0.9765625,-0.052734375,-0.3046875
2484,-0.9833984375,-0.048828125,-0.3115234375
2485,-0.9736328125,-0.0439453125,-0.314453125
2486,-0.9775390625,-0.048828125,-0.3154296875
2487,-0.9765625,-0.0390625,-0.3193359375
2488,-0.978515625,-0.04296875,-0.3212890625
2489,-0.9833984375,-0.04296875,-0.322265625
2490,-0.98046875,-0.04296875,-0.3271484375
2491,-0.9833984375,-0.0439453125,-0.3232421875
2492,-0.9873046875,-0.044921875,-0.328125
2493,-0.9853515625,-0.046875,-0.333984375
2494,-0.9833984375,-0.0498046875,-0.32421875
2495,-0.984375,-0.052734375,-0.3291015625
2496,-0.982421875,-0.0458984375,-0.3203125
2497,-0.982421875,-0.0537109375,-0.3203125
2498,-0.98046875,-0.0517578125,-0.3203125
2499,-0.9794921875,-0.0517578125,-0.3193359375
2500,-0.97265625,-0.0546875,-0.3173828125
2501,-0.984375,-0.0546875,-0.3173828125
2502,-0.9794921875,-0.0458984375,-0.3193359375
2503,-0.982421875,-0.046875,-0.318359375
2504,-0.9765625,-0.046875,-0.3154296875
2505,-0.9755859375,-0.0478515625,-0.318359375
2506,-0.9794921875,-0.052734375,-0.3212890625
2507,-0.9775390625,-0.056640625,-0.3193359375
2508,-0.9755859375,-0.05078125,-0.3173828125
2509,-0.98046875,-0.0576171875,-0.326171875
2510,-0.9775390625,-0.0556640625,-0.3193359375
2511,-0.978515625,-0.0517578125,-0.314453125
2512,-0.974609375,-0.0439453125,-0.322265625
2513,-0.9736328125,-0.052734375,-0.3203125
2514,-0.97265625,-0.046875,-0.3193359375
2515,-0.974609375,-0.0478515625,-0.314453125
2516,-0.97265625,-0.0546875,-0.3154296875
2517,-0.9677734375,-0.0517578125,-0.30859375
2518,-0.970703125,-0.048828125,-0.3056640625
2519,-0.97265625,-0.0498046875,-0.2978515625
2520,-0.970703125,-0.0439453125,-0.2958984375
2521,-0.970703125,-0.048828125,-0.302734375
2522,-0.9697265625,-0.0478515625,-0.3037109375
2523,-0.962890625,-0.048828125,-0.30078125
2524,-0.96484375,-0.044921875,-0.3037109375
2525,-0.96875,-0.044921875,-0.3056640625
2526,-0.9716796875,-0.04296875,-0.30859375
2527,-0.966796875,-0.041015625,-0.3095703125
2528,-0.970703125,-0.0439453125,-0.3095703125
2529,-0.970703125,-0.0400390625,-0.2998046875
2530,-0.9755859375,-0.04296875,-0.30078125
2531,-0.97265625,-0.0390625,-0.291015625
2532,-0.9755859375,-0.0390625,-0.294921875
2533,-0.974609375,-0.0419921875,-0.2978515625
2534,-0.982421875,-0.0458984375,-0.2958984375
2535,-0.9765625,-0.044921875,-0.29296875
2536,-0.9794921875,-0.0478515625,-0.291015625
2537,-0.9853515625,-0.0458984375,-0.2958984375
2538,-0.978515625,-0.05078125,-0.29296875
2539,-0.9814453125,-0.0498046875,-0.296875
2540,-0.9794921875,-0.046875,-0.2958984375
2541,-0.986328125,-0.044921875,-0.296875
2542,-0.9833984375,-0.048828125,-0.298828125
2543,-0.978515625,-0.0478515625,-0.3095703125
2544,-0.9794921875,-0.052734375,-0.2998046875
2545,-0.98046875,-0.046875,-0.3046875
2546,-0.98046875,-0.048828125,-0.2998046875
2547,-0.9794921875,-0.052734375,-0.302734375
2548,-0.9765625,-0.0546875,-0.298828125
2549,-0.984375,-0.052734375,-0.302734375
2550,-0.9794921875,-0.0498046875,-0.302734375
2551,-0.9775390625,-0.0546875,-0.294921875
2552,-0.9716796875,-0.0498046875,-0.302734375
2553,-0.970703125,-0.0517578125,-0.306640625
2554,-0.97265625,-0.046875,-0.302734375
2555,-0.974609375,-0.044921875,-0.3076171875
2556,-0.974609375,-0.0390625,-0.302734375
2557,-0.970703125,-0.037109375,-0.2998046875
2558,-0.9765625,-0.03515625,-0.3076171875
2559,-0.970703125,-0.0390625,-0.296875
2560,-0.9677734375,-0.0439453125,-0.294921875
2561,-0.974609375,-0.0478515625,-0.2919921875
2562,-0.9736328125,-0.0458984375,-0.2900390625
2563,-0.9716796875,-0.0546875,-0.2919921875
2564,-0.9755859375,-0.0546875,-0.29296875
2565,-0.9755859375,-0.04296875,-0.29296875
2566,-0.9638671875,-0.0400390625,-0.2958984375
2567,-0.96484375,-0.029296875,-0.2939453125
2568,-0.9638671875,-0.037109375,-0.291015625
2569,-0.9716796875,-0.0478515625,-0.298828125
2570,-0.98046875,-0.0615234375,-0.296875
2571,-0.9619140625,-0.0654296875,-0.275390625
2572,-0.958984375,-0.060546875,-0.2841796875
2573,-0.9658203125,-0.052734375,-0.296875
2574,-0.9775390625,-0.0498046875,-0.2958984375
2575,-0.974609375,-0.0439453125,-0.314453125
2576,-0.9775390625,-0.0341796875,-0.3203125
2577,-0.974609375,-0.0380859375,-0.322265625
2578,-0.9794921875,-0.033203125,-0.3232421875
2579,-0.978515625,-0.037109375,-0.3134765625
2580,-0.98828125,-0.0322265625,-0.3154296875
2581,-0.9853515625,-0.033203125,-0.310546875
2582,-0.9814453125,-0.03515625,-0.3095703125
2583,-0.974609375,-0.0419921875,-0.3017578125
2584,-0.9658203125,-0.029296875,-0.2919921875
2585,-0.9697265625,-0.03515625,-0.3017578125
2586,-0.9736328125,-0.03515625,-0.314453125
2587,-0.9814453125,-0.0341796875,-0.3212890625
2588,-0.978515625,-0.0341796875,-0.3271484375
2589,-0.98046875,-0.0390625,-0.3310546875
2590,-0.974609375,-0.0400390625,-0.318359375
2591,-0.9853515625,-0.037109375,-0.3212890625
2592,-0.98046875,-0.0341796875,-0.3251953125
2593,-0.9755859375,-0.0361328125,-0.3271484375
2594,-0.9794921875,-0.0380859375,-0.3212890625
2595,-0.98046875,-0.0380859375,-0.3203125
2596,-0.9814453125,-0.0341796875,-0.318359375
2597,-0.98046875,-0.0419921875,-0.3154296875
2598,-0.9775390625,-0.0400390625,-0.3203125
2599,-0.97265625,-0.0458984375,-0.3203125
2600,-0.9775390625,-0.0439453125,-0.3212890625
2601,-0.982421875,-0.046875,-0.3193359375
2602,-0.982421875,-0.0380859375,-0.3251953125
2603,-0.98046875,-0.0458984375,-0.3203125
2604,-0.9794921875,-0.0498046875,-0.3212890625
2605,-0.98046875,-0.0478515625,-0.3203125
2606,-0.98046875,-0.0478515625,-0.3173828125
2607,-0.982421875,-0.052734375,-0.3154296875
2608,-0.978515625,-0.048828125,-0.3134765625
2609,-0.9794921875,-0.048828125,-0.318359375
2610,-0.96875,-0.0439453125,-0.31640625
2611,-0.966796875,-0.05078125,-0.3115234375
2612,-0.9658203125,-0.048828125,-0.310546875
2613,-0.962890625,-0.0458984375,-0.3173828125
2614,-0.962890625,-0.0439453125,-0.3046875
2615,-0.96484375,-0.0458984375,-0.2978515625
2616,-0.970703125,-0.0498046875,-0.3046875
2617,-0.9736328125,-0.052734375,-0.3017578125
2618,-0.9716796875,-0.048828125,-0.296875
2619,-0.978515625,-0.0537109375,-0.3037109375
2620,-0.9755859375,-0.0517578125,-0.3017578125
2621,-0.974609375,-0.0478515625,-0.3095703125
2622,-0.9677734375,-0.048828125,-0.3095703125
2623,-0.9677734375,-0.048828125,-0.3056640625
2624,-0.96875,-0.046875,-0.310546875
2625,-0.97265625,-0.046875,-0.3017578125
2626,-0.9423828125,-0.044921875,-0.2890625
2627,-0.8974609375,-0.0302734375,-0.3056640625
2628,-0.8916015625,-0.0234375,-0.3125
2629,-0.9091796875,-0.03515625,-0.31640625
2630,-0.9189453125,-0.0546875,-0.2744140625
2631,-0.9013671875,-0.0498046875,-0.212890625
2632,-0.919921875,-0.0478515625,-0.1982421875
2633,-1.0234375,-0.041015625,-0.2041015625
2634,-1.1259765625,-0.0341796875,-0.2314453125
2635,-1.0498046875,-0.0400390625,-0.294921875
2636,-0.9990234375,-0.044921875,-0.369140625
2637,-1.0361328125,-0.0400390625,-0.3984375
2638,-1.0615234375,-0.0390625,-0.392578125
2639,-1.0546875,-0.0380859375,-0.390625
2640,-1.01171875,-0.029296875,-0.4111328125
2641,-0.978515625,-0.025390625,-0.419921875
2642,-0.978515625,-0.0166015625,-0.41015625
2643,-0.9873046875,-0.029296875,-0.3798828125
2644,-0.9892578125,-0.048828125,-0.337890625
2645,-0.9794921875,-0.0625,-0.3095703125
2646,-0.9873046875,-0.0810546875,-0.2890625
2647,-0.9853515625,-0.087890625,-0.26953125
2648,-0.9951171875,-0.08203125,-0.255859375
2649,-1.0048828125,-0.0673828125,-0.2265625
2650,-1.0068359375,-0.0595703125,-0.2294921875
2651,-0.994140625,-0.064453125,-0.2451171875
2652,-0.974609375,-0.0537109375,-0.2900390625
2653,-0.9619140625,-0.048828125,-0.31640625
2654,-0.9541015625,-0.0341796875,-0.3408203125
2655,-0.947265625,-0.0166015625,-0.3466796875
2656,-0.943359375,-0.015625,-0.359375
2657,-0.9404296875,-0.015625,-0.3525390625
2658,-0.94140625,-0.01953125,-0.3505859375
2659,-0.94140625,-0.0322265625,-0.330078125
2660,-0.9384765625,-0.0390625,-0.3203125
2661,-0.939453125,-0.046875,-0.2998046875
2662,-0.9404296875,-0.0625,-0.2880859375
2663,-0.939453125,-0.0673828125,-0.2861328125
2664,-0.9453125,-0.072265625,-0.26953125
2665,-0.9541015625,-0.0732421875,-0.2607421875
2666,-0.9638671875,-0.064453125,-0.265625
2667,-0.9638671875,-0.0556640625,-0.2724609375
2668,-0.966796875,-0.0546875,-0.2880859375
2669,-0.9736328125,-0.0537109375,-0.3125
2670,-0.9794921875,-0.0498046875,-0.3251953125
2671,-0.984375,-0.0478515625,-0.3330078125
2672,-0.982421875,-0.044921875,-0.3408203125
2673,-0.986328125,-0.048828125,-0.34375
2674,-0.9873046875,-0.0478515625,-0.3505859375
2675,-0.98828125,-0.0546875,-0.35546875
2676,-0.994140625,-0.0556640625,-0.34765625
2677,-0.9912109375,-0.05859375,-0.349609375
2678,-0.99609375,-0.0703125,-0.33984375
2679,-0.9951171875,-0.07421875,-0.3359375
2680,-0.9921875,-0.0634765625,-0.33984375
2681,-0.9892578125,-0.0673828125,-0.333984375
2682,-0.984375,-0.05859375,-0.330078125
2683,-0.9814453125,-0.0498046875,-0.337890625
2684,-0.978515625,-0.046875,-0.337890625
2685,-0.9765625,-0.0390625,-0.3349609375
2686,-0.9736328125,-0.044921875,-0.3291015625
2687,-0.9677734375,-0.044921875,-0.326171875
2688,-0.9736328125,-0.046875,-0.3154296875
2689,-0.96875,-0.0517578125,-0.3095703125
2690,-0.9638671875,-0.0537109375,-0.3095703125
2691,-0.9697265625,-0.05078125,-0.30859375
2692,-0.966796875,-0.048828125,-0.314453125
2693,-0.966796875,-0.0439453125,-0.3115234375
2694,-0.966796875,-0.04296875,-0.3173828125
2695,-0.96484375,-0.041015625,-0.31640625
2696,-0.96875,-0.044921875,-0.3203125
2697,-0.9716796875,-0.044921875,-0.314453125
2698,-0.9658203125,-0.0478515625,-0.31640625
2699,-0.9677734375,-0.0517578125,-0.3115234375
2700,-0.97265625,-0.0498046875,-0.3115234375
2701,-0.9677734375,-0.0478515625,-0.3125
2702,-0.9658203125,-0.05078125,-0.3125
2703,-0.96484375,-0.0517578125,-0.3154296875
2704,-0.9755859375,-0.046875,-0.3212890625
2705,-0.9697265625,-0.044921875,-0.314453125
2706,-0.970703125,-0.0498046875,-0.326171875
2707,-0.970703125,-0.048828125,-0.322265625
2708,-0.9736328125,-0.048828125,-0.3203125
2709,-0.9697265625,-0.044921875,-0.3134765625
2710,-0.970703125,-0.0498046875,-0.3203125
2711,-0.970703125,-0.046875,-0.31640625
2712,-0.9736328125,-0.0458984375,-0.318359375
2713,-0.9736328125,-0.04296875,-0.3173828125
2714,-0.970703125,-0.0478515625,-0.3076171875
2715,-0.9755859375,-0.0517578125,-0.306640625
2716,-0.9755859375,-0.0517578125,-0.3056640625
2717,-0.96875,-0.048828125,-0.310546875
2718,-0.9765625,-0.0458984375,-0.30859375
2719,-0.978515625,-0.052734375,-0.30859375
2720,-0.9755859375,-0.0478515625,-0.3076171875
2721,-0.974609375,-0.044921875,-0.310546875
2722,-0.9765625,-0.044921875,-0.3017578125
2723,-0.978515625,-0.044921875,-0.314453125
2724,-0.978515625,-0.041015625,-0.3154296875
2725,-0.9755859375,-0.044921875,-0.3125
2726,-0.9765625,-0.048828125,-0.3095703125
2727,-0.9765625,-0.0439453125,-0.314453125
2728,-0.9775390625,-0.04296875,-0.3125
2729,-0.96875,-0.0439453125,-0.3134765625
2730,-0.9736328125,-0.04296875,-0.3046875
2731,-0.96484375,-0.044921875,-0.3076171875
2732,-0.962890625,-0.041015625,-0.298828125
2733,-0.97265625,-0.041015625,-0.3017578125
2734,-0.9677734375,-0.0498046875,-0.3076171875
2735,-0.97265625,-0.04296875,-0.3095703125
2736,-0.9638671875,-0.0478515625,-0.3076171875
2737,-0.9599609375,-0.0390625,-0.3134765625
2738,-0.958984375,-0.0400390625,-0.3134765625
2739,-0.96484375,-0.03515625,-0.310546875
2740,-0.96875,-0.0380859375,-0.3095703125
2741,-0.9736328125,-0.0390625,-0.30859375
2742,-0.966796875,-0.0419921875,-0.3115234375
2743,-0.970703125,-0.0439453125,-0.3017578125
2744,-0.970703125,-0.0546875,-0.3037109375
2745,-0.974609375,-0.0546875,-0.306640625
2746,-0.9755859375,-0.0537109375,-0.3046875
2747,-0.98046875,-0.0576171875,-0.3154296875
2748,-0.9736328125,-0.0498046875,-0.314453125
2749,-0.9755859375,-0.0478515625,-0.3203125
2750,-0.974609375,-0.052734375,-0.3193359375
2751,-0.970703125,-0.0517578125,-0.322265625
2752,-0.9775390625,-0.0478515625,-0.3212890625
2753,-0.9755859375,-0.046875,-0.32421875
2754,-0.98046875,-0.0546875,-0.3212890625
2755,-0.9736328125,-0.0546875,-0.318359375
2756,-0.9736328125,-0.05078125,-0.3212890625
2757,-0.974609375,-0.052734375,-0.310546875
2758,-0.9755859375,-0.048828125,-0.31640625
2759,-0.970703125,-0.0576171875,-0.3125
2760,-0.9716796875,-0.0517578125,-0.314453125
2761,-0.9736328125,-0.0546875,-0.3193359375
2762,-0.978515625,-0.0546875,-0.3173828125
2763,-0.978515625,-0.0576171875,-0.3212890625
2764,-0.9736328125,-0.0556640625,-0.322265625
2765,-0.974609375,-0.05078125,-0.3232421875
2766,-0.9697265625,-0.052734375,-0.3193359375
2767,-0.9765625,-0.0458984375,-0.3203125
2768,-0.978515625,-0.0517578125,-0.3251953125
2769,-0.978515625,-0.0546875,-0.326171875
2770,-0.9765625,-0.0517578125,-0.3251953125
2771,-0.9765625,-0.0517578125,-0.3193359375
2772,-0.970703125,-0.0498046875,-0.3232421875
2773,-0.97265625,-0.044921875,-0.31640625
2774,-0.9677734375,-0.046875,-0.3134765625
2775,-0.9736328125,-0.048828125,-0.30859375
2776,-0.970703125,-0.0537109375,-0.318359375
2777,-0.9697265625,-0.0458984375,-0.3125
2778,-0.9755859375,-0.0478515625,-0.310546875
2779,-0.9736328125,-0.0458984375,-0.3125
2780,-0.9658203125,-0.0546875,-0.296875
2781,-0.9716796875,-0.05859375,-0.3046875
2782,-0.9716796875,-0.056640625,-0.3056640625
2783,-0.9716796875,-0.064453125,-0.3154296875
2784,-0.9755859375,-0.060546875,-0.3125
2785,-0.974609375,-0.056640625,-0.318359375
2786,-0.9765625,-0.05859375,-0.322265625
2787,-0.9775390625,-0.052734375,-0.3251953125
2788,-0.9736328125,-0.044921875,-0.3291015625
2789,-0.9736328125,-0.0439453125,-0.32421875
2790,-0.970703125,-0.0478515625,-0.3232421875
2791,-0.9765625,-0.0517578125,-0.3193359375
2792,-0.974609375,-0.05078125,-0.3134765625
2793,-0.974609375,-0.0478515625,-0.2998046875
2794,-0.974609375,-0.052734375,-0.296875
2795,-0.970703125,-0.05078125,-0.3076171875
2796,-0.9716796875,-0.0439453125,-0.306640625
2797,-0.9697265625,-0.044921875,-0.3046875
2798,-0.962890625,-0.0517578125,-0.3017578125
2799,-0.9755859375,-0.044921875,-0.3076171875
2800,-0.974609375,-0.05078125,-0.310546875
2801,-0.9736328125,-0.046875,-0.3134765625
2802,-0.97265625,-0.0498046875,-0.3125
2803,-0.9755859375,-0.0478515625,-0.3125
2804,-0.9765625,-0.046875,-0.3154296875
2805,-0.9755859375,-0.0439453125,-0.3173828125
2806,-0.9755859375,-0.05078125,-0.3232421875
2807,-0.97265625,-0.0546875,-0.31640625
2808,-0.974609375,-0.0517578125,-0.318359375
2809,-0.97265625,-0.05078125,-0.3173828125
2810,-0.9755859375,-0.0537109375,-0.3203125
2811,-0.97265625,-0.0478515625,-0.310546875
2812,-0.978515625,-0.0546875,-0.3115234375
2813,-0.9765625,-0.046875,-0.3154296875
2814,-0.978515625,-0.0478515625,-0.314453125
2815,-0.9775390625,-0.05078125,-0.3203125
2816,-0.9755859375,-0.0498046875,-0.3203125
2817,-0.978515625,-0.048828125,-0.322265625
2818,-0.9775390625,-0.044921875,-0.3203125
2819,-0.9794921875,-0.0517578125,-0.32421875
2820,-0.98046875,-0.05078125,-0.3193359375
2821,-0.9794921875,-0.05078125,-0.322265625
2822,-0.986328125,-0.052734375,-0.32421875
2823,-0.974609375,-0.0517578125,-0.3232421875
2824,-0.96484375,-0.05859375,-0.322265625
2825,-0.9736328125,-0.0537109375,-0.3173828125
2826,-0.9619140625,-0.056640625,-0.3046875
2827,-0.9619140625,-0.052734375,-0.3076171875
2828,-0.9599609375,-0.05859375,-0.3046875
2829,-0.9609375,-0.056640625,-0.3046875
2830,-0.9638671875,-0.0546875,-0.2939453125
2831,-0.9697265625,-0.0498046875,-0.3076171875
2832,-0.96484375,-0.052734375,-0.302734375
2833,-0.97265625,-0.0537109375,-0.2978515625
2834,-0.966796875,-0.044921875,-0.3115234375
2835,-0.9775390625,-0.0478515625,-0.318359375
2836,-0.974609375,-0.044921875,-0.318359375
2837,-0.97265625,-0.0439453125,-0.3193359375
2838,-0.9765625,-0.046875,-0.318359375
2839,-0.9765625,-0.048828125,-0.3212890625
2840,-0.9775390625,-0.0498046875,-0.3154296875
2841,-0.9765625,-0.05078125,-0.3154296875
2842,-0.9794921875,-0.0498046875,-0.318359375
2843,-0.98046875,-0.0546875,-0.3134765625
2844,-0.98046875,-0.0517578125,-0.3095703125
2845,-0.978515625,-0.0546875,-0.31640625
2846,-0.982421875,-0.056640625,-0.314453125
2847,-0.978515625,-0.052734375,-0.314453125
2848,-0.96875,-0.0546875,-0.310546875
2849,-0.9677734375,-0.0625,-0.31640625
2850,-0.966796875,-0.0576171875,-0.3193359375
2851,-0.9677734375,-0.0556640625,-0.3173828125
2852,-0.9658203125,-0.0576171875,-0.3134765625
2853,-0.9638671875,-0.05859375,-0.3125
2854,-0.9638671875,-0.060546875,-0.3173828125
2855,-0.970703125,-0.0654296875,-0.310546875
2856,-0.970703125,-0.05859375,-0.3095703125
2857,-0.96875,-0.06640625,-0.302734375
2858,-0.96875,-0.0576171875,-0.306640625
2859,-0.9716796875,-0.05859375,-0.3125
2860,-0.9765625,-0.064453125,-0.3056640625
2861,-0.98046875,-0.0576171875,-0.3095703125
2862,-0.9794921875,-0.0615234375,-0.3115234375
2863,-0.9755859375,-0.048828125,-0.3134765625
2864,-0.974609375,-0.044921875,-0.3154296875
2865,-0.974609375,-0.0498046875,-0.31640625
2866,-0.9755859375,-0.05078125,-0.318359375
2867,-0.9736328125,-0.05078125,-0.3154296875
2868,-0.9755859375,-0.0546875,-0.3154296875
2869,-0.9765625,-0.0546875,-0.318359375
2870,-0.974609375,-0.060546875,-0.3125
2871,-0.97265625,-0.05859375,-0.31640625
2872,-0.97265625,-0.0576171875,-0.3134765625
2873,-0.978515625,-0.0595703125,-0.3115234375
2874,-0.9736328125,-0.0546875,-0.3095703125
2875,-0.974609375,-0.056640625,-0.3115234375
2876,-0.9755859375,-0.056640625,-0.3154296875
2877,-0.9697265625,-0.0576171875,-0.3173828125
2878,-0.9755859375,-0.0546875,-0.318359375
2879,-0.9775390625,-0.05078125,-0.3134765625
2880,-0.9755859375,-0.0517578125,-0.3115234375
2881,-0.96484375,-0.0458984375,-0.3125
2882,-0.9658203125,-0.0478515625,-0.3134765625
2883,-0.9638671875,-0.0498046875,-0.3056640625
2884,-0.966796875,-0.0458984375,-0.3046875
2885,-0.966796875,-0.044921875,-0.30859375
2886,-0.97265625,-0.044921875,-0.302734375
2887,-0.96875,-0.0439453125,-0.3037109375
2888,-0.966796875,-0.046875,-0.298828125
2889,-0.974609375,-0.0517578125,-0.2978515625
2890,-0.9736328125,-0.052734375,-0.3056640625
2891,-0.9755859375,-0.0498046875,-0.302734375
2892,-0.9765625,-0.0537109375,-0.310546875
2893,-0.9716796875,-0.0556640625,-0.3037109375
2894,-0.9794921875,-0.0546875,-0.3046875
2895,-0.974609375,-0.0556640625,-0.310546875
2896,-0.9765625,-0.0546875,-0.3095703125
2897,-0.9814453125,-0.0556640625,-0.310546875
2898,-0.974609375,-0.0537109375,-0.3046875
2899,-0.974609375,-0.044921875,-0.3134765625
2900,-0.9775390625,-0.046875,-0.3134765625
2901,-0.9716796875,-0.0458984375,-0.3125
2902,-0.9755859375,-0.046875,-0.3115234375
2903,-0.9716796875,-0.0556640625,-0.314453125
2904,-0.9677734375,-0.05078125,-0.3125
2905,-0.9697265625,-0.052734375,-0.3125
2906,-0.9697265625,-0.048828125,-0.3046875
2907,-0.96875,-0.046875,-0.3037109375
2908,-0.966796875,-0.0439453125,-0.296875
2909,-0.966796875,-0.04296875,-0.28515625
2910,-0.9677734375,-0.0498046875,-0.2861328125
2911,-0.974609375,-0.0595703125,-0.2958984375
2912,-0.9755859375,-0.064453125,-0.3076171875
2913,-0.98046875,-0.0673828125,-0.310546875
2914,-0.984375,-0.05859375,-0.3115234375
2915,-0.982421875,-0.0576171875,-0.310546875
2916,-0.982421875,-0.041015625,-0.3212890625
2917,-0.982421875,-0.0439453125,-0.33203125
2918,-0.98046875,-0.037109375,-0.3369140625
2919,-0.978515625,-0.0458984375,-0.3369140625
2920,-0.98046875,-0.0478515625,-0.330078125
2921,-0.982421875,-0.0556640625,-0.3193359375
2922,-0.9775390625,-0.05078125,-0.3154296875
2923,-0.9794921875,-0.05078125,-0.3154296875
2924,-0.9736328125,-0.048828125,-0.3115234375
2925,-0.9736328125,-0.0498046875,-0.3076171875
2926,-0.9677734375,-0.044921875,-0.3125
2927,-0.9755859375,-0.048828125,-0.302734375
2928,-0.9677734375,-0.046875,-0.3076171875
2929,-0.9736328125,-0.0478515625,-0.2998046875
2930,-0.9677734375,-0.0517578125,-0.2978515625
2931,-0.9697265625,-0.05078125,-0.302734375
2932,-0.9716796875,-0.05078125,-0.2998046875
2933,-0.96875,-0.0537109375,-0.3095703125
2934,-0.970703125,-0.0517578125,-0.310546875
2935,-0.96484375,-0.052734375,-0.3046875
2936,-0.9755859375,-0.048828125,-0.3115234375
2937,-0.96875,-0.052734375,-0.3046875
2938,-0.974609375,-0.0556640625,-0.3134765625
2939,-0.9638671875,-0.0546875,-0.302734375
2940,-0.9716796875,-0.052734375,-0.3134765625
2941,-0.9755859375,-0.0556640625,-0.314453125
2942,-0.9755859375,-0.0576171875,-0.318359375
2943,-0.97265625,-0.05859375,-0.3125
2944,-0.9716796875,-0.0498046875,-0.31640625
2945,-0.9716796875,-0.05078125,-0.31640625
2946,-0.9755859375,-0.056640625,-0.314453125
2947,-0.978515625,-0.052734375,-0.3125
2948,-0.9755859375,-0.0498046875,-0.3154296875
2949,-0.9755859375,-0.0498046875,-0.314453125
2950,-0.97265625,-0.0517578125,-0.3193359375
2951,-0.97265625,-0.05859375,-0.3154296875
2952,-0.9755859375,-0.0556640625,-0.318359375
2953,-0.974609375,-0.05078125,-0.31640625
2954,-0.9765625,-0.05078125,-0.31640625
2955,-0.97265625,-0.0546875,-0.3154296875
2956,-0.9775390625,-0.056640625,-0.3125
2957,-0.9755859375,-0.05078125,-0.314453125
2958,-0.98046875,-0.052734375,-0.3125
2959,-0.98046875,-0.052734375,-0.3173828125
2960,-0.978515625,-0.0537109375,-0.3115234375
2961,-0.9814453125,-0.0634765625,-0.3173828125
2962,-0.9814453125,-0.0546875,-0.318359375
2963,-0.986328125,-0.05859375,-0.318359375
2964,-0.986328125,-0.0556640625,-0.318359375
2965,-0.982421875,-0.0478515625,-0.322265625
2966,-0.98828125,-0.046875,-0.326171875
2967,-0.984375,-0.0458984375,-0.3291015625
2968,-0.9833984375,-0.05078125,-0.3291015625
2969,-0.9833984375,-0.0537109375,-0.3271484375
2970,-0.9814453125,-0.0478515625,-0.322265625
2971,-0.9736328125,-0.05078125,-0.3193359375
2972,-0.9736328125,-0.048828125,-0.31640625
2973,-0.9677734375,-0.0439453125,-0.3193359375
2974,-0.9677734375,-0.04296875,-0.3095703125
2975,-0.962890625,-0.0498046875,-0.3056640625
2976,-0.9609375,-0.052734375,-0.29296875
2977,-0.966796875,-0.0498046875,-0.2919921875
2978,-0.9580078125,-0.0556640625,-0.2900390625
2979,-0.931640625,-0.060546875,-0.27734375
2980,-0.86328125,-0.05078125,-0.2578125
2981,-0.8505859375,-0.052734375,-0.244140625
2982,-0.8994140625,-0.0556640625,-0.240234375
2983,-0.8955078125,-0.0703125,-0.2255859375
2984,-0.9541015625,-0.0869140625,-0.26171875
2985,-1.0283203125,-0.0498046875,-0.25390625
2986,-1.0478515625,-0.037109375,-0.234375
2987,-1.064453125,-0.029296875,-0.271484375
2988,-1.0654296875,-0.015625,-0.3203125
2989,-1.0537109375,-0.0068359375,-0.373046875
2990,-1.0166015625,0.0029296875,-0.416015625
2991,-1.005859375,-0.0029296875,-0.44140625
2992,-0.9873046875,-0.0087890625,-0.41796875
2993,-0.9951171875,-0.0322265625,-0.373046875
2994,-1.00390625,-0.072265625,-0.3291015625
2995,-0.998046875,-0.091796875,-0.287109375
2996,-0.970703125,-0.1015625,-0.2685546875
2997,-0.970703125,-0.09375,-0.267578125
2998,-0.970703125,-0.0751953125,-0.279296875
2999,-0.96484375,-0.0546875,-0.287109375
