,accelerometerAccelerationX(G),accelerometerAccelerationY(G),accelerometerAccelerationZ(G)
0,0.0,-435.2,-283.73333333333335
1,-8.533333333333333,-433.06666666666666,-285.8666666666667
2,-21.333333333333332,-433.06666666666666,-283.73333333333335
3,-19.2,-433.06666666666666,-285.8666666666667
4,-8.533333333333333,-426.6666666666667,-285.8666666666667
5,-29.866666666666667,-433.06666666666666,-290.1333333333333
6,-17.066666666666666,-435.2,-294.4
7,-17.066666666666666,-439.46666666666664,-290.1333333333333
8,-19.2,-439.46666666666664,-277.3333333333333
9,-21.333333333333332,-433.06666666666666,-292.26666666666665
10,-17.066666666666666,-428.8,-292.26666666666665
11,-19.2,-435.2,-277.3333333333333
12,-14.933333333333334,-433.06666666666666,-285.8666666666667
13,-17.066666666666666,-435.2,-290.1333333333333
14,-17.066666666666666,-435.2,-285.8666666666667
15,-17.066666666666666,-430.93333333333334,-290.1333333333333
16,-8.533333333333333,-435.2,-285.8666666666667
17,-14.933333333333334,-430.93333333333334,-283.73333333333335
18,-14.933333333333334,-430.93333333333334,-281.6
19,-19.2,-430.93333333333334,-294.4
20,-21.333333333333332,-428.8,-290.1333333333333
21,-12.8,-424.5333333333333,-290.1333333333333
22,-8.533333333333333,-430.93333333333334,-283.73333333333335
23,-12.8,-430.93333333333334,-290.1333333333333
24,-19.2,-435.2,-292.26666666666665
25,-14.933333333333334,-433.06666666666666,-268.8
26,-17.066666666666666,-435.2,-288.0
27,-17.066666666666666,-439.46666666666664,-294.4
28,-19.2,-433.06666666666666,-283.73333333333335
29,-14.933333333333334,-435.2,-290.1333333333333
30,-21.333333333333332,-437.3333333333333,-290.1333333333333
31,-10.666666666666666,-437.3333333333333,-290.1333333333333
32,-19.2,-441.59999999999997,-285.8666666666667
33,-19.2,-445.8666666666667,-290.1333333333333
34,-21.333333333333332,-435.2,-288.0
35,-14.933333333333334,-433.06666666666666,-296.5333333333333
36,-21.333333333333332,-443.73333333333335,-292.26666666666665
37,-17.066666666666666,-445.8666666666667,-288.0
38,-21.333333333333332,-443.73333333333335,-288.0
39,-17.066666666666666,-437.3333333333333,-288.0
40,-17.066666666666666,-445.8666666666667,-296.5333333333333
41,-19.2,-445.8666666666667,-285.8666666666667
42,-23.466666666666665,-445.8666666666667,-292.26666666666665
43,-23.466666666666665,-443.73333333333335,-283.73333333333335
44,-25.6,-439.46666666666664,-281.6
45,-25.6,-435.2,-292.26666666666665
46,-21.333333333333332,-439.46666666666664,-290.1333333333333
47,-23.466666666666665,-435.2,-288.0
48,-23.466666666666665,-439.46666666666664,-296.5333333333333
49,-17.066666666666666,-430.93333333333334,-285.8666666666667
50,-14.933333333333334,-439.46666666666664,-290.1333333333333
51,-19.2,-439.46666666666664,-292.26666666666665
52,-21.333333333333332,-437.3333333333333,-290.1333333333333
53,-14.933333333333334,-445.8666666666667,-296.5333333333333
54,-14.933333333333334,-437.3333333333333,-294.4
55,-10.666666666666666,-450.1333333333333,-294.4
56,-17.066666666666666,-443.73333333333335,-296.5333333333333
57,-23.466666666666665,-439.46666666666664,-294.4
58,-19.2,-441.59999999999997,-292.26666666666665
59,-23.466666666666665,-437.3333333333333,-290.1333333333333
60,-21.333333333333332,-443.73333333333335,-300.8
61,-19.2,-441.59999999999997,-283.73333333333335
62,-21.333333333333332,-437.3333333333333,-283.73333333333335
63,-21.333333333333332,-437.3333333333333,-288.0
64,-17.066666666666666,-437.3333333333333,-290.1333333333333
65,-21.333333333333332,-441.59999999999997,-288.0
66,-19.2,-437.3333333333333,-294.4
67,-23.466666666666665,-437.3333333333333,-285.8666666666667
68,-14.933333333333334,-443.73333333333335,-283.73333333333335
69,-8.533333333333333,-430.93333333333334,-288.0
70,-21.333333333333332,-439.46666666666664,-290.1333333333333
71,-23.466666666666665,-437.3333333333333,-294.4
72,-19.2,-428.8,-298.6666666666667
73,-25.6,-437.3333333333333,-288.0
74,-21.333333333333332,-437.3333333333333,-296.5333333333333
75,-27.733333333333334,-441.59999999999997,-283.73333333333335
76,-25.6,-439.46666666666664,-283.73333333333335
77,-21.333333333333332,-437.3333333333333,-288.0
78,-17.066666666666666,-445.8666666666667,-292.26666666666665
79,-21.333333333333332,-437.3333333333333,-283.73333333333335
80,-19.2,-437.3333333333333,-290.1333333333333
81,-19.2,-441.59999999999997,-292.26666666666665
82,-19.2,-441.59999999999997,-294.4
83,-21.333333333333332,-437.3333333333333,-292.26666666666665
84,-23.466666666666665,-435.2,-292.26666666666665
85,-19.2,-437.3333333333333,-285.8666666666667
86,-17.066666666666666,-435.2,-285.8666666666667
87,-21.333333333333332,-433.06666666666666,-288.0
88,-23.466666666666665,-433.06666666666666,-290.1333333333333
89,-14.933333333333334,-435.2,-292.26666666666665
90,-19.2,-428.8,-290.1333333333333
91,-21.333333333333332,-437.3333333333333,-285.8666666666667
92,-23.466666666666665,-435.2,-298.6666666666667
93,-14.933333333333334,-435.2,-290.1333333333333
94,-21.333333333333332,-439.46666666666664,-290.1333333333333
95,-14.933333333333334,-439.46666666666664,-283.73333333333335
96,-14.933333333333334,-439.46666666666664,-290.1333333333333
97,-8.533333333333333,-439.46666666666664,-288.0
98,-17.066666666666666,-443.73333333333335,-294.4
99,-17.066666666666666,-439.46666666666664,-292.26666666666665
100,-23.466666666666665,-443.73333333333335,-298.6666666666667
101,-19.2,-441.59999999999997,-298.6666666666667
102,-17.066666666666666,-443.73333333333335,-290.1333333333333
103,-19.2,-443.73333333333335,-298.6666666666667
104,-10.666666666666666,-445.8666666666667,-285.8666666666667
105,-21.333333333333332,-441.59999999999997,-294.4
106,-10.666666666666666,-445.8666666666667,-290.1333333333333
107,-17.066666666666666,-443.73333333333335,-283.73333333333335
108,-21.333333333333332,-452.26666666666665,-283.73333333333335
109,-19.2,-445.8666666666667,-281.6
110,-23.466666666666665,-445.8666666666667,-277.3333333333333
111,-14.933333333333334,-443.73333333333335,-288.0
112,-17.066666666666666,-439.46666666666664,-288.0
113,-10.666666666666666,-441.59999999999997,-277.3333333333333
114,-17.066666666666666,-441.59999999999997,-288.0
115,-19.2,-435.2,-285.8666666666667
116,-21.333333333333332,-437.3333333333333,-294.4
117,-19.2,-443.73333333333335,-292.26666666666665
118,-17.066666666666666,-439.46666666666664,-296.5333333333333
119,-19.2,-433.06666666666666,-290.1333333333333
120,-17.066666666666666,-441.59999999999997,-290.1333333333333
121,-19.2,-435.2,-294.4
122,-14.933333333333334,-439.46666666666664,-294.4
123,-38.4,-448.0,-288.0
124,-14.933333333333334,-437.3333333333333,-296.5333333333333
125,-25.6,-437.3333333333333,-294.4
126,-19.2,-437.3333333333333,-296.5333333333333
127,-17.066666666666666,-428.8,-298.6666666666667
128,-21.333333333333332,-439.46666666666664,-307.2
129,-17.066666666666666,-435.2,-294.4
130,-17.066666666666666,-435.2,-292.26666666666665
131,-17.066666666666666,-435.2,-294.4
132,-23.466666666666665,-437.3333333333333,-288.0
133,-23.466666666666665,-435.2,-296.5333333333333
134,-19.2,-437.3333333333333,-288.0
135,-23.466666666666665,-441.59999999999997,-285.8666666666667
136,-25.6,-435.2,-283.73333333333335
137,-21.333333333333332,-435.2,-298.6666666666667
138,-19.2,-437.3333333333333,-294.4
139,-21.333333333333332,-437.3333333333333,-283.73333333333335
140,-21.333333333333332,-435.2,-290.1333333333333
141,-17.066666666666666,-435.2,-288.0
142,-21.333333333333332,-441.59999999999997,-290.1333333333333
143,-19.2,-437.3333333333333,-288.0
144,-21.333333333333332,-439.46666666666664,-290.1333333333333
145,-17.066666666666666,-439.46666666666664,-290.1333333333333
146,-10.666666666666666,-435.2,-292.26666666666665
147,-21.333333333333332,-437.3333333333333,-296.5333333333333
148,-17.066666666666666,-433.06666666666666,-296.5333333333333
149,-14.933333333333334,-439.46666666666664,-296.5333333333333
150,-19.2,-428.8,-294.4
151,-14.933333333333334,-439.46666666666664,-294.4
152,-17.066666666666666,-437.3333333333333,-294.4
153,-19.2,-435.2,-296.5333333333333
154,-12.8,-441.59999999999997,-296.5333333333333
155,-19.2,-435.2,-292.26666666666665
156,-17.066666666666666,-433.06666666666666,-294.4
157,-12.8,-437.3333333333333,-296.5333333333333
158,-17.066666666666666,-439.46666666666664,-294.4
159,-14.933333333333334,-437.3333333333333,-288.0
160,-14.933333333333334,-437.3333333333333,-296.5333333333333
161,-12.8,-435.2,-288.0
162,-19.2,-433.06666666666666,-283.73333333333335
163,-17.066666666666666,-435.2,-290.1333333333333
164,-14.933333333333334,-439.46666666666664,-288.0
165,-21.333333333333332,-435.2,-290.1333333333333
166,-14.933333333333334,-430.93333333333334,-298.6666666666667
167,-2.1333333333333333,-426.6666666666667,-292.26666666666665
168,-8.533333333333333,-435.2,-290.1333333333333
169,-17.066666666666666,-428.8,-285.8666666666667
170,-14.933333333333334,-433.06666666666666,-296.5333333333333
171,-14.933333333333334,-433.06666666666666,-296.5333333333333
172,-19.2,-433.06666666666666,-290.1333333333333
173,-8.533333333333333,-437.3333333333333,-292.26666666666665
174,-12.8,-437.3333333333333,-294.4
175,-12.8,-433.06666666666666,-292.26666666666665
176,-14.933333333333334,-441.59999999999997,-288.0
177,-10.666666666666666,-437.3333333333333,-294.4
178,-12.8,-441.59999999999997,-296.5333333333333
179,-14.933333333333334,-441.59999999999997,-288.0
180,-10.666666666666666,-439.46666666666664,-302.93333333333334
181,-14.933333333333334,-441.59999999999997,-300.8
182,-14.933333333333334,-435.2,-292.26666666666665
183,-8.533333333333333,-441.59999999999997,-290.1333333333333
184,-17.066666666666666,-439.46666666666664,-294.4
185,-14.933333333333334,-441.59999999999997,-290.1333333333333
186,-8.533333333333333,-437.3333333333333,-300.8
187,-10.666666666666666,-435.2,-294.4
188,-8.533333333333333,-439.46666666666664,-292.26666666666665
189,-6.4,-437.3333333333333,-290.1333333333333
190,-6.4,-437.3333333333333,-290.1333333333333
191,-12.8,-439.46666666666664,-298.6666666666667
192,-14.933333333333334,-430.93333333333334,-290.1333333333333
193,-14.933333333333334,-437.3333333333333,-292.26666666666665
194,-8.533333333333333,-441.59999999999997,-288.0
195,-17.066666666666666,-441.59999999999997,-283.73333333333335
196,-19.2,-435.2,-294.4
197,-19.2,-437.3333333333333,-288.0
198,-12.8,-437.3333333333333,-302.93333333333334
199,-17.066666666666666,-439.46666666666664,-288.0
200,-19.2,-437.3333333333333,-296.5333333333333
201,-12.8,-439.46666666666664,-288.0
202,-14.933333333333334,-437.3333333333333,-290.1333333333333
203,-19.2,-435.2,-292.26666666666665
204,-21.333333333333332,-439.46666666666664,-290.1333333333333
205,-17.066666666666666,-433.06666666666666,-290.1333333333333
206,-14.933333333333334,-443.73333333333335,-288.0
207,-21.333333333333332,-437.3333333333333,-290.1333333333333
208,-14.933333333333334,-439.46666666666664,-294.4
209,-23.466666666666665,-439.46666666666664,-290.1333333333333
210,-19.2,-437.3333333333333,-285.8666666666667
211,-21.333333333333332,-437.3333333333333,-290.1333333333333
212,-8.533333333333333,-439.46666666666664,-290.1333333333333
213,-17.066666666666666,-441.59999999999997,-298.6666666666667
214,-19.2,-428.8,-307.2
215,-12.8,-439.46666666666664,-292.26666666666665
216,-14.933333333333334,-428.8,-290.1333333333333
217,-14.933333333333334,-437.3333333333333,-292.26666666666665
218,-14.933333333333334,-430.93333333333334,-294.4
219,-10.666666666666666,-433.06666666666666,-292.26666666666665
220,-17.066666666666666,-433.06666666666666,-292.26666666666665
221,-19.2,-439.46666666666664,-292.26666666666665
222,-21.333333333333332,-428.8,-285.8666666666667
223,-19.2,-435.2,-290.1333333333333
224,-19.2,-433.06666666666666,-288.0
225,-17.066666666666666,-433.06666666666666,-302.93333333333334
226,-8.533333333333333,-433.06666666666666,-292.26666666666665
227,-17.066666666666666,-430.93333333333334,-296.5333333333333
228,-21.333333333333332,-437.3333333333333,-302.93333333333334
229,-8.533333333333333,-435.2,-296.5333333333333
230,-17.066666666666666,-437.3333333333333,-292.26666666666665
231,-23.466666666666665,-437.3333333333333,-294.4
232,-17.066666666666666,-435.2,-296.5333333333333
233,-12.8,-437.3333333333333,-296.5333333333333
234,-14.933333333333334,-437.3333333333333,-300.8
235,-14.933333333333334,-443.73333333333335,-298.6666666666667
236,-14.933333333333334,-441.59999999999997,-296.5333333333333
237,-10.666666666666666,-435.2,-288.0
238,-14.933333333333334,-435.2,-290.1333333333333
239,-12.8,-445.8666666666667,-300.8
240,-21.333333333333332,-439.46666666666664,-294.4
241,-17.066666666666666,-437.3333333333333,-296.5333333333333
242,-6.4,-441.59999999999997,-300.8
243,-17.066666666666666,-443.73333333333335,-292.26666666666665
244,-17.066666666666666,-435.2,-290.1333333333333
245,-17.066666666666666,-435.2,-292.26666666666665
246,-14.933333333333334,-437.3333333333333,-296.5333333333333
247,-17.066666666666666,-437.3333333333333,-292.26666666666665
248,-21.333333333333332,-439.46666666666664,-294.4
249,-10.666666666666666,-437.3333333333333,-296.5333333333333
250,-12.8,-435.2,-298.6666666666667
251,-21.333333333333332,-430.93333333333334,-296.5333333333333
252,-14.933333333333334,-433.06666666666666,-296.5333333333333
253,-14.933333333333334,-437.3333333333333,-294.4
254,-25.6,-430.93333333333334,-320.0
255,-21.333333333333332,-433.06666666666666,-298.6666666666667
256,-17.066666666666666,-430.93333333333334,-294.4
257,-17.066666666666666,-437.3333333333333,-294.4
258,-21.333333333333332,-430.93333333333334,-300.8
259,-19.2,-433.06666666666666,-298.6666666666667
260,-14.933333333333334,-430.93333333333334,-298.6666666666667
261,-14.933333333333334,-433.06666666666666,-296.5333333333333
262,-14.933333333333334,-433.06666666666666,-288.0
263,-6.4,-437.3333333333333,-294.4
264,-17.066666666666666,-433.06666666666666,-294.4
265,-12.8,-428.8,-300.8
266,-10.666666666666666,-435.2,-281.6
267,-12.8,-430.93333333333334,-296.5333333333333
268,-12.8,-433.06666666666666,-294.4
269,-17.066666666666666,-433.06666666666666,-298.6666666666667
270,-14.933333333333334,-437.3333333333333,-294.4
271,-17.066666666666666,-426.6666666666667,-283.73333333333335
272,-17.066666666666666,-433.06666666666666,-294.4
273,-14.933333333333334,-430.93333333333334,-294.4
274,-17.066666666666666,-435.2,-298.6666666666667
275,-19.2,-435.2,-300.8
276,-8.533333333333333,-439.46666666666664,-294.4
277,-10.666666666666666,-435.2,-296.5333333333333
278,-10.666666666666666,-428.8,-300.8
279,-12.8,-430.93333333333334,-298.6666666666667
280,-8.533333333333333,-437.3333333333333,-300.8
281,-10.666666666666666,-433.06666666666666,-292.26666666666665
282,-10.666666666666666,-439.46666666666664,-300.8
283,-10.666666666666666,-435.2,-294.4
284,-21.333333333333332,-428.8,-292.26666666666665
285,-10.666666666666666,-437.3333333333333,-298.6666666666667
286,-17.066666666666666,-433.06666666666666,-296.5333333333333
287,-17.066666666666666,-437.3333333333333,-296.5333333333333
288,-12.8,-435.2,-292.26666666666665
289,-17.066666666666666,-435.2,-298.6666666666667
290,-6.4,-439.46666666666664,-290.1333333333333
291,-21.333333333333332,-435.2,-298.6666666666667
292,-14.933333333333334,-435.2,-290.1333333333333
293,-6.4,-435.2,-288.0
294,-14.933333333333334,-439.46666666666664,-292.26666666666665
295,-14.933333333333334,-433.06666666666666,-296.5333333333333
296,-10.666666666666666,-435.2,-302.93333333333334
297,-12.8,-439.46666666666664,-294.4
298,-14.933333333333334,-413.8666666666667,-317.8666666666667
299,-19.2,-428.8,-292.26666666666665
300,-14.933333333333334,-433.06666666666666,-296.5333333333333
301,-10.666666666666666,-441.59999999999997,-294.4
302,-8.533333333333333,-430.93333333333334,-292.26666666666665
303,-8.533333333333333,-437.3333333333333,-302.93333333333334
304,-17.066666666666666,-439.46666666666664,-290.1333333333333
305,-14.933333333333334,-435.2,-294.4
306,-17.066666666666666,-433.06666666666666,-300.8
307,-8.533333333333333,-441.59999999999997,-302.93333333333334
308,-21.333333333333332,-437.3333333333333,-294.4
309,-19.2,-437.3333333333333,-298.6666666666667
310,-19.2,-439.46666666666664,-290.1333333333333
311,-10.666666666666666,-439.46666666666664,-294.4
312,-10.666666666666666,-437.3333333333333,-296.5333333333333
313,-12.8,-428.8,-296.5333333333333
314,-6.4,-437.3333333333333,-290.1333333333333
315,-21.333333333333332,-430.93333333333334,-285.8666666666667
316,-6.4,-433.06666666666666,-294.4
317,-14.933333333333334,-437.3333333333333,-294.4
318,-12.8,-439.46666666666664,-296.5333333333333
319,-8.533333333333333,-430.93333333333334,-298.6666666666667
320,-19.2,-433.06666666666666,-294.4
321,-6.4,-435.2,-300.8
322,-14.933333333333334,-437.3333333333333,-296.5333333333333
323,-14.933333333333334,-435.2,-298.6666666666667
324,-14.933333333333334,-437.3333333333333,-294.4
325,-14.933333333333334,-437.3333333333333,-292.26666666666665
326,-25.6,-435.2,-296.5333333333333
327,-10.666666666666666,-443.73333333333335,-294.4
328,-10.666666666666666,-437.3333333333333,-292.26666666666665
329,-17.066666666666666,-435.2,-292.26666666666665
330,-12.8,-435.2,-292.26666666666665
331,-12.8,-435.2,-298.6666666666667
332,-10.666666666666666,-435.2,-294.4
333,-12.8,-430.93333333333334,-290.1333333333333
334,-23.466666666666665,-433.06666666666666,-298.6666666666667
335,-17.066666666666666,-430.93333333333334,-292.26666666666665
336,-12.8,-435.2,-296.5333333333333
337,-14.933333333333334,-439.46666666666664,-294.4
338,-12.8,-430.93333333333334,-294.4
339,-17.066666666666666,-435.2,-292.26666666666665
340,-21.333333333333332,-430.93333333333334,-298.6666666666667
341,-19.2,-433.06666666666666,-307.2
342,-14.933333333333334,-435.2,-298.6666666666667
343,-23.466666666666665,-435.2,-296.5333333333333
344,-6.4,-439.46666666666664,-300.8
345,-17.066666666666666,-435.2,-290.1333333333333
346,-21.333333333333332,-437.3333333333333,-298.6666666666667
347,-23.466666666666665,-437.3333333333333,-294.4
348,-12.8,-428.8,-300.8
349,-14.933333333333334,-433.06666666666666,-300.8
350,-17.066666666666666,-437.3333333333333,-292.26666666666665
351,-14.933333333333334,-439.46666666666664,-292.26666666666665
352,-38.4,-443.73333333333335,-296.5333333333333
353,-17.066666666666666,-430.93333333333334,-294.4
354,-23.466666666666665,-433.06666666666666,-288.0
355,-17.066666666666666,-435.2,-300.8
356,-19.2,-437.3333333333333,-296.5333333333333
357,-14.933333333333334,-439.46666666666664,-307.2
358,-8.533333333333333,-439.46666666666664,-296.5333333333333
359,-17.066666666666666,-437.3333333333333,-288.0
360,-12.8,-439.46666666666664,-290.1333333333333
361,-8.533333333333333,-437.3333333333333,-302.93333333333334
362,-19.2,-433.06666666666666,-294.4
363,-10.666666666666666,-435.2,-285.8666666666667
364,-14.933333333333334,-435.2,-294.4
365,-14.933333333333334,-428.8,-294.4
366,-23.466666666666665,-435.2,-298.6666666666667
367,-10.666666666666666,-435.2,-294.4
368,-17.066666666666666,-435.2,-294.4
369,-14.933333333333334,-433.06666666666666,-292.26666666666665
370,-17.066666666666666,-433.06666666666666,-302.93333333333334
371,-10.666666666666666,-439.46666666666664,-290.1333333333333
372,-14.933333333333334,-433.06666666666666,-294.4
373,-19.2,-428.8,-292.26666666666665
374,-14.933333333333334,-435.2,-294.4
375,-10.666666666666666,-441.59999999999997,-298.6666666666667
376,-14.933333333333334,-428.8,-302.93333333333334
377,-12.8,-439.46666666666664,-300.8
378,-19.2,-433.06666666666666,-294.4
379,-19.2,-443.73333333333335,-300.8
380,-21.333333333333332,-433.06666666666666,-292.26666666666665
381,-8.533333333333333,-430.93333333333334,-296.5333333333333
382,-8.533333333333333,-443.73333333333335,-292.26666666666665
383,-23.466666666666665,-439.46666666666664,-300.8
384,-14.933333333333334,-441.59999999999997,-296.5333333333333
385,-21.333333333333332,-430.93333333333334,-294.4
386,-17.066666666666666,-437.3333333333333,-298.6666666666667
387,-10.666666666666666,-443.73333333333335,-305.06666666666666
388,-14.933333333333334,-435.2,-298.6666666666667
389,-8.533333333333333,-439.46666666666664,-294.4
390,-19.2,-430.93333333333334,-300.8
391,-17.066666666666666,-433.06666666666666,-294.4
392,-25.6,-439.46666666666664,-296.5333333333333
393,-17.066666666666666,-433.06666666666666,-290.1333333333333
394,-10.666666666666666,-435.2,-292.26666666666665
395,-17.066666666666666,-433.06666666666666,-292.26666666666665
396,-17.066666666666666,-437.3333333333333,-288.0
397,-14.933333333333334,-435.2,-305.06666666666666
398,-17.066666666666666,-433.06666666666666,-298.6666666666667
399,-17.066666666666666,-435.2,-296.5333333333333
400,-12.8,-435.2,-290.1333333333333
401,-10.666666666666666,-435.2,-290.1333333333333
402,-10.666666666666666,-439.46666666666664,-298.6666666666667
403,-6.4,-437.3333333333333,-292.26666666666665
404,-17.066666666666666,-437.3333333333333,-302.93333333333334
405,-12.8,-437.3333333333333,-281.6
406,-12.8,-437.3333333333333,-300.8
407,-14.933333333333334,-441.59999999999997,-292.26666666666665
408,-8.533333333333333,-441.59999999999997,-294.4
409,-4.266666666666667,-445.8666666666667,-290.1333333333333
410,-12.8,-437.3333333333333,-298.6666666666667
411,-8.533333333333333,-448.0,-298.6666666666667
412,-17.066666666666666,-437.3333333333333,-285.8666666666667
413,-14.933333333333334,-439.46666666666664,-294.4
414,-12.8,-439.46666666666664,-296.5333333333333
415,-19.2,-443.73333333333335,-294.4
416,-10.666666666666666,-441.59999999999997,-294.4
417,-14.933333333333334,-441.59999999999997,-292.26666666666665
418,-17.066666666666666,-441.59999999999997,-294.4
419,-8.533333333333333,-441.59999999999997,-300.8
420,-21.333333333333332,-445.8666666666667,-294.4
421,-6.4,-437.3333333333333,-292.26666666666665
422,-14.933333333333334,-439.46666666666664,-292.26666666666665
423,-17.066666666666666,-441.59999999999997,-290.1333333333333
424,-17.066666666666666,-441.59999999999997,-292.26666666666665
425,-12.8,-439.46666666666664,-298.6666666666667
426,-14.933333333333334,-441.59999999999997,-298.6666666666667
427,-17.066666666666666,-441.59999999999997,-296.5333333333333
428,-14.933333333333334,-435.2,-288.0
429,-10.666666666666666,-437.3333333333333,-298.6666666666667
430,-8.533333333333333,-443.73333333333335,-294.4
431,-8.533333333333333,-441.59999999999997,-285.8666666666667
432,-17.066666666666666,-430.93333333333334,-294.4
433,-8.533333333333333,-441.59999999999997,-292.26666666666665
434,-14.933333333333334,-435.2,-292.26666666666665
435,-21.333333333333332,-430.93333333333334,-290.1333333333333
436,-12.8,-433.06666666666666,-290.1333333333333
437,-12.8,-430.93333333333334,-298.6666666666667
438,-12.8,-428.8,-290.1333333333333
439,2.1333333333333333,-422.4,-290.1333333333333
440,-14.933333333333334,-435.2,-288.0
441,-12.8,-430.93333333333334,-288.0
442,-19.2,-439.46666666666664,-290.1333333333333
443,-8.533333333333333,-437.3333333333333,-288.0
444,-10.666666666666666,-437.3333333333333,-294.4
445,-10.666666666666666,-439.46666666666664,-288.0
446,-12.8,-437.3333333333333,-290.1333333333333
447,-12.8,-437.3333333333333,-298.6666666666667
448,-10.666666666666666,-443.73333333333335,-288.0
449,-4.266666666666667,-437.3333333333333,-298.6666666666667
450,-10.666666666666666,-437.3333333333333,-290.1333333333333
451,-12.8,-439.46666666666664,-298.6666666666667
452,-8.533333333333333,-445.8666666666667,-292.26666666666665
453,-8.533333333333333,-441.59999999999997,-292.26666666666665
454,-10.666666666666666,-441.59999999999997,-285.8666666666667
455,-8.533333333333333,-437.3333333333333,-296.5333333333333
456,-14.933333333333334,-439.46666666666664,-290.1333333333333
457,-6.4,-433.06666666666666,-292.26666666666665
458,-10.666666666666666,-439.46666666666664,-296.5333333333333
459,-8.533333333333333,-443.73333333333335,-290.1333333333333
460,-12.8,-439.46666666666664,-290.1333333333333
461,-17.066666666666666,-443.73333333333335,-298.6666666666667
462,-17.066666666666666,-443.73333333333335,-290.1333333333333
463,-23.466666666666665,-435.2,-290.1333333333333
464,-17.066666666666666,-437.3333333333333,-296.5333333333333
465,-12.8,-441.59999999999997,-290.1333333333333
466,-14.933333333333334,-441.59999999999997,-288.0
467,-17.066666666666666,-439.46666666666664,-290.1333333333333
468,-12.8,-433.06666666666666,-288.0
469,-17.066666666666666,-439.46666666666664,-288.0
470,-14.933333333333334,-433.06666666666666,-292.26666666666665
471,-6.4,-430.93333333333334,-288.0
472,-12.8,-433.06666666666666,-292.26666666666665
473,-12.8,-433.06666666666666,-290.1333333333333
474,-14.933333333333334,-433.06666666666666,-296.5333333333333
475,-21.333333333333332,-437.3333333333333,-294.4
476,-14.933333333333334,-430.93333333333334,-277.3333333333333
477,-12.8,-435.2,-294.4
478,-14.933333333333334,-437.3333333333333,-285.8666666666667
479,-10.666666666666666,-437.3333333333333,-288.0
480,-17.066666666666666,-439.46666666666664,-288.0
481,-17.066666666666666,-437.3333333333333,-288.0
482,-17.066666666666666,-433.06666666666666,-288.0
483,-23.466666666666665,-422.4,-292.26666666666665
484,-6.4,-443.73333333333335,-288.0
485,-12.8,-441.59999999999997,-285.8666666666667
486,-8.533333333333333,-445.8666666666667,-296.5333333333333
487,-6.4,-445.8666666666667,-290.1333333333333
488,-17.066666666666666,-441.59999999999997,-288.0
489,-12.8,-445.8666666666667,-283.73333333333335
490,-4.266666666666667,-441.59999999999997,-300.8
491,-8.533333333333333,-443.73333333333335,-294.4
492,-21.333333333333332,-437.3333333333333,-292.26666666666665
493,-14.933333333333334,-441.59999999999997,-296.5333333333333
494,-12.8,-450.1333333333333,-285.8666666666667
495,-17.066666666666666,-445.8666666666667,-283.73333333333335
496,-8.533333333333333,-448.0,-288.0
497,-8.533333333333333,-443.73333333333335,-300.8
498,-10.666666666666666,-441.59999999999997,-283.73333333333335
499,-12.8,-441.59999999999997,-288.0
500,-23.466666666666665,-437.3333333333333,-292.26666666666665
501,-12.8,-441.59999999999997,-283.73333333333335
502,-14.933333333333334,-439.46666666666664,-285.8666666666667
503,-12.8,-441.59999999999997,-294.4
504,-17.066666666666666,-441.59999999999997,-290.1333333333333
505,-14.933333333333334,-437.3333333333333,-292.26666666666665
506,-21.333333333333332,-435.2,-294.4
507,-12.8,-437.3333333333333,-296.5333333333333
508,-14.933333333333334,-435.2,-294.4
509,-14.933333333333334,-448.0,-288.0
510,-10.666666666666666,-441.59999999999997,-288.0
511,-17.066666666666666,-435.2,-290.1333333333333
512,-8.533333333333333,-433.06666666666666,-294.4
513,-21.333333333333332,-435.2,-292.26666666666665
514,-23.466666666666665,-437.3333333333333,-290.1333333333333
515,-19.2,-433.06666666666666,-288.0
516,-19.2,-441.59999999999997,-285.8666666666667
517,-21.333333333333332,-435.2,-292.26666666666665
518,-19.2,-443.73333333333335,-298.6666666666667
519,-17.066666666666666,-435.2,-294.4
520,-23.466666666666665,-441.59999999999997,-288.0
521,-19.2,-435.2,-294.4
522,-17.066666666666666,-437.3333333333333,-288.0
523,-25.6,-428.8,-296.5333333333333
524,-21.333333333333332,-437.3333333333333,-294.4
525,-21.333333333333332,-424.5333333333333,-290.1333333333333
526,-14.933333333333334,-437.3333333333333,-288.0
527,-17.066666666666666,-430.93333333333334,-292.26666666666665
528,-19.2,-430.93333333333334,-285.8666666666667
529,-17.066666666666666,-435.2,-296.5333333333333
530,-8.533333333333333,-435.2,-294.4
531,-17.066666666666666,-433.06666666666666,-292.26666666666665
532,-12.8,-430.93333333333334,-290.1333333333333
533,-12.8,-435.2,-296.5333333333333
534,-12.8,-439.46666666666664,-296.5333333333333
535,-14.933333333333334,-428.8,-292.26666666666665
536,-14.933333333333334,-433.06666666666666,-305.06666666666666
537,-12.8,-430.93333333333334,-298.6666666666667
538,-6.4,-437.3333333333333,-292.26666666666665
539,-8.533333333333333,-428.8,-300.8
540,-4.266666666666667,-430.93333333333334,-296.5333333333333
541,-8.533333333333333,-437.3333333333333,-296.5333333333333
542,-14.933333333333334,-433.06666666666666,-298.6666666666667
543,-12.8,-426.6666666666667,-298.6666666666667
544,-6.4,-430.93333333333334,-294.4
545,-17.066666666666666,-426.6666666666667,-307.2
546,-8.533333333333333,-430.93333333333334,-302.93333333333334
547,-6.4,-424.5333333333333,-309.3333333333333
548,0.0,-426.6666666666667,-300.8
549,-4.266666666666667,-422.4,-309.3333333333333
550,-4.266666666666667,-416.0,-298.6666666666667
551,-6.4,-416.0,-292.26666666666665
552,-8.533333333333333,-420.26666666666665,-302.93333333333334
553,-4.266666666666667,-413.8666666666667,-305.06666666666666
554,-4.266666666666667,-409.6,-296.5333333333333
555,-8.533333333333333,-411.73333333333335,-305.06666666666666
556,-2.1333333333333333,-411.73333333333335,-302.93333333333334
557,-12.8,-407.46666666666664,-298.6666666666667
558,-8.533333333333333,-403.2,-302.93333333333334
559,-12.8,-403.2,-305.06666666666666
560,-14.933333333333334,-401.06666666666666,-305.06666666666666
561,-10.666666666666666,-398.93333333333334,-300.8
562,-12.8,-396.8,-298.6666666666667
563,-10.666666666666666,-392.5333333333333,-300.8
564,-2.1333333333333333,-390.4,-309.3333333333333
565,-6.4,-392.5333333333333,-309.3333333333333
566,-4.266666666666667,-386.1333333333333,-307.2
567,-10.666666666666666,-386.1333333333333,-300.8
568,-4.266666666666667,-384.0,-307.2
569,-6.4,-388.26666666666665,-305.06666666666666
570,-14.933333333333334,-345.6,-305.06666666666666
571,-4.266666666666667,-384.0,-307.2
572,-12.8,-386.1333333333333,-311.46666666666664
573,-8.533333333333333,-388.26666666666665,-307.2
574,-4.266666666666667,-388.26666666666665,-315.73333333333335
575,-17.066666666666666,-390.4,-311.46666666666664
576,-6.4,-398.93333333333334,-309.3333333333333
577,-6.4,-401.06666666666666,-311.46666666666664
578,-8.533333333333333,-398.93333333333334,-311.46666666666664
579,-4.266666666666667,-398.93333333333334,-317.8666666666667
580,-8.533333333333333,-405.3333333333333,-322.1333333333333
581,-8.533333333333333,-398.93333333333334,-313.6
582,-8.533333333333333,-401.06666666666666,-317.8666666666667
583,-10.666666666666666,-401.06666666666666,-324.26666666666665
584,-4.266666666666667,-407.46666666666664,-324.26666666666665
585,-10.666666666666666,-405.3333333333333,-322.1333333333333
586,-4.266666666666667,-403.2,-317.8666666666667
587,-8.533333333333333,-405.3333333333333,-311.46666666666664
588,-12.8,-403.2,-315.73333333333335
589,-17.066666666666666,-403.2,-326.4
590,-19.2,-403.2,-309.3333333333333
591,-8.533333333333333,-396.8,-315.73333333333335
592,-12.8,-396.8,-307.2
593,-10.666666666666666,-401.06666666666666,-309.3333333333333
594,-12.8,-386.1333333333333,-307.2
595,-14.933333333333334,-388.26666666666665,-309.3333333333333
596,-10.666666666666666,-381.8666666666667,-302.93333333333334
597,-8.533333333333333,-377.6,-305.06666666666666
598,-14.933333333333334,-369.06666666666666,-305.06666666666666
599,-10.666666666666666,-369.06666666666666,-305.06666666666666
600,-17.066666666666666,-362.6666666666667,-307.2
601,-8.533333333333333,-358.4,-311.46666666666664
602,-4.266666666666667,-360.5333333333333,-309.3333333333333
603,-10.666666666666666,-349.8666666666667,-305.06666666666666
604,-12.8,-356.26666666666665,-315.73333333333335
605,-8.533333333333333,-349.8666666666667,-315.73333333333335
606,-14.933333333333334,-345.6,-317.8666666666667
607,-17.066666666666666,-341.3333333333333,-309.3333333333333
608,-8.533333333333333,-339.2,-317.8666666666667
609,-12.8,-337.06666666666666,-311.46666666666664
610,-17.066666666666666,-334.93333333333334,-305.06666666666666
611,-19.2,-332.8,-311.46666666666664
612,-10.666666666666666,-330.6666666666667,-313.6
613,-8.533333333333333,-326.4,-309.3333333333333
614,-2.1333333333333333,-328.5333333333333,-300.8
615,-8.533333333333333,-313.6,-307.2
616,0.0,-320.0,-315.73333333333335
617,-2.1333333333333333,-320.0,-302.93333333333334
618,-2.1333333333333333,-315.73333333333335,-300.8
619,0.0,-311.46666666666664,-298.6666666666667
620,-2.1333333333333333,-313.6,-288.0
621,4.266666666666667,-309.3333333333333,-296.5333333333333
622,0.0,-305.06666666666666,-285.8666666666667
623,2.1333333333333333,-311.46666666666664,-285.8666666666667
624,21.333333333333332,-324.26666666666665,-290.1333333333333
625,2.1333333333333333,-305.06666666666666,-296.5333333333333
626,0.0,-307.2,-294.4
627,2.1333333333333333,-315.73333333333335,-290.1333333333333
628,2.1333333333333333,-309.3333333333333,-294.4
629,8.533333333333333,-324.26666666666665,-294.4
630,6.4,-320.0,-302.93333333333334
631,8.533333333333333,-322.1333333333333,-296.5333333333333
632,12.8,-322.1333333333333,-302.93333333333334
633,10.666666666666666,-322.1333333333333,-307.2
634,8.533333333333333,-322.1333333333333,-309.3333333333333
635,10.666666666666666,-341.3333333333333,-320.0
636,4.266666666666667,-332.8,-322.1333333333333
637,10.666666666666666,-341.3333333333333,-324.26666666666665
638,10.666666666666666,-349.8666666666667,-330.6666666666667
639,10.666666666666666,-349.8666666666667,-330.6666666666667
640,17.066666666666666,-347.73333333333335,-337.06666666666666
641,19.2,-364.8,-337.06666666666666
642,14.933333333333334,-364.8,-345.6
643,14.933333333333334,-364.8,-347.73333333333335
644,14.933333333333334,-377.6,-362.6666666666667
645,12.8,-373.3333333333333,-369.06666666666666
646,10.666666666666666,-384.0,-371.2
647,6.4,-394.6666666666667,-377.6
648,6.4,-401.06666666666666,-375.46666666666664
649,-2.1333333333333333,-405.3333333333333,-386.1333333333333
650,4.266666666666667,-405.3333333333333,-381.8666666666667
651,2.1333333333333333,-405.3333333333333,-384.0
652,0.0,-405.3333333333333,-381.8666666666667
653,-2.1333333333333333,-403.2,-381.8666666666667
654,-4.266666666666667,-405.3333333333333,-377.6
655,-6.4,-401.06666666666666,-375.46666666666664
656,0.0,-398.93333333333334,-375.46666666666664
657,0.0,-401.06666666666666,-377.6
658,-2.1333333333333333,-388.26666666666665,-373.3333333333333
659,0.0,-381.8666666666667,-384.0
660,-6.4,-386.1333333333333,-377.6
661,0.0,-377.6,-379.73333333333335
662,2.1333333333333333,-373.3333333333333,-373.3333333333333
663,4.266666666666667,-366.93333333333334,-366.93333333333334
664,14.933333333333334,-375.46666666666664,-373.3333333333333
665,14.933333333333334,-373.3333333333333,-375.46666666666664
666,14.933333333333334,-373.3333333333333,-373.3333333333333
667,17.066666666666666,-364.8,-371.2
668,19.2,-375.46666666666664,-377.6
669,14.933333333333334,-377.6,-371.2
670,8.533333333333333,-375.46666666666664,-373.3333333333333
671,14.933333333333334,-375.46666666666664,-377.6
672,17.066666666666666,-379.73333333333335,-373.3333333333333
673,25.6,-381.8666666666667,-381.8666666666667
674,23.466666666666665,-390.4,-371.2
675,23.466666666666665,-390.4,-375.46666666666664
676,29.866666666666667,-392.5333333333333,-373.3333333333333
677,25.6,-390.4,-377.6
678,25.6,-398.93333333333334,-381.8666666666667
679,25.6,-398.93333333333334,-371.2
680,29.866666666666667,-396.8,-379.73333333333335
681,29.866666666666667,-394.6666666666667,-373.3333333333333
682,27.733333333333334,-396.8,-377.6
683,25.6,-392.5333333333333,-381.8666666666667
684,25.6,-401.06666666666666,-379.73333333333335
685,27.733333333333334,-392.5333333333333,-379.73333333333335
686,17.066666666666666,-392.5333333333333,-384.0
687,14.933333333333334,-401.06666666666666,-377.6
688,14.933333333333334,-392.5333333333333,-386.1333333333333
689,8.533333333333333,-394.6666666666667,-381.8666666666667
690,2.1333333333333333,-394.6666666666667,-386.1333333333333
691,2.1333333333333333,-396.8,-386.1333333333333
692,0.0,-396.8,-392.5333333333333
693,0.0,-403.2,-388.26666666666665
694,2.1333333333333333,-396.8,-384.0
695,-4.266666666666667,-396.8,-390.4
696,-10.666666666666666,-392.5333333333333,-390.4
697,-8.533333333333333,-403.2,-396.8
698,0.0,-396.8,-394.6666666666667
699,0.0,-401.06666666666666,-390.4
700,-8.533333333333333,-396.8,-386.1333333333333
701,-2.1333333333333333,-398.93333333333334,-392.5333333333333
702,0.0,-390.4,-381.8666666666667
703,0.0,-392.5333333333333,-392.5333333333333
704,4.266666666666667,-386.1333333333333,-390.4
705,4.266666666666667,-386.1333333333333,-386.1333333333333
706,8.533333333333333,-386.1333333333333,-373.3333333333333
707,8.533333333333333,-384.0,-381.8666666666667
708,10.666666666666666,-386.1333333333333,-384.0
709,10.666666666666666,-381.8666666666667,-384.0
710,19.2,-396.8,-375.46666666666664
711,21.333333333333332,-396.8,-384.0
712,21.333333333333332,-392.5333333333333,-375.46666666666664
713,23.466666666666665,-396.8,-373.3333333333333
714,23.466666666666665,-403.2,-377.6
715,25.6,-403.2,-373.3333333333333
716,36.266666666666666,-409.6,-379.73333333333335
717,32.0,-418.1333333333333,-381.8666666666667
718,34.13333333333333,-420.26666666666665,-373.3333333333333
719,29.866666666666667,-416.0,-384.0
720,25.6,-426.6666666666667,-377.6
721,27.733333333333334,-422.4,-381.8666666666667
722,23.466666666666665,-426.6666666666667,-379.73333333333335
723,14.933333333333334,-418.1333333333333,-381.8666666666667
724,6.4,-422.4,-386.1333333333333
725,0.0,-416.0,-386.1333333333333
726,0.0,-416.0,-381.8666666666667
727,-10.666666666666666,-407.46666666666664,-375.46666666666664
728,-10.666666666666666,-405.3333333333333,-379.73333333333335
729,-8.533333333333333,-394.6666666666667,-369.06666666666666
730,-10.666666666666666,-386.1333333333333,-369.06666666666666
731,-19.2,-377.6,-358.4
732,-10.666666666666666,-373.3333333333333,-362.6666666666667
733,-8.533333333333333,-371.2,-362.6666666666667
734,-2.1333333333333333,-364.8,-358.4
735,6.4,-366.93333333333334,-360.5333333333333
736,0.0,-364.8,-358.4
737,14.933333333333334,-371.2,-354.1333333333333
738,12.8,-369.06666666666666,-358.4
739,21.333333333333332,-373.3333333333333,-366.93333333333334
740,29.866666666666667,-388.26666666666665,-369.06666666666666
741,21.333333333333332,-381.8666666666667,-366.93333333333334
742,17.066666666666666,-394.6666666666667,-371.2
743,32.0,-401.06666666666666,-373.3333333333333
744,32.0,-403.2,-375.46666666666664
745,17.066666666666666,-403.2,-375.46666666666664
746,21.333333333333332,-409.6,-377.6
747,17.066666666666666,-407.46666666666664,-390.4
748,27.733333333333334,-416.0,-375.46666666666664
749,27.733333333333334,-409.6,-375.46666666666664
750,19.2,-413.8666666666667,-394.6666666666667
751,19.2,-413.8666666666667,-373.3333333333333
752,21.333333333333332,-416.0,-377.6
753,10.666666666666666,-409.6,-384.0
754,10.666666666666666,-418.1333333333333,-394.6666666666667
755,17.066666666666666,-407.46666666666664,-377.6
756,4.266666666666667,-413.8666666666667,-379.73333333333335
757,8.533333333333333,-413.8666666666667,-379.73333333333335
758,12.8,-422.4,-371.2
759,4.266666666666667,-413.8666666666667,-381.8666666666667
760,0.0,-416.0,-371.2
761,8.533333333333333,-413.8666666666667,-379.73333333333335
762,14.933333333333334,-411.73333333333335,-369.06666666666666
763,2.1333333333333333,-411.73333333333335,-375.46666666666664
764,10.666666666666666,-416.0,-369.06666666666666
765,4.266666666666667,-407.46666666666664,-371.2
766,6.4,-407.46666666666664,-371.2
767,8.533333333333333,-403.2,-381.8666666666667
768,21.333333333333332,-490.6666666666667,-409.6
769,51.2,-381.8666666666667,-288.0
770,29.866666666666667,-403.2,-394.6666666666667
771,-2.1333333333333333,-407.46666666666664,-443.73333333333335
772,17.066666666666666,-398.93333333333334,-394.6666666666667
773,34.13333333333333,-394.6666666666667,-339.2
774,55.46666666666667,-407.46666666666664,-292.26666666666665
775,21.333333333333332,-413.8666666666667,-405.3333333333333
776,14.933333333333334,-407.46666666666664,-398.93333333333334
777,19.2,-401.06666666666666,-343.46666666666664
778,42.666666666666664,-411.73333333333335,-302.93333333333334
779,46.93333333333333,-409.6,-307.2
780,-4.266666666666667,-413.8666666666667,-405.3333333333333
781,6.4,-409.6,-373.3333333333333
782,25.6,-418.1333333333333,-320.0
783,70.4,-354.1333333333333,-230.4
784,21.333333333333332,-445.8666666666667,-439.46666666666664
785,59.733333333333334,-428.8,-371.2
786,46.93333333333333,-411.73333333333335,-228.26666666666665
787,57.6,-424.5333333333333,-262.4
788,27.733333333333334,-448.0,-377.6
789,-2.1333333333333333,-454.4,-486.4
790,53.333333333333336,-439.46666666666664,-290.1333333333333
791,66.13333333333333,-443.73333333333335,-256.0
792,53.333333333333336,-462.93333333333334,-330.6666666666667
793,4.266666666666667,-458.6666666666667,-441.59999999999997
794,-4.266666666666667,-450.1333333333333,-454.4
795,55.46666666666667,-452.26666666666665,-262.4
796,44.8,-441.59999999999997,-302.93333333333334
797,17.066666666666666,-448.0,-401.06666666666666
798,-4.266666666666667,-433.06666666666666,-445.8666666666667
799,12.8,-450.1333333333333,-401.06666666666666
800,46.93333333333333,-418.1333333333333,-292.26666666666665
801,21.333333333333332,-422.4,-362.6666666666667
802,0.0,-409.6,-428.8
803,-2.1333333333333333,-411.73333333333335,-418.1333333333333
804,21.333333333333332,-405.3333333333333,-332.8
805,23.466666666666665,-403.2,-326.4
806,0.0,-405.3333333333333,-401.06666666666666
807,-4.266666666666667,-407.46666666666664,-416.0
808,4.266666666666667,-409.6,-364.8
809,34.13333333333333,-405.3333333333333,-285.8666666666667
810,2.1333333333333333,-407.46666666666664,-356.26666666666665
811,-10.666666666666666,-405.3333333333333,-394.6666666666667
812,-12.8,-413.8666666666667,-373.3333333333333
813,12.8,-405.3333333333333,-307.2
814,0.0,-409.6,-332.8
815,-8.533333333333333,-416.0,-386.1333333333333
816,-12.8,-409.6,-379.73333333333335
817,-6.4,-409.6,-332.8
818,8.533333333333333,-418.1333333333333,-296.5333333333333
819,0.0,-413.8666666666667,-349.8666666666667
820,-29.866666666666667,-418.1333333333333,-381.8666666666667
821,-29.866666666666667,-418.1333333333333,-362.6666666666667
822,-2.1333333333333333,-416.0,-324.26666666666665
823,2.1333333333333333,-418.1333333333333,-302.93333333333334
824,-23.466666666666665,-416.0,-375.46666666666664
825,-17.066666666666666,-418.1333333333333,-379.73333333333335
826,-4.266666666666667,-411.73333333333335,-347.73333333333335
827,4.266666666666667,-418.1333333333333,-309.3333333333333
828,0.0,-413.8666666666667,-313.6
829,-21.333333333333332,-424.5333333333333,-384.0
830,-12.8,-420.26666666666665,-352.0
831,-2.1333333333333333,-413.8666666666667,-317.8666666666667
832,2.1333333333333333,-420.26666666666665,-305.06666666666666
833,-6.4,-418.1333333333333,-337.06666666666666
834,-17.066666666666666,-424.5333333333333,-360.5333333333333
835,-8.533333333333333,-422.4,-320.0
836,4.266666666666667,-420.26666666666665,-296.5333333333333
837,-14.933333333333334,-418.1333333333333,-324.26666666666665
838,-27.733333333333334,-418.1333333333333,-356.26666666666665
839,-10.666666666666666,-424.5333333333333,-332.8
840,-2.1333333333333333,-418.1333333333333,-309.3333333333333
841,-8.533333333333333,-420.26666666666665,-322.1333333333333
842,-21.333333333333332,-420.26666666666665,-347.73333333333335
843,-12.8,-424.5333333333333,-339.2
844,-14.933333333333334,-420.26666666666665,-311.46666666666664
845,0.0,-416.0,-322.1333333333333
846,-34.13333333333333,-420.26666666666665,-343.46666666666664
847,-44.8,-418.1333333333333,-360.5333333333333
848,-19.2,-428.8,-320.0
849,-21.333333333333332,-422.4,-322.1333333333333
850,-14.933333333333334,-426.6666666666667,-337.06666666666666
851,-32.0,-430.93333333333334,-377.6
852,-25.6,-443.73333333333335,-371.2
853,-14.933333333333334,-430.93333333333334,-315.73333333333335
854,-23.466666666666665,-435.2,-341.3333333333333
855,-25.6,-437.3333333333333,-352.0
856,-25.6,-441.59999999999997,-375.46666666666664
857,-27.733333333333334,-433.06666666666666,-345.6
858,-12.8,-428.8,-337.06666666666666
859,-19.2,-435.2,-360.5333333333333
860,-23.466666666666665,-424.5333333333333,-366.93333333333334
861,-25.6,-426.6666666666667,-349.8666666666667
862,-23.466666666666665,-422.4,-330.6666666666667
863,-25.6,-426.6666666666667,-339.2
864,-25.6,-435.2,-347.73333333333335
865,-21.333333333333332,-435.2,-349.8666666666667
866,-25.6,-430.93333333333334,-334.93333333333334
867,-12.8,-428.8,-330.6666666666667
868,-32.0,-424.5333333333333,-343.46666666666664
869,-29.866666666666667,-418.1333333333333,-364.8
870,-29.866666666666667,-426.6666666666667,-347.73333333333335
871,-23.466666666666665,-416.0,-337.06666666666666
872,-21.333333333333332,-422.4,-330.6666666666667
873,-23.466666666666665,-418.1333333333333,-358.4
874,-25.6,-418.1333333333333,-347.73333333333335
875,-14.933333333333334,-422.4,-343.46666666666664
876,-14.933333333333334,-428.8,-337.06666666666666
877,-21.333333333333332,-420.26666666666665,-349.8666666666667
878,-19.2,-428.8,-356.26666666666665
879,-17.066666666666666,-420.26666666666665,-339.2
880,-12.8,-422.4,-324.26666666666665
881,-4.266666666666667,-428.8,-334.93333333333334
882,-8.533333333333333,-426.6666666666667,-358.4
883,-8.533333333333333,-433.06666666666666,-343.46666666666664
884,-8.533333333333333,-430.93333333333334,-337.06666666666666
885,-6.4,-433.06666666666666,-330.6666666666667
886,0.0,-430.93333333333334,-328.5333333333333
887,-4.266666666666667,-426.6666666666667,-356.26666666666665
888,0.0,-426.6666666666667,-337.06666666666666
889,2.1333333333333333,-426.6666666666667,-343.46666666666664
890,0.0,-420.26666666666665,-345.6
891,-2.1333333333333333,-416.0,-352.0
892,2.1333333333333333,-428.8,-337.06666666666666
893,4.266666666666667,-422.4,-326.4
894,-2.1333333333333333,-416.0,-337.06666666666666
895,-12.8,-411.73333333333335,-337.06666666666666
896,0.0,-413.8666666666667,-337.06666666666666
897,-4.266666666666667,-411.73333333333335,-332.8
898,2.1333333333333333,-405.3333333333333,-326.4
899,2.1333333333333333,-413.8666666666667,-328.5333333333333
900,2.1333333333333333,-407.46666666666664,-337.06666666666666
901,8.533333333333333,-409.6,-330.6666666666667
902,4.266666666666667,-409.6,-326.4
903,10.666666666666666,-403.2,-328.5333333333333
904,6.4,-407.46666666666664,-337.06666666666666
905,6.4,-407.46666666666664,-332.8
906,12.8,-409.6,-334.93333333333334
907,8.533333333333333,-411.73333333333335,-326.4
908,4.266666666666667,-407.46666666666664,-328.5333333333333
909,6.4,-413.8666666666667,-326.4
910,4.266666666666667,-411.73333333333335,-337.06666666666666
911,6.4,-413.8666666666667,-320.0
912,6.4,-416.0,-320.0
913,0.0,-409.6,-324.26666666666665
914,-4.266666666666667,-409.6,-330.6666666666667
915,-4.266666666666667,-411.73333333333335,-322.1333333333333
916,-2.1333333333333333,-411.73333333333335,-330.6666666666667
917,-6.4,-411.73333333333335,-328.5333333333333
918,-17.066666666666666,-409.6,-337.06666666666666
919,-6.4,-411.73333333333335,-330.6666666666667
920,-6.4,-411.73333333333335,-324.26666666666665
921,-6.4,-409.6,-334.93333333333334
922,-8.533333333333333,-409.6,-326.4
923,-6.4,-409.6,-324.26666666666665
924,-6.4,-407.46666666666664,-324.26666666666665
925,-10.666666666666666,-409.6,-326.4
926,-19.2,-409.6,-332.8
927,-8.533333333333333,-413.8666666666667,-337.06666666666666
928,0.0,-407.46666666666664,-326.4
929,-2.1333333333333333,-413.8666666666667,-317.8666666666667
930,0.0,-409.6,-330.6666666666667
931,4.266666666666667,-409.6,-330.6666666666667
932,6.4,-411.73333333333335,-322.1333333333333
933,0.0,-409.6,-324.26666666666665
934,0.0,-416.0,-315.73333333333335
935,2.1333333333333333,-413.8666666666667,-320.0
936,0.0,-411.73333333333335,-315.73333333333335
937,-2.1333333333333333,-413.8666666666667,-315.73333333333335
938,0.0,-418.1333333333333,-320.0
939,0.0,-416.0,-313.6
940,-10.666666666666666,-413.8666666666667,-332.8
941,2.1333333333333333,-407.46666666666664,-317.8666666666667
942,-2.1333333333333333,-409.6,-315.73333333333335
943,0.0,-411.73333333333335,-315.73333333333335
944,0.0,-411.73333333333335,-320.0
945,0.0,-411.73333333333335,-320.0
946,-4.266666666666667,-409.6,-313.6
947,0.0,-409.6,-313.6
948,2.1333333333333333,-411.73333333333335,-317.8666666666667
949,0.0,-407.46666666666664,-320.0
950,-2.1333333333333333,-416.0,-317.8666666666667
951,0.0,-413.8666666666667,-315.73333333333335
952,0.0,-416.0,-322.1333333333333
953,-2.1333333333333333,-416.0,-320.0
954,0.0,-418.1333333333333,-315.73333333333335
955,0.0,-420.26666666666665,-315.73333333333335
956,0.0,-416.0,-322.1333333333333
957,-4.266666666666667,-420.26666666666665,-320.0
958,0.0,-416.0,-322.1333333333333
959,-2.1333333333333333,-413.8666666666667,-328.5333333333333
960,-6.4,-418.1333333333333,-320.0
961,-14.933333333333334,-413.8666666666667,-328.5333333333333
962,-10.666666666666666,-405.3333333333333,-324.26666666666665
963,-6.4,-420.26666666666665,-324.26666666666665
964,-8.533333333333333,-411.73333333333335,-328.5333333333333
965,-6.4,-411.73333333333335,-320.0
966,-6.4,-413.8666666666667,-326.4
967,-19.2,-411.73333333333335,-326.4
968,-10.666666666666666,-413.8666666666667,-324.26666666666665
969,-4.266666666666667,-416.0,-332.8
970,-6.4,-411.73333333333335,-328.5333333333333
971,-12.8,-416.0,-334.93333333333334
972,-10.666666666666666,-416.0,-324.26666666666665
973,-6.4,-413.8666666666667,-332.8
974,-8.533333333333333,-420.26666666666665,-322.1333333333333
975,-6.4,-420.26666666666665,-330.6666666666667
976,-8.533333333333333,-420.26666666666665,-330.6666666666667
977,0.0,-422.4,-324.26666666666665
978,0.0,-424.5333333333333,-324.26666666666665
979,0.0,-424.5333333333333,-330.6666666666667
980,-2.1333333333333333,-422.4,-320.0
981,-2.1333333333333333,-430.93333333333334,-326.4
982,-10.666666666666666,-424.5333333333333,-330.6666666666667
983,-8.533333333333333,-420.26666666666665,-313.6
984,-2.1333333333333333,-428.8,-332.8
985,-6.4,-426.6666666666667,-322.1333333333333
986,-4.266666666666667,-422.4,-324.26666666666665
987,-14.933333333333334,-418.1333333333333,-326.4
988,-6.4,-426.6666666666667,-324.26666666666665
989,-8.533333333333333,-428.8,-328.5333333333333
990,-12.8,-420.26666666666665,-315.73333333333335
991,-8.533333333333333,-422.4,-317.8666666666667
992,-8.533333333333333,-428.8,-322.1333333333333
993,-8.533333333333333,-418.1333333333333,-322.1333333333333
994,0.0,-420.26666666666665,-322.1333333333333
995,-2.1333333333333333,-418.1333333333333,-322.1333333333333
996,-2.1333333333333333,-420.26666666666665,-322.1333333333333
997,-2.1333333333333333,-413.8666666666667,-324.26666666666665
998,-4.266666666666667,-416.0,-328.5333333333333
999,-2.1333333333333333,-411.73333333333335,-322.1333333333333
1000,2.1333333333333333,-416.0,-330.6666666666667
1001,-4.266666666666667,-411.73333333333335,-322.1333333333333
1002,2.1333333333333333,-420.26666666666665,-320.0
1003,-2.1333333333333333,-424.5333333333333,-328.5333333333333
1004,0.0,-413.8666666666667,-328.5333333333333
1005,0.0,-420.26666666666665,-320.0
1006,0.0,-422.4,-322.1333333333333
1007,-6.4,-416.0,-322.1333333333333
1008,0.0,-422.4,-324.26666666666665
1009,0.0,-418.1333333333333,-320.0
1010,0.0,-418.1333333333333,-315.73333333333335
1011,0.0,-420.26666666666665,-320.0
1012,0.0,-413.8666666666667,-313.6
1013,0.0,-416.0,-324.26666666666665
1014,4.266666666666667,-411.73333333333335,-322.1333333333333
1015,0.0,-416.0,-326.4
1016,2.1333333333333333,-411.73333333333335,-326.4
1017,6.4,-420.26666666666665,-324.26666666666665
1018,2.1333333333333333,-411.73333333333335,-326.4
1019,0.0,-413.8666666666667,-324.26666666666665
1020,2.1333333333333333,-411.73333333333335,-330.6666666666667
1021,0.0,-413.8666666666667,-320.0
1022,2.1333333333333333,-416.0,-317.8666666666667
1023,2.1333333333333333,-422.4,-326.4
1024,0.0,-420.26666666666665,-326.4
1025,-6.4,-413.8666666666667,-317.8666666666667
1026,0.0,-418.1333333333333,-322.1333333333333
1027,-10.666666666666666,-422.4,-328.5333333333333
1028,-2.1333333333333333,-418.1333333333333,-324.26666666666665
1029,-2.1333333333333333,-416.0,-328.5333333333333
1030,-2.1333333333333333,-413.8666666666667,-320.0
1031,0.0,-416.0,-332.8
1032,-2.1333333333333333,-413.8666666666667,-322.1333333333333
1033,0.0,-416.0,-324.26666666666665
1034,2.1333333333333333,-413.8666666666667,-324.26666666666665
1035,-2.1333333333333333,-413.8666666666667,-320.0
1036,0.0,-413.8666666666667,-320.0
1037,0.0,-413.8666666666667,-317.8666666666667
1038,-2.1333333333333333,-409.6,-313.6
1039,0.0,-411.73333333333335,-326.4
1040,-4.266666666666667,-413.8666666666667,-322.1333333333333
1041,-6.4,-409.6,-326.4
1042,0.0,-413.8666666666667,-317.8666666666667
1043,0.0,-411.73333333333335,-315.73333333333335
1044,-2.1333333333333333,-413.8666666666667,-313.6
1045,-4.266666666666667,-409.6,-315.73333333333335
1046,0.0,-418.1333333333333,-322.1333333333333
1047,-2.1333333333333333,-422.4,-322.1333333333333
1048,0.0,-424.5333333333333,-317.8666666666667
1049,-2.1333333333333333,-428.8,-317.8666666666667
1050,0.0,-422.4,-307.2
1051,-6.4,-424.5333333333333,-313.6
1052,-4.266666666666667,-424.5333333333333,-315.73333333333335
1053,0.0,-424.5333333333333,-320.0
1054,-4.266666666666667,-428.8,-311.46666666666664
1055,0.0,-424.5333333333333,-311.46666666666664
1056,0.0,-424.5333333333333,-313.6
1057,0.0,-426.6666666666667,-311.46666666666664
1058,0.0,-426.6666666666667,-311.46666666666664
1059,-2.1333333333333333,-420.26666666666665,-317.8666666666667
1060,0.0,-424.5333333333333,-322.1333333333333
1061,2.1333333333333333,-422.4,-300.8
1062,0.0,-422.4,-307.2
1063,-4.266666666666667,-424.5333333333333,-315.73333333333335
1064,-2.1333333333333333,-422.4,-315.73333333333335
1065,0.0,-435.2,-315.73333333333335
1066,2.1333333333333333,-428.8,-317.8666666666667
1067,0.0,-433.06666666666666,-311.46666666666664
1068,2.1333333333333333,-437.3333333333333,-309.3333333333333
1069,4.266666666666667,-437.3333333333333,-305.06666666666666
1070,0.0,-433.06666666666666,-311.46666666666664
1071,-6.4,-458.6666666666667,-307.2
1072,2.1333333333333333,-435.2,-305.06666666666666
1073,2.1333333333333333,-437.3333333333333,-298.6666666666667
1074,6.4,-433.06666666666666,-307.2
1075,2.1333333333333333,-430.93333333333334,-305.06666666666666
1076,0.0,-435.2,-307.2
1077,2.1333333333333333,-428.8,-292.26666666666665
1078,0.0,-430.93333333333334,-294.4
1079,4.266666666666667,-437.3333333333333,-302.93333333333334
1080,4.266666666666667,-428.8,-292.26666666666665
1081,2.1333333333333333,-437.3333333333333,-294.4
1082,4.266666666666667,-437.3333333333333,-300.8
1083,6.4,-439.46666666666664,-300.8
1084,4.266666666666667,-437.3333333333333,-294.4
1085,0.0,-437.3333333333333,-305.06666666666666
1086,2.1333333333333333,-443.73333333333335,-300.8
1087,0.0,-441.59999999999997,-307.2
1088,4.266666666666667,-437.3333333333333,-302.93333333333334
1089,8.533333333333333,-439.46666666666664,-292.26666666666665
1090,2.1333333333333333,-430.93333333333334,-300.8
1091,6.4,-441.59999999999997,-298.6666666666667
1092,2.1333333333333333,-437.3333333333333,-292.26666666666665
1093,2.1333333333333333,-437.3333333333333,-298.6666666666667
1094,2.1333333333333333,-435.2,-296.5333333333333
1095,0.0,-439.46666666666664,-296.5333333333333
1096,0.0,-443.73333333333335,-294.4
1097,-2.1333333333333333,-437.3333333333333,-288.0
1098,2.1333333333333333,-439.46666666666664,-296.5333333333333
1099,0.0,-439.46666666666664,-298.6666666666667
1100,0.0,-439.46666666666664,-294.4
1101,0.0,-428.8,-288.0
1102,-2.1333333333333333,-428.8,-302.93333333333334
1103,2.1333333333333333,-433.06666666666666,-300.8
1104,0.0,-433.06666666666666,-302.93333333333334
1105,0.0,-430.93333333333334,-290.1333333333333
1106,0.0,-430.93333333333334,-296.5333333333333
1107,0.0,-428.8,-305.06666666666666
1108,0.0,-437.3333333333333,-296.5333333333333
1109,0.0,-428.8,-302.93333333333334
1110,0.0,-441.59999999999997,-311.46666666666664
1111,0.0,-422.4,-302.93333333333334
1112,4.266666666666667,-428.8,-300.8
1113,0.0,-428.8,-292.26666666666665
1114,4.266666666666667,-428.8,-305.06666666666666
1115,4.266666666666667,-430.93333333333334,-302.93333333333334
1116,2.1333333333333333,-428.8,-300.8
1117,-2.1333333333333333,-420.26666666666665,-309.3333333333333
1118,2.1333333333333333,-420.26666666666665,-302.93333333333334
1119,6.4,-426.6666666666667,-311.46666666666664
1120,-6.4,-418.1333333333333,-302.93333333333334
1121,0.0,-426.6666666666667,-302.93333333333334
1122,-4.266666666666667,-422.4,-298.6666666666667
1123,0.0,-428.8,-305.06666666666666
1124,-4.266666666666667,-430.93333333333334,-313.6
1125,-2.1333333333333333,-428.8,-294.4
1126,-4.266666666666667,-424.5333333333333,-296.5333333333333
1127,0.0,-424.5333333333333,-311.46666666666664
1128,-2.1333333333333333,-428.8,-305.06666666666666
1129,-10.666666666666666,-430.93333333333334,-302.93333333333334
1130,-4.266666666666667,-424.5333333333333,-309.3333333333333
1131,-6.4,-430.93333333333334,-309.3333333333333
1132,-4.266666666666667,-428.8,-311.46666666666664
1133,-2.1333333333333333,-424.5333333333333,-305.06666666666666
1134,-8.533333333333333,-424.5333333333333,-309.3333333333333
1135,-6.4,-426.6666666666667,-317.8666666666667
1136,-4.266666666666667,-430.93333333333334,-313.6
1137,0.0,-424.5333333333333,-313.6
1138,0.0,-430.93333333333334,-309.3333333333333
1139,-4.266666666666667,-426.6666666666667,-313.6
1140,-8.533333333333333,-420.26666666666665,-307.2
1141,-2.1333333333333333,-428.8,-307.2
1142,-4.266666666666667,-426.6666666666667,-311.46666666666664
1143,-2.1333333333333333,-428.8,-307.2
1144,-8.533333333333333,-430.93333333333334,-302.93333333333334
1145,-10.666666666666666,-422.4,-305.06666666666666
1146,-12.8,-424.5333333333333,-311.46666666666664
1147,-14.933333333333334,-428.8,-305.06666666666666
1148,-4.266666666666667,-424.5333333333333,-311.46666666666664
1149,-6.4,-424.5333333333333,-302.93333333333334
1150,-8.533333333333333,-426.6666666666667,-302.93333333333334
1151,-4.266666666666667,-430.93333333333334,-315.73333333333335
1152,0.0,-426.6666666666667,-309.3333333333333
1153,-4.266666666666667,-428.8,-302.93333333333334
1154,-8.533333333333333,-426.6666666666667,-305.06666666666666
1155,-8.533333333333333,-433.06666666666666,-305.06666666666666
1156,0.0,-428.8,-309.3333333333333
1157,-2.1333333333333333,-435.2,-300.8
1158,-2.1333333333333333,-426.6666666666667,-296.5333333333333
1159,-6.4,-428.8,-300.8
1160,-6.4,-420.26666666666665,-305.06666666666666
1161,-8.533333333333333,-426.6666666666667,-305.06666666666666
1162,-8.533333333333333,-430.93333333333334,-311.46666666666664
1163,-6.4,-426.6666666666667,-309.3333333333333
1164,-6.4,-426.6666666666667,-322.1333333333333
1165,0.0,-426.6666666666667,-305.06666666666666
1166,-4.266666666666667,-433.06666666666666,-302.93333333333334
1167,-2.1333333333333333,-430.93333333333334,-298.6666666666667
1168,-12.8,-435.2,-298.6666666666667
1169,-12.8,-430.93333333333334,-302.93333333333334
1170,-19.2,-428.8,-300.8
1171,-10.666666666666666,-430.93333333333334,-305.06666666666666
1172,-2.1333333333333333,-430.93333333333334,-302.93333333333334
1173,-19.2,-435.2,-305.06666666666666
1174,-14.933333333333334,-428.8,-296.5333333333333
1175,-12.8,-433.06666666666666,-298.6666666666667
1176,-8.533333333333333,-430.93333333333334,-294.4
1177,-10.666666666666666,-428.8,-294.4
1178,-12.8,-428.8,-305.06666666666666
1179,-10.666666666666666,-426.6666666666667,-309.3333333333333
1180,-12.8,-430.93333333333334,-300.8
1181,-12.8,-424.5333333333333,-300.8
1182,-17.066666666666666,-424.5333333333333,-313.6
1183,-2.1333333333333333,-424.5333333333333,-309.3333333333333
1184,-6.4,-424.5333333333333,-305.06666666666666
1185,0.0,-422.4,-307.2
1186,-17.066666666666666,-422.4,-300.8
1187,-10.666666666666666,-418.1333333333333,-305.06666666666666
1188,-10.666666666666666,-424.5333333333333,-300.8
1189,-6.4,-416.0,-311.46666666666664
1190,-14.933333333333334,-420.26666666666665,-309.3333333333333
1191,-10.666666666666666,-424.5333333333333,-300.8
1192,-6.4,-416.0,-300.8
1193,-8.533333333333333,-428.8,-305.06666666666666
1194,-10.666666666666666,-422.4,-307.2
1195,0.0,-430.93333333333334,-300.8
1196,-6.4,-422.4,-300.8
1197,0.0,-416.0,-305.06666666666666
1198,-2.1333333333333333,-426.6666666666667,-298.6666666666667
1199,-8.533333333333333,-424.5333333333333,-311.46666666666664
1200,-4.266666666666667,-424.5333333333333,-298.6666666666667
1201,-8.533333333333333,-420.26666666666665,-305.06666666666666
1202,-21.333333333333332,-418.1333333333333,-298.6666666666667
1203,-2.1333333333333333,-424.5333333333333,-313.6
1204,-4.266666666666667,-416.0,-309.3333333333333
1205,-4.266666666666667,-430.93333333333334,-317.8666666666667
1206,-8.533333333333333,-433.06666666666666,-302.93333333333334
1207,-8.533333333333333,-428.8,-309.3333333333333
1208,-8.533333333333333,-430.93333333333334,-311.46666666666664
1209,0.0,-433.06666666666666,-300.8
1210,0.0,-428.8,-305.06666666666666
1211,-2.1333333333333333,-433.06666666666666,-309.3333333333333
1212,-4.266666666666667,-428.8,-320.0
1213,-8.533333333333333,-428.8,-305.06666666666666
1214,-10.666666666666666,-428.8,-300.8
1215,-2.1333333333333333,-424.5333333333333,-305.06666666666666
1216,0.0,-430.93333333333334,-311.46666666666664
1217,-2.1333333333333333,-428.8,-307.2
1218,0.0,-428.8,-298.6666666666667
1219,2.1333333333333333,-426.6666666666667,-302.93333333333334
1220,-8.533333333333333,-428.8,-300.8
1221,-6.4,-422.4,-296.5333333333333
1222,-4.266666666666667,-422.4,-298.6666666666667
1223,-4.266666666666667,-424.5333333333333,-302.93333333333334
1224,-2.1333333333333333,-433.06666666666666,-302.93333333333334
1225,-6.4,-435.2,-302.93333333333334
1226,-4.266666666666667,-428.8,-309.3333333333333
1227,-4.266666666666667,-430.93333333333334,-302.93333333333334
1228,0.0,-433.06666666666666,-307.2
1229,2.1333333333333333,-430.93333333333334,-305.06666666666666
1230,-2.1333333333333333,-428.8,-305.06666666666666
1231,-6.4,-435.2,-298.6666666666667
1232,0.0,-435.2,-311.46666666666664
1233,0.0,-441.59999999999997,-300.8
1234,-4.266666666666667,-435.2,-305.06666666666666
1235,-4.266666666666667,-437.3333333333333,-305.06666666666666
1236,2.1333333333333333,-435.2,-305.06666666666666
1237,-10.666666666666666,-437.3333333333333,-311.46666666666664
1238,-10.666666666666666,-430.93333333333334,-307.2
1239,-4.266666666666667,-428.8,-302.93333333333334
1240,-6.4,-430.93333333333334,-302.93333333333334
1241,-4.266666666666667,-428.8,-300.8
1242,-10.666666666666666,-433.06666666666666,-311.46666666666664
1243,0.0,-437.3333333333333,-309.3333333333333
1244,-8.533333333333333,-430.93333333333334,-302.93333333333334
1245,0.0,-435.2,-305.06666666666666
1246,-4.266666666666667,-433.06666666666666,-305.06666666666666
1247,0.0,-430.93333333333334,-305.06666666666666
1248,-2.1333333333333333,-430.93333333333334,-305.06666666666666
1249,-2.1333333333333333,-430.93333333333334,-309.3333333333333
1250,-8.533333333333333,-433.06666666666666,-302.93333333333334
1251,-2.1333333333333333,-435.2,-305.06666666666666
1252,0.0,-433.06666666666666,-298.6666666666667
1253,-4.266666666666667,-433.06666666666666,-302.93333333333334
1254,-4.266666666666667,-435.2,-302.93333333333334
1255,-4.266666666666667,-437.3333333333333,-313.6
1256,-6.4,-435.2,-305.06666666666666
1257,0.0,-437.3333333333333,-296.5333333333333
1258,-2.1333333333333333,-435.2,-302.93333333333334
1259,-4.266666666666667,-437.3333333333333,-298.6666666666667
1260,-4.266666666666667,-433.06666666666666,-311.46666666666664
1261,-6.4,-433.06666666666666,-307.2
1262,0.0,-435.2,-300.8
1263,-8.533333333333333,-426.6666666666667,-300.8
1264,-4.266666666666667,-433.06666666666666,-298.6666666666667
1265,-2.1333333333333333,-430.93333333333334,-298.6666666666667
1266,-2.1333333333333333,-430.93333333333334,-305.06666666666666
1267,-6.4,-430.93333333333334,-311.46666666666664
1268,-6.4,-430.93333333333334,-298.6666666666667
1269,-6.4,-428.8,-298.6666666666667
1270,-2.1333333333333333,-428.8,-298.6666666666667
1271,-4.266666666666667,-430.93333333333334,-305.06666666666666
1272,0.0,-430.93333333333334,-298.6666666666667
1273,-6.4,-437.3333333333333,-300.8
1274,-2.1333333333333333,-433.06666666666666,-305.06666666666666
1275,0.0,-435.2,-298.6666666666667
1276,0.0,-437.3333333333333,-302.93333333333334
1277,-2.1333333333333333,-428.8,-305.06666666666666
1278,0.0,-433.06666666666666,-307.2
1279,0.0,-433.06666666666666,-302.93333333333334
1280,-6.4,-424.5333333333333,-298.6666666666667
1281,-8.533333333333333,-435.2,-296.5333333333333
1282,-4.266666666666667,-433.06666666666666,-307.2
1283,-2.1333333333333333,-435.2,-300.8
1284,-2.1333333333333333,-430.93333333333334,-296.5333333333333
1285,-2.1333333333333333,-430.93333333333334,-298.6666666666667
1286,0.0,-428.8,-305.06666666666666
1287,-2.1333333333333333,-435.2,-307.2
1288,0.0,-435.2,-298.6666666666667
1289,0.0,-433.06666666666666,-298.6666666666667
1290,0.0,-430.93333333333334,-292.26666666666665
1291,0.0,-435.2,-300.8
1292,0.0,-437.3333333333333,-302.93333333333334
1293,2.1333333333333333,-426.6666666666667,-298.6666666666667
1294,2.1333333333333333,-430.93333333333334,-305.06666666666666
1295,0.0,-435.2,-296.5333333333333
1296,-4.266666666666667,-433.06666666666666,-294.4
1297,-2.1333333333333333,-435.2,-298.6666666666667
1298,-2.1333333333333333,-430.93333333333334,-294.4
1299,-4.266666666666667,-428.8,-309.3333333333333
1300,-8.533333333333333,-430.93333333333334,-292.26666666666665
1301,-2.1333333333333333,-430.93333333333334,-296.5333333333333
1302,-4.266666666666667,-439.46666666666664,-302.93333333333334
1303,-2.1333333333333333,-433.06666666666666,-300.8
1304,0.0,-428.8,-296.5333333333333
1305,0.0,-422.4,-298.6666666666667
1306,0.0,-428.8,-302.93333333333334
1307,2.1333333333333333,-435.2,-298.6666666666667
1308,-2.1333333333333333,-430.93333333333334,-300.8
1309,0.0,-433.06666666666666,-296.5333333333333
1310,0.0,-433.06666666666666,-302.93333333333334
1311,-2.1333333333333333,-433.06666666666666,-298.6666666666667
1312,-2.1333333333333333,-428.8,-296.5333333333333
1313,-8.533333333333333,-433.06666666666666,-298.6666666666667
1314,0.0,-426.6666666666667,-298.6666666666667
1315,0.0,-433.06666666666666,-302.93333333333334
1316,-4.266666666666667,-430.93333333333334,-294.4
1317,-2.1333333333333333,-430.93333333333334,-298.6666666666667
1318,2.1333333333333333,-437.3333333333333,-300.8
1319,-6.4,-426.6666666666667,-292.26666666666665
1320,-4.266666666666667,-435.2,-292.26666666666665
1321,-2.1333333333333333,-435.2,-294.4
1322,-4.266666666666667,-430.93333333333334,-298.6666666666667
1323,0.0,-426.6666666666667,-302.93333333333334
1324,-4.266666666666667,-428.8,-294.4
1325,0.0,-437.3333333333333,-294.4
1326,0.0,-433.06666666666666,-298.6666666666667
1327,-2.1333333333333333,-433.06666666666666,-298.6666666666667
1328,0.0,-435.2,-302.93333333333334
1329,-6.4,-424.5333333333333,-302.93333333333334
1330,-6.4,-426.6666666666667,-313.6
1331,-2.1333333333333333,-430.93333333333334,-300.8
1332,-8.533333333333333,-433.06666666666666,-294.4
1333,-2.1333333333333333,-437.3333333333333,-292.26666666666665
1334,0.0,-433.06666666666666,-296.5333333333333
1335,-4.266666666666667,-435.2,-302.93333333333334
1336,-4.266666666666667,-430.93333333333334,-302.93333333333334
1337,0.0,-433.06666666666666,-302.93333333333334
1338,-4.266666666666667,-428.8,-296.5333333333333
1339,0.0,-435.2,-300.8
1340,-4.266666666666667,-433.06666666666666,-300.8
1341,0.0,-433.06666666666666,-309.3333333333333
1342,-2.1333333333333333,-430.93333333333334,-307.2
1343,-21.333333333333332,-416.0,-298.6666666666667
1344,-10.666666666666666,-435.2,-307.2
1345,-2.1333333333333333,-426.6666666666667,-294.4
1346,0.0,-433.06666666666666,-307.2
1347,-4.266666666666667,-430.93333333333334,-302.93333333333334
1348,-8.533333333333333,-430.93333333333334,-300.8
1349,-4.266666666666667,-433.06666666666666,-296.5333333333333
1350,4.266666666666667,-430.93333333333334,-290.1333333333333
1351,-2.1333333333333333,-435.2,-296.5333333333333
1352,-6.4,-441.59999999999997,-309.3333333333333
1353,-4.266666666666667,-433.06666666666666,-300.8
1354,0.0,-430.93333333333334,-290.1333333333333
1355,0.0,-435.2,-296.5333333333333
1356,-8.533333333333333,-443.73333333333335,-300.8
1357,-10.666666666666666,-439.46666666666664,-302.93333333333334
1358,0.0,-450.1333333333333,-302.93333333333334
1359,0.0,-448.0,-307.2
1360,-23.466666666666665,-433.06666666666666,-296.5333333333333
1361,12.8,-448.0,-298.6666666666667
1362,-4.266666666666667,-435.2,-296.5333333333333
1363,-10.666666666666666,-437.3333333333333,-326.4
1364,0.0,-435.2,-315.73333333333335
1365,0.0,-433.06666666666666,-305.06666666666666
1366,-2.1333333333333333,-435.2,-305.06666666666666
1367,-4.266666666666667,-437.3333333333333,-320.0
1368,-10.666666666666666,-439.46666666666664,-326.4
1369,-10.666666666666666,-435.2,-309.3333333333333
1370,-8.533333333333333,-450.1333333333333,-305.06666666666666
1371,-51.2,-537.6,-326.4
1372,87.46666666666667,-537.6,-241.06666666666666
1373,-17.066666666666666,-576.0,-390.4
1374,-34.13333333333333,-409.6,-396.8
1375,-14.933333333333334,-379.73333333333335,-307.2
1376,25.6,-480.0,-247.46666666666667
1377,12.8,-503.46666666666664,-292.26666666666665
1378,-27.733333333333334,-448.0,-398.93333333333334
1379,-19.2,-422.4,-332.8
1380,4.266666666666667,-454.4,-270.93333333333334
1381,8.533333333333333,-480.0,-273.06666666666666
1382,-6.4,-458.6666666666667,-345.6
1383,-21.333333333333332,-441.59999999999997,-349.8666666666667
1384,6.4,-458.6666666666667,-288.0
1385,8.533333333333333,-480.0,-275.2
1386,-4.266666666666667,-471.46666666666664,-309.3333333333333
1387,-14.933333333333334,-454.4,-364.8
1388,-10.666666666666666,-465.06666666666666,-326.4
1389,2.1333333333333333,-475.73333333333335,-296.5333333333333
1390,-8.533333333333333,-471.46666666666664,-322.1333333333333
1391,-19.2,-471.46666666666664,-366.93333333333334
1392,-17.066666666666666,-480.0,-390.4
1393,6.4,-484.26666666666665,-315.73333333333335
1394,2.1333333333333333,-480.0,-315.73333333333335
1395,0.0,-482.1333333333333,-352.0
1396,-12.8,-477.8666666666667,-390.4
1397,0.0,-480.0,-320.0
1398,12.8,-475.73333333333335,-309.3333333333333
1399,-2.1333333333333333,-467.2,-330.6666666666667
1400,-14.933333333333334,-471.46666666666664,-369.06666666666666
1401,-2.1333333333333333,-475.73333333333335,-375.46666666666664
1402,12.8,-473.59999999999997,-315.73333333333335
1403,8.533333333333333,-469.3333333333333,-324.26666666666665
1404,2.1333333333333333,-471.46666666666664,-362.6666666666667
1405,0.0,-469.3333333333333,-369.06666666666666
1406,2.1333333333333333,-467.2,-349.8666666666667
1407,17.066666666666666,-462.93333333333334,-315.73333333333335
1408,6.4,-465.06666666666666,-349.8666666666667
1409,2.1333333333333333,-460.8,-377.6
1410,2.1333333333333333,-454.4,-377.6
1411,10.666666666666666,-462.93333333333334,-354.1333333333333
1412,17.066666666666666,-462.93333333333334,-352.0
1413,6.4,-467.2,-366.93333333333334
1414,4.266666666666667,-462.93333333333334,-379.73333333333335
1415,10.666666666666666,-462.93333333333334,-366.93333333333334
1416,17.066666666666666,-467.2,-343.46666666666664
1417,4.266666666666667,-462.93333333333334,-362.6666666666667
1418,4.266666666666667,-469.3333333333333,-381.8666666666667
1419,10.666666666666666,-467.2,-371.2
1420,10.666666666666666,-460.8,-358.4
1421,6.4,-460.8,-352.0
1422,0.0,-462.93333333333334,-377.6
1423,2.1333333333333333,-456.5333333333333,-384.0
1424,10.666666666666666,-454.4,-358.4
1425,8.533333333333333,-452.26666666666665,-358.4
1426,6.4,-443.73333333333335,-364.8
1427,-2.1333333333333333,-439.46666666666664,-381.8666666666667
1428,2.1333333333333333,-443.73333333333335,-373.3333333333333
1429,4.266666666666667,-441.59999999999997,-358.4
1430,-2.1333333333333333,-430.93333333333334,-360.5333333333333
1431,0.0,-435.2,-386.1333333333333
1432,-4.266666666666667,-433.06666666666666,-384.0
1433,6.4,-430.93333333333334,-375.46666666666664
1434,8.533333333333333,-426.6666666666667,-360.5333333333333
1435,4.266666666666667,-420.26666666666665,-366.93333333333334
1436,-6.4,-430.93333333333334,-381.8666666666667
1437,4.266666666666667,-416.0,-375.46666666666664
1438,6.4,-411.73333333333335,-356.26666666666665
1439,2.1333333333333333,-413.8666666666667,-356.26666666666665
1440,0.0,-409.6,-364.8
1441,-4.266666666666667,-409.6,-379.73333333333335
1442,0.0,-413.8666666666667,-369.06666666666666
1443,4.266666666666667,-411.73333333333335,-356.26666666666665
1444,-2.1333333333333333,-413.8666666666667,-366.93333333333334
1445,-4.266666666666667,-418.1333333333333,-381.8666666666667
1446,0.0,-413.8666666666667,-366.93333333333334
1447,0.0,-413.8666666666667,-364.8
1448,-8.533333333333333,-409.6,-369.06666666666666
1449,-6.4,-409.6,-366.93333333333334
1450,-14.933333333333334,-409.6,-371.2
1451,-12.8,-409.6,-360.5333333333333
1452,0.0,-407.46666666666664,-364.8
1453,4.266666666666667,-409.6,-366.93333333333334
1454,-4.266666666666667,-405.3333333333333,-377.6
1455,2.1333333333333333,-403.2,-381.8666666666667
1456,17.066666666666666,-405.3333333333333,-390.4
1457,-4.266666666666667,-398.93333333333334,-388.26666666666665
1458,8.533333333333333,-388.26666666666665,-392.5333333333333
1459,4.266666666666667,-390.4,-394.6666666666667
1460,14.933333333333334,-392.5333333333333,-373.3333333333333
1461,36.266666666666666,-401.06666666666666,-396.8
1462,6.4,-392.5333333333333,-398.93333333333334
1463,12.8,-392.5333333333333,-386.1333333333333
1464,-2.1333333333333333,-390.4,-388.26666666666665
1465,6.4,-392.5333333333333,-373.3333333333333
1466,14.933333333333334,-392.5333333333333,-398.93333333333334
1467,-8.533333333333333,-394.6666666666667,-394.6666666666667
1468,6.4,-384.0,-377.6
1469,12.8,-381.8666666666667,-358.4
1470,8.533333333333333,-381.8666666666667,-381.8666666666667
1471,2.1333333333333333,-386.1333333333333,-396.8
1472,2.1333333333333333,-371.2,-373.3333333333333
1473,14.933333333333334,-377.6,-349.8666666666667
1474,25.6,-394.6666666666667,-349.8666666666667
1475,25.6,-386.1333333333333,-407.46666666666664
1476,0.0,-366.93333333333334,-377.6
1477,10.666666666666666,-371.2,-364.8
1478,12.8,-381.8666666666667,-369.06666666666666
1479,55.46666666666667,-381.8666666666667,-396.8
1480,2.1333333333333333,-375.46666666666664,-390.4
1481,-2.1333333333333333,-373.3333333333333,-362.6666666666667
1482,6.4,-369.06666666666666,-345.6
1483,8.533333333333333,-371.2,-373.3333333333333
1484,21.333333333333332,-373.3333333333333,-392.5333333333333
1485,-4.266666666666667,-371.2,-381.8666666666667
1486,4.266666666666667,-377.6,-373.3333333333333
1487,8.533333333333333,-375.46666666666664,-366.93333333333334
1488,4.266666666666667,-384.0,-379.73333333333335
1489,10.666666666666666,-390.4,-392.5333333333333
1490,-8.533333333333333,-373.3333333333333,-369.06666666666666
1491,-10.666666666666666,-377.6,-375.46666666666664
1492,-8.533333333333333,-379.73333333333335,-379.73333333333335
1493,2.1333333333333333,-377.6,-373.3333333333333
1494,-6.4,-377.6,-373.3333333333333
1495,-2.1333333333333333,-381.8666666666667,-371.2
1496,-6.4,-371.2,-388.26666666666665
1497,-12.8,-371.2,-390.4
1498,-6.4,-366.93333333333334,-388.26666666666665
1499,27.733333333333334,-377.6,-377.6
1500,-29.866666666666667,-358.4,-381.8666666666667
1501,-27.733333333333334,-364.8,-403.2
1502,-23.466666666666665,-369.06666666666666,-392.5333333333333
1503,-8.533333333333333,-371.2,-379.73333333333335
1504,-14.933333333333334,-366.93333333333334,-377.6
1505,-19.2,-366.93333333333334,-398.93333333333334
1506,-17.066666666666666,-373.3333333333333,-398.93333333333334
1507,-10.666666666666666,-375.46666666666664,-390.4
1508,-6.4,-369.06666666666666,-364.8
1509,-17.066666666666666,-371.2,-396.8
1510,-21.333333333333332,-375.46666666666664,-403.2
1511,-8.533333333333333,-377.6,-396.8
1512,2.1333333333333333,-381.8666666666667,-375.46666666666664
1513,0.0,-381.8666666666667,-360.5333333333333
1514,-8.533333333333333,-379.73333333333335,-398.93333333333334
1515,-2.1333333333333333,-384.0,-392.5333333333333
1516,8.533333333333333,-392.5333333333333,-377.6
1517,10.666666666666666,-384.0,-369.06666666666666
1518,8.533333333333333,-379.73333333333335,-373.3333333333333
1519,4.266666666666667,-381.8666666666667,-396.8
1520,12.8,-375.46666666666664,-379.73333333333335
1521,14.933333333333334,-373.3333333333333,-364.8
1522,12.8,-375.46666666666664,-362.6666666666667
1523,4.266666666666667,-366.93333333333334,-373.3333333333333
1524,2.1333333333333333,-371.2,-379.73333333333335
1525,2.1333333333333333,-358.4,-373.3333333333333
1526,10.666666666666666,-366.93333333333334,-356.26666666666665
1527,6.4,-366.93333333333334,-369.06666666666666
1528,0.0,-364.8,-379.73333333333335
1529,-4.266666666666667,-366.93333333333334,-379.73333333333335
1530,-2.1333333333333333,-369.06666666666666,-364.8
1531,14.933333333333334,-375.46666666666664,-356.26666666666665
1532,-27.733333333333334,-364.8,-381.8666666666667
1533,-14.933333333333334,-364.8,-360.5333333333333
1534,-2.1333333333333333,-358.4,-339.2
1535,-6.4,-369.06666666666666,-345.6
1536,-6.4,-369.06666666666666,-379.73333333333335
1537,-6.4,-369.06666666666666,-398.93333333333334
1538,0.0,-362.6666666666667,-345.6
1539,-8.533333333333333,-369.06666666666666,-341.3333333333333
1540,-8.533333333333333,-366.93333333333334,-364.8
1541,-14.933333333333334,-362.6666666666667,-377.6
1542,-12.8,-366.93333333333334,-386.1333333333333
1543,0.0,-366.93333333333334,-347.73333333333335
1544,0.0,-366.93333333333334,-349.8666666666667
1545,-12.8,-362.6666666666667,-377.6
1546,-14.933333333333334,-358.4,-386.1333333333333
1547,-10.666666666666666,-362.6666666666667,-364.8
1548,-8.533333333333333,-352.0,-349.8666666666667
1549,0.0,-358.4,-362.6666666666667
1550,-19.2,-360.5333333333333,-373.3333333333333
1551,-6.4,-360.5333333333333,-381.8666666666667
1552,-10.666666666666666,-352.0,-373.3333333333333
1553,-8.533333333333333,-360.5333333333333,-360.5333333333333
1554,-8.533333333333333,-356.26666666666665,-371.2
1555,-14.933333333333334,-364.8,-371.2
1556,-14.933333333333334,-360.5333333333333,-373.3333333333333
1557,-14.933333333333334,-356.26666666666665,-347.73333333333335
1558,-12.8,-356.26666666666665,-362.6666666666667
1559,-12.8,-356.26666666666665,-377.6
1560,-14.933333333333334,-360.5333333333333,-377.6
1561,-17.066666666666666,-354.1333333333333,-356.26666666666665
1562,-2.1333333333333333,-356.26666666666665,-362.6666666666667
1563,-2.1333333333333333,-360.5333333333333,-373.3333333333333
1564,-12.8,-352.0,-371.2
1565,-8.533333333333333,-360.5333333333333,-369.06666666666666
1566,-2.1333333333333333,-362.6666666666667,-366.93333333333334
1567,0.0,-366.93333333333334,-369.06666666666666
1568,2.1333333333333333,-369.06666666666666,-373.3333333333333
1569,-6.4,-373.3333333333333,-375.46666666666664
1570,0.0,-377.6,-369.06666666666666
1571,0.0,-381.8666666666667,-360.5333333333333
1572,2.1333333333333333,-384.0,-369.06666666666666
1573,0.0,-379.73333333333335,-375.46666666666664
1574,0.0,-386.1333333333333,-373.3333333333333
1575,4.266666666666667,-386.1333333333333,-360.5333333333333
1576,0.0,-384.0,-358.4
1577,-6.4,-381.8666666666667,-366.93333333333334
1578,-6.4,-375.46666666666664,-362.6666666666667
1579,-2.1333333333333333,-373.3333333333333,-360.5333333333333
1580,0.0,-369.06666666666666,-345.6
1581,-4.266666666666667,-358.4,-352.0
1582,-4.266666666666667,-360.5333333333333,-366.93333333333334
1583,-4.266666666666667,-356.26666666666665,-345.6
1584,-4.266666666666667,-354.1333333333333,-349.8666666666667
1585,-4.266666666666667,-356.26666666666665,-347.73333333333335
1586,0.0,-356.26666666666665,-356.26666666666665
1587,-4.266666666666667,-356.26666666666665,-358.4
1588,2.1333333333333333,-360.5333333333333,-354.1333333333333
1589,0.0,-360.5333333333333,-347.73333333333335
1590,2.1333333333333333,-369.06666666666666,-358.4
1591,-2.1333333333333333,-362.6666666666667,-358.4
1592,0.0,-364.8,-352.0
1593,0.0,-379.73333333333335,-347.73333333333335
1594,2.1333333333333333,-371.2,-349.8666666666667
1595,8.533333333333333,-369.06666666666666,-352.0
1596,6.4,-369.06666666666666,-345.6
1597,12.8,-369.06666666666666,-345.6
1598,12.8,-364.8,-322.1333333333333
1599,12.8,-369.06666666666666,-330.6666666666667
1600,12.8,-358.4,-334.93333333333334
1601,6.4,-360.5333333333333,-330.6666666666667
1602,10.666666666666666,-352.0,-320.0
1603,8.533333333333333,-339.2,-317.8666666666667
1604,10.666666666666666,-339.2,-328.5333333333333
1605,6.4,-349.8666666666667,-315.73333333333335
1606,10.666666666666666,-330.6666666666667,-324.26666666666665
1607,-2.1333333333333333,-324.26666666666665,-315.73333333333335
1608,2.1333333333333333,-330.6666666666667,-320.0
1609,-6.4,-324.26666666666665,-317.8666666666667
1610,-2.1333333333333333,-326.4,-326.4
1611,0.0,-322.1333333333333,-313.6
1612,0.0,-326.4,-311.46666666666664
1613,-4.266666666666667,-326.4,-311.46666666666664
1614,-2.1333333333333333,-324.26666666666665,-309.3333333333333
1615,2.1333333333333333,-332.8,-313.6
1616,-2.1333333333333333,-328.5333333333333,-309.3333333333333
1617,19.2,-328.5333333333333,-309.3333333333333
1618,-14.933333333333334,-352.0,-364.8
1619,-14.933333333333334,-320.0,-358.4
1620,2.1333333333333333,-320.0,-328.5333333333333
1621,8.533333333333333,-337.06666666666666,-288.0
1622,4.266666666666667,-345.6,-334.93333333333334
1623,-4.266666666666667,-330.6666666666667,-358.4
1624,-2.1333333333333333,-332.8,-339.2
1625,10.666666666666666,-345.6,-285.8666666666667
1626,4.266666666666667,-358.4,-309.3333333333333
1627,-8.533333333333333,-349.8666666666667,-337.06666666666666
1628,2.1333333333333333,-356.26666666666665,-337.06666666666666
1629,2.1333333333333333,-360.5333333333333,-300.8
1630,14.933333333333334,-369.06666666666666,-294.4
1631,0.0,-366.93333333333334,-317.8666666666667
1632,-4.266666666666667,-371.2,-328.5333333333333
1633,21.333333333333332,-354.1333333333333,-311.46666666666664
1634,-4.266666666666667,-375.46666666666664,-320.0
1635,6.4,-377.6,-292.26666666666665
1636,0.0,-377.6,-296.5333333333333
1637,-4.266666666666667,-373.3333333333333,-315.73333333333335
1638,-14.933333333333334,-369.06666666666666,-324.26666666666665
1639,-6.4,-377.6,-309.3333333333333
1640,2.1333333333333333,-379.73333333333335,-302.93333333333334
1641,-12.8,-381.8666666666667,-324.26666666666665
1642,-19.2,-388.26666666666665,-334.93333333333334
1643,-19.2,-394.6666666666667,-324.26666666666665
1644,-8.533333333333333,-398.93333333333334,-320.0
1645,-19.2,-401.06666666666666,-328.5333333333333
1646,-19.2,-401.06666666666666,-343.46666666666664
1647,-29.866666666666667,-407.46666666666664,-345.6
1648,-19.2,-407.46666666666664,-328.5333333333333
1649,-25.6,-407.46666666666664,-326.4
1650,-25.6,-407.46666666666664,-330.6666666666667
1651,-34.13333333333333,-407.46666666666664,-341.3333333333333
1652,-23.466666666666665,-413.8666666666667,-332.8
1653,-25.6,-407.46666666666664,-328.5333333333333
1654,-32.0,-407.46666666666664,-330.6666666666667
1655,-36.266666666666666,-409.6,-334.93333333333334
1656,-23.466666666666665,-403.2,-339.2
1657,-21.333333333333332,-405.3333333333333,-328.5333333333333
1658,-23.466666666666665,-405.3333333333333,-324.26666666666665
1659,-19.2,-401.06666666666666,-322.1333333333333
1660,-27.733333333333334,-407.46666666666664,-326.4
1661,-14.933333333333334,-403.2,-332.8
1662,-12.8,-405.3333333333333,-322.1333333333333
1663,-6.4,-409.6,-320.0
1664,-4.266666666666667,-411.73333333333335,-326.4
1665,-2.1333333333333333,-413.8666666666667,-322.1333333333333
1666,0.0,-420.26666666666665,-317.8666666666667
1667,2.1333333333333333,-428.8,-300.8
1668,0.0,-428.8,-309.3333333333333
1669,2.1333333333333333,-422.4,-315.73333333333335
1670,4.266666666666667,-426.6666666666667,-307.2
1671,6.4,-426.6666666666667,-290.1333333333333
1672,6.4,-430.93333333333334,-290.1333333333333
1673,4.266666666666667,-426.6666666666667,-294.4
1674,6.4,-430.93333333333334,-288.0
1675,0.0,-420.26666666666665,-285.8666666666667
1676,0.0,-422.4,-275.2
1677,-2.1333333333333333,-424.5333333333333,-279.46666666666664
1678,-12.8,-426.6666666666667,-288.0
1679,-10.666666666666666,-422.4,-275.2
1680,-17.066666666666666,-418.1333333333333,-279.46666666666664
1681,-19.2,-413.8666666666667,-279.46666666666664
1682,-17.066666666666666,-424.5333333333333,-288.0
1683,-21.333333333333332,-424.5333333333333,-285.8666666666667
1684,-25.6,-433.06666666666666,-288.0
1685,-25.6,-435.2,-283.73333333333335
1686,-25.6,-439.46666666666664,-302.93333333333334
1687,-25.6,-439.46666666666664,-307.2
1688,-19.2,-448.0,-300.8
1689,-21.333333333333332,-456.5333333333333,-296.5333333333333
1690,-23.466666666666665,-448.0,-296.5333333333333
1691,-14.933333333333334,-452.26666666666665,-290.1333333333333
1692,-2.1333333333333333,-439.46666666666664,-290.1333333333333
1693,-23.466666666666665,-441.59999999999997,-285.8666666666667
1694,-12.8,-433.06666666666666,-294.4
1695,-14.933333333333334,-433.06666666666666,-296.5333333333333
1696,-10.666666666666666,-426.6666666666667,-294.4
1697,-6.4,-420.26666666666665,-300.8
1698,-4.266666666666667,-424.5333333333333,-302.93333333333334
1699,-8.533333333333333,-422.4,-288.0
1700,-10.666666666666666,-418.1333333333333,-302.93333333333334
1701,-8.533333333333333,-418.1333333333333,-300.8
1702,-4.266666666666667,-418.1333333333333,-302.93333333333334
1703,-4.266666666666667,-413.8666666666667,-300.8
1704,0.0,-420.26666666666665,-294.4
1705,-6.4,-422.4,-298.6666666666667
1706,0.0,-428.8,-296.5333333333333
1707,0.0,-433.06666666666666,-302.93333333333334
1708,0.0,-437.3333333333333,-300.8
1709,0.0,-439.46666666666664,-298.6666666666667
1710,-4.266666666666667,-437.3333333333333,-305.06666666666666
1711,-2.1333333333333333,-437.3333333333333,-290.1333333333333
1712,-6.4,-439.46666666666664,-288.0
1713,-6.4,-437.3333333333333,-296.5333333333333
1714,-23.466666666666665,-439.46666666666664,-292.26666666666665
1715,-25.6,-435.2,-290.1333333333333
1716,-10.666666666666666,-433.06666666666666,-285.8666666666667
1717,-23.466666666666665,-439.46666666666664,-285.8666666666667
1718,-21.333333333333332,-441.59999999999997,-283.73333333333335
1719,-21.333333333333332,-437.3333333333333,-290.1333333333333
1720,-29.866666666666667,-435.2,-285.8666666666667
1721,-23.466666666666665,-439.46666666666664,-294.4
1722,-27.733333333333334,-439.46666666666664,-298.6666666666667
1723,-32.0,-439.46666666666664,-292.26666666666665
1724,-27.733333333333334,-445.8666666666667,-294.4
1725,-25.6,-441.59999999999997,-283.73333333333335
1726,-19.2,-441.59999999999997,-283.73333333333335
1727,-23.466666666666665,-445.8666666666667,-294.4
1728,-23.466666666666665,-450.1333333333333,-279.46666666666664
1729,-32.0,-439.46666666666664,-283.73333333333335
1730,-21.333333333333332,-441.59999999999997,-277.3333333333333
1731,-25.6,-430.93333333333334,-281.6
1732,-25.6,-437.3333333333333,-275.2
1733,-29.866666666666667,-441.59999999999997,-277.3333333333333
1734,-19.2,-437.3333333333333,-283.73333333333335
1735,-25.6,-441.59999999999997,-279.46666666666664
1736,-29.866666666666667,-428.8,-311.46666666666664
1737,-19.2,-435.2,-279.46666666666664
1738,-21.333333333333332,-437.3333333333333,-281.6
1739,-23.466666666666665,-428.8,-288.0
1740,-17.066666666666666,-433.06666666666666,-279.46666666666664
1741,-19.2,-428.8,-288.0
1742,-4.266666666666667,-439.46666666666664,-290.1333333333333
1743,-2.1333333333333333,-437.3333333333333,-285.8666666666667
1744,-12.8,-445.8666666666667,-279.46666666666664
1745,-8.533333333333333,-441.59999999999997,-288.0
1746,-8.533333333333333,-433.06666666666666,-268.8
1747,-12.8,-435.2,-283.73333333333335
1748,-6.4,-435.2,-281.6
1749,-21.333333333333332,-433.06666666666666,-290.1333333333333
1750,-14.933333333333334,-441.59999999999997,-292.26666666666665
1751,-12.8,-435.2,-296.5333333333333
1752,-10.666666666666666,-441.59999999999997,-288.0
1753,-14.933333333333334,-445.8666666666667,-288.0
1754,-14.933333333333334,-439.46666666666664,-294.4
1755,-14.933333333333334,-445.8666666666667,-298.6666666666667
1756,-17.066666666666666,-443.73333333333335,-292.26666666666665
1757,-14.933333333333334,-445.8666666666667,-288.0
1758,-19.2,-450.1333333333333,-288.0
1759,-19.2,-452.26666666666665,-279.46666666666664
1760,-17.066666666666666,-448.0,-281.6
1761,-23.466666666666665,-445.8666666666667,-288.0
1762,-19.2,-443.73333333333335,-285.8666666666667
1763,-19.2,-441.59999999999997,-283.73333333333335
1764,-14.933333333333334,-448.0,-281.6
1765,-23.466666666666665,-443.73333333333335,-285.8666666666667
1766,-21.333333333333332,-445.8666666666667,-285.8666666666667
1767,-17.066666666666666,-450.1333333333333,-288.0
1768,-17.066666666666666,-445.8666666666667,-279.46666666666664
1769,-21.333333333333332,-445.8666666666667,-288.0
1770,-19.2,-448.0,-288.0
1771,-17.066666666666666,-445.8666666666667,-290.1333333333333
1772,-14.933333333333334,-445.8666666666667,-288.0
1773,-12.8,-435.2,-290.1333333333333
1774,-12.8,-450.1333333333333,-288.0
1775,-10.666666666666666,-439.46666666666664,-283.73333333333335
1776,-10.666666666666666,-443.73333333333335,-285.8666666666667
1777,-14.933333333333334,-439.46666666666664,-283.73333333333335
1778,-14.933333333333334,-439.46666666666664,-285.8666666666667
1779,-14.933333333333334,-441.59999999999997,-285.8666666666667
1780,-6.4,-439.46666666666664,-290.1333333333333
1781,-17.066666666666666,-443.73333333333335,-288.0
1782,-12.8,-439.46666666666664,-281.6
1783,-12.8,-441.59999999999997,-285.8666666666667
1784,-8.533333333333333,-437.3333333333333,-290.1333333333333
1785,-17.066666666666666,-439.46666666666664,-283.73333333333335
1786,-19.2,-439.46666666666664,-281.6
1787,-17.066666666666666,-433.06666666666666,-285.8666666666667
1788,-19.2,-443.73333333333335,-290.1333333333333
1789,-19.2,-437.3333333333333,-288.0
1790,-17.066666666666666,-437.3333333333333,-283.73333333333335
1791,-17.066666666666666,-441.59999999999997,-290.1333333333333
1792,-14.933333333333334,-443.73333333333335,-281.6
1793,-17.066666666666666,-439.46666666666664,-281.6
1794,-23.466666666666665,-437.3333333333333,-283.73333333333335
1795,-21.333333333333332,-437.3333333333333,-288.0
1796,-17.066666666666666,-437.3333333333333,-294.4
1797,-14.933333333333334,-439.46666666666664,-285.8666666666667
1798,-8.533333333333333,-441.59999999999997,-290.1333333333333
1799,-17.066666666666666,-437.3333333333333,-285.8666666666667
1800,-19.2,-435.2,-279.46666666666664
1801,-12.8,-441.59999999999997,-292.26666666666665
1802,-8.533333333333333,-445.8666666666667,-281.6
1803,-14.933333333333334,-441.59999999999997,-298.6666666666667
1804,-10.666666666666666,-448.0,-283.73333333333335
1805,-10.666666666666666,-445.8666666666667,-292.26666666666665
1806,-12.8,-445.8666666666667,-288.0
1807,-14.933333333333334,-445.8666666666667,-296.5333333333333
1808,-4.266666666666667,-448.0,-283.73333333333335
1809,-14.933333333333334,-443.73333333333335,-290.1333333333333
1810,-10.666666666666666,-437.3333333333333,-277.3333333333333
1811,-6.4,-448.0,-288.0
1812,-10.666666666666666,-450.1333333333333,-292.26666666666665
1813,0.0,-439.46666666666664,-294.4
1814,-19.2,-439.46666666666664,-285.8666666666667
1815,-14.933333333333334,-439.46666666666664,-283.73333333333335
1816,-14.933333333333334,-437.3333333333333,-285.8666666666667
1817,-12.8,-435.2,-290.1333333333333
1818,-14.933333333333334,-439.46666666666664,-288.0
1819,-8.533333333333333,-437.3333333333333,-290.1333333333333
1820,-17.066666666666666,-441.59999999999997,-285.8666666666667
1821,-12.8,-441.59999999999997,-288.0
1822,-12.8,-437.3333333333333,-281.6
1823,0.0,-433.06666666666666,-279.46666666666664
1824,-14.933333333333334,-437.3333333333333,-285.8666666666667
1825,-4.266666666666667,-441.59999999999997,-285.8666666666667
1826,-10.666666666666666,-445.8666666666667,-283.73333333333335
1827,-2.1333333333333333,-448.0,-294.4
1828,-10.666666666666666,-445.8666666666667,-281.6
1829,-6.4,-443.73333333333335,-292.26666666666665
1830,-6.4,-443.73333333333335,-281.6
1831,-14.933333333333334,-441.59999999999997,-290.1333333333333
1832,-2.1333333333333333,-448.0,-302.93333333333334
1833,-6.4,-439.46666666666664,-294.4
1834,-12.8,-437.3333333333333,-290.1333333333333
1835,-10.666666666666666,-439.46666666666664,-292.26666666666665
1836,-4.266666666666667,-433.06666666666666,-292.26666666666665
1837,-6.4,-441.59999999999997,-296.5333333333333
1838,-4.266666666666667,-433.06666666666666,-294.4
1839,-4.266666666666667,-430.93333333333334,-292.26666666666665
1840,-10.666666666666666,-433.06666666666666,-288.0
1841,-8.533333333333333,-433.06666666666666,-292.26666666666665
1842,-12.8,-437.3333333333333,-285.8666666666667
1843,-6.4,-435.2,-283.73333333333335
1844,-12.8,-439.46666666666664,-292.26666666666665
1845,-17.066666666666666,-435.2,-283.73333333333335
1846,-14.933333333333334,-443.73333333333335,-290.1333333333333
1847,-8.533333333333333,-433.06666666666666,-283.73333333333335
1848,-2.1333333333333333,-445.8666666666667,-292.26666666666665
1849,-14.933333333333334,-441.59999999999997,-281.6
1850,-10.666666666666666,-439.46666666666664,-281.6
1851,-17.066666666666666,-441.59999999999997,-283.73333333333335
1852,-17.066666666666666,-443.73333333333335,-292.26666666666665
1853,-19.2,-443.73333333333335,-290.1333333333333
1854,-17.066666666666666,-439.46666666666664,-292.26666666666665
1855,-17.066666666666666,-443.73333333333335,-290.1333333333333
1856,-17.066666666666666,-435.2,-288.0
1857,-10.666666666666666,-443.73333333333335,-285.8666666666667
1858,-17.066666666666666,-435.2,-296.5333333333333
1859,-8.533333333333333,-437.3333333333333,-285.8666666666667
1860,-12.8,-437.3333333333333,-294.4
1861,-12.8,-439.46666666666664,-288.0
1862,-14.933333333333334,-445.8666666666667,-277.3333333333333
1863,-14.933333333333334,-443.73333333333335,-285.8666666666667
1864,-10.666666666666666,-443.73333333333335,-288.0
1865,-17.066666666666666,-445.8666666666667,-281.6
1866,-8.533333333333333,-448.0,-281.6
1867,-6.4,-443.73333333333335,-288.0
1868,-19.2,-443.73333333333335,-279.46666666666664
1869,-8.533333333333333,-443.73333333333335,-288.0
1870,-4.266666666666667,-435.2,-285.8666666666667
1871,-21.333333333333332,-435.2,-279.46666666666664
1872,-14.933333333333334,-435.2,-285.8666666666667
1873,-14.933333333333334,-435.2,-281.6
1874,-8.533333333333333,-437.3333333333333,-283.73333333333335
1875,-12.8,-433.06666666666666,-292.26666666666665
1876,-17.066666666666666,-441.59999999999997,-285.8666666666667
1877,-10.666666666666666,-441.59999999999997,-288.0
1878,-4.266666666666667,-439.46666666666664,-292.26666666666665
1879,-2.1333333333333333,-437.3333333333333,-294.4
1880,-14.933333333333334,-437.3333333333333,-290.1333333333333
1881,-8.533333333333333,-445.8666666666667,-290.1333333333333
1882,-17.066666666666666,-437.3333333333333,-298.6666666666667
1883,-17.066666666666666,-439.46666666666664,-290.1333333333333
1884,-10.666666666666666,-445.8666666666667,-294.4
1885,-4.266666666666667,-443.73333333333335,-283.73333333333335
1886,-6.4,-443.73333333333335,-294.4
1887,-8.533333333333333,-443.73333333333335,-290.1333333333333
1888,-4.266666666666667,-448.0,-283.73333333333335
1889,-14.933333333333334,-445.8666666666667,-285.8666666666667
1890,-17.066666666666666,-448.0,-290.1333333333333
1891,-14.933333333333334,-445.8666666666667,-281.6
1892,-19.2,-448.0,-290.1333333333333
1893,-4.266666666666667,-441.59999999999997,-281.6
1894,-17.066666666666666,-448.0,-288.0
1895,-17.066666666666666,-435.2,-292.26666666666665
1896,-12.8,-441.59999999999997,-283.73333333333335
1897,-10.666666666666666,-439.46666666666664,-279.46666666666664
1898,-19.2,-428.8,-288.0
1899,-12.8,-445.8666666666667,-285.8666666666667
1900,-14.933333333333334,-435.2,-294.4
1901,-19.2,-439.46666666666664,-285.8666666666667
1902,-14.933333333333334,-433.06666666666666,-290.1333333333333
1903,-17.066666666666666,-435.2,-294.4
1904,-12.8,-433.06666666666666,-285.8666666666667
1905,-12.8,-437.3333333333333,-281.6
1906,-14.933333333333334,-433.06666666666666,-292.26666666666665
1907,-8.533333333333333,-437.3333333333333,-285.8666666666667
1908,-17.066666666666666,-441.59999999999997,-283.73333333333335
1909,-8.533333333333333,-443.73333333333335,-294.4
1910,-14.933333333333334,-426.6666666666667,-296.5333333333333
1911,-12.8,-441.59999999999997,-294.4
1912,-12.8,-450.1333333333333,-285.8666666666667
1913,-17.066666666666666,-452.26666666666665,-281.6
1914,-19.2,-443.73333333333335,-292.26666666666665
1915,-17.066666666666666,-448.0,-288.0
1916,-14.933333333333334,-441.59999999999997,-292.26666666666665
1917,-17.066666666666666,-441.59999999999997,-283.73333333333335
1918,-21.333333333333332,-441.59999999999997,-281.6
1919,-19.2,-441.59999999999997,-288.0
1920,-19.2,-441.59999999999997,-290.1333333333333
1921,-17.066666666666666,-445.8666666666667,-277.3333333333333
1922,-14.933333333333334,-448.0,-283.73333333333335
1923,-14.933333333333334,-452.26666666666665,-283.73333333333335
1924,-19.2,-437.3333333333333,-285.8666666666667
1925,-17.066666666666666,-441.59999999999997,-285.8666666666667
1926,-17.066666666666666,-441.59999999999997,-288.0
1927,-10.666666666666666,-445.8666666666667,-285.8666666666667
1928,-21.333333333333332,-437.3333333333333,-290.1333333333333
1929,-23.466666666666665,-439.46666666666664,-279.46666666666664
1930,-23.466666666666665,-435.2,-290.1333333333333
1931,-23.466666666666665,-439.46666666666664,-281.6
1932,-19.2,-435.2,-288.0
1933,-17.066666666666666,-441.59999999999997,-285.8666666666667
1934,-19.2,-437.3333333333333,-285.8666666666667
1935,-17.066666666666666,-437.3333333333333,-292.26666666666665
1936,-8.533333333333333,-435.2,-285.8666666666667
1937,-14.933333333333334,-435.2,-290.1333333333333
1938,-17.066666666666666,-441.59999999999997,-292.26666666666665
1939,-10.666666666666666,-441.59999999999997,-294.4
1940,-10.666666666666666,-439.46666666666664,-292.26666666666665
1941,-12.8,-441.59999999999997,-290.1333333333333
1942,-12.8,-445.8666666666667,-283.73333333333335
1943,-6.4,-441.59999999999997,-296.5333333333333
1944,-19.2,-439.46666666666664,-285.8666666666667
1945,-14.933333333333334,-443.73333333333335,-290.1333333333333
1946,-19.2,-439.46666666666664,-288.0
1947,-17.066666666666666,-445.8666666666667,-292.26666666666665
1948,-14.933333333333334,-441.59999999999997,-290.1333333333333
1949,-10.666666666666666,-448.0,-288.0
1950,-10.666666666666666,-439.46666666666664,-288.0
1951,-17.066666666666666,-443.73333333333335,-283.73333333333335
1952,-12.8,-445.8666666666667,-288.0
1953,-14.933333333333334,-445.8666666666667,-290.1333333333333
1954,-14.933333333333334,-445.8666666666667,-292.26666666666665
1955,-10.666666666666666,-450.1333333333333,-292.26666666666665
1956,-4.266666666666667,-445.8666666666667,-290.1333333333333
1957,-17.066666666666666,-441.59999999999997,-285.8666666666667
1958,-12.8,-443.73333333333335,-277.3333333333333
1959,-10.666666666666666,-443.73333333333335,-296.5333333333333
1960,-14.933333333333334,-445.8666666666667,-290.1333333333333
1961,-17.066666666666666,-445.8666666666667,-288.0
1962,-10.666666666666666,-443.73333333333335,-281.6
1963,-4.266666666666667,-445.8666666666667,-283.73333333333335
1964,-6.4,-443.73333333333335,-279.46666666666664
1965,-8.533333333333333,-443.73333333333335,-290.1333333333333
1966,-8.533333333333333,-448.0,-296.5333333333333
1967,-12.8,-448.0,-279.46666666666664
1968,-14.933333333333334,-445.8666666666667,-285.8666666666667
1969,-6.4,-445.8666666666667,-288.0
1970,-4.266666666666667,-448.0,-292.26666666666665
1971,-14.933333333333334,-437.3333333333333,-283.73333333333335
1972,-14.933333333333334,-443.73333333333335,-292.26666666666665
1973,-12.8,-448.0,-292.26666666666665
1974,-10.666666666666666,-443.73333333333335,-283.73333333333335
1975,-21.333333333333332,-437.3333333333333,-290.1333333333333
1976,-12.8,-443.73333333333335,-283.73333333333335
1977,-12.8,-439.46666666666664,-294.4
1978,-6.4,-443.73333333333335,-292.26666666666665
1979,-10.666666666666666,-441.59999999999997,-292.26666666666665
1980,-12.8,-441.59999999999997,-285.8666666666667
1981,-12.8,-443.73333333333335,-288.0
1982,-14.933333333333334,-435.2,-290.1333333333333
1983,-17.066666666666666,-445.8666666666667,-288.0
1984,-17.066666666666666,-435.2,-285.8666666666667
1985,-17.066666666666666,-437.3333333333333,-285.8666666666667
1986,-19.2,-435.2,-283.73333333333335
1987,-14.933333333333334,-443.73333333333335,-288.0
1988,-8.533333333333333,-445.8666666666667,-285.8666666666667
1989,-10.666666666666666,-433.06666666666666,-288.0
1990,-14.933333333333334,-448.0,-285.8666666666667
1991,-8.533333333333333,-439.46666666666664,-285.8666666666667
1992,-17.066666666666666,-441.59999999999997,-283.73333333333335
1993,-14.933333333333334,-441.59999999999997,-288.0
1994,-12.8,-443.73333333333335,-292.26666666666665
1995,-19.2,-443.73333333333335,-288.0
1996,-10.666666666666666,-439.46666666666664,-288.0
1997,-21.333333333333332,-437.3333333333333,-292.26666666666665
1998,-17.066666666666666,-437.3333333333333,-281.6
1999,-10.666666666666666,-433.06666666666666,-283.73333333333335
