,accelerometerAccelerationX(G),accelerometerAccelerationY(G),accelerometerAccelerationZ(G)
0,32.0,-503.46666666666664,153.6
1,36.266666666666666,-492.8,155.73333333333332
2,25.6,-497.06666666666666,153.6
3,34.13333333333333,-501.3333333333333,157.86666666666667
4,36.266666666666666,-497.06666666666666,155.73333333333332
5,32.0,-497.06666666666666,157.86666666666667
6,34.13333333333333,-492.8,160.0
7,40.53333333333333,-494.93333333333334,160.0
8,29.866666666666667,-494.93333333333334,157.86666666666667
9,32.0,-490.6666666666667,155.73333333333332
10,34.13333333333333,-501.3333333333333,170.66666666666666
11,36.266666666666666,-490.6666666666667,149.33333333333334
12,29.866666666666667,-488.5333333333333,145.06666666666666
13,27.733333333333334,-490.6666666666667,157.86666666666667
14,29.866666666666667,-488.5333333333333,145.06666666666666
15,38.4,-494.93333333333334,162.13333333333333
16,29.866666666666667,-494.93333333333334,160.0
17,34.13333333333333,-499.2,151.46666666666667
18,32.0,-494.93333333333334,155.73333333333332
19,34.13333333333333,-494.93333333333334,153.6
20,29.866666666666667,-490.6666666666667,153.6
21,38.4,-497.06666666666666,151.46666666666667
22,29.866666666666667,-488.5333333333333,153.6
23,29.866666666666667,-490.6666666666667,160.0
24,32.0,-490.6666666666667,155.73333333333332
25,32.0,-499.2,160.0
26,27.733333333333334,-494.93333333333334,157.86666666666667
27,27.733333333333334,-494.93333333333334,155.73333333333332
28,32.0,-497.06666666666666,153.6
29,34.13333333333333,-497.06666666666666,151.46666666666667
30,34.13333333333333,-497.06666666666666,157.86666666666667
31,27.733333333333334,-492.8,147.2
32,25.6,-492.8,160.0
33,32.0,-490.6666666666667,157.86666666666667
34,29.866666666666667,-492.8,162.13333333333333
35,32.0,-492.8,157.86666666666667
36,34.13333333333333,-497.06666666666666,164.26666666666665
37,17.066666666666666,-509.8666666666667,164.26666666666665
38,29.866666666666667,-494.93333333333334,155.73333333333332
39,21.333333333333332,-490.6666666666667,155.73333333333332
40,29.866666666666667,-488.5333333333333,155.73333333333332
41,34.13333333333333,-492.8,151.46666666666667
42,29.866666666666667,-492.8,160.0
43,23.466666666666665,-490.6666666666667,162.13333333333333
44,25.6,-497.06666666666666,153.6
45,29.866666666666667,-488.5333333333333,153.6
46,27.733333333333334,-492.8,157.86666666666667
47,29.866666666666667,-488.5333333333333,155.73333333333332
48,32.0,-490.6666666666667,160.0
49,29.866666666666667,-490.6666666666667,151.46666666666667
50,27.733333333333334,-494.93333333333334,157.86666666666667
51,38.4,-503.46666666666664,155.73333333333332
52,34.13333333333333,-492.8,162.13333333333333
53,25.6,-490.6666666666667,160.0
54,32.0,-494.93333333333334,162.13333333333333
55,29.866666666666667,-492.8,155.73333333333332
56,29.866666666666667,-488.5333333333333,153.6
57,32.0,-492.8,162.13333333333333
58,34.13333333333333,-494.93333333333334,155.73333333333332
59,19.2,-492.8,149.33333333333334
60,29.866666666666667,-492.8,153.6
61,36.266666666666666,-490.6666666666667,164.26666666666665
62,29.866666666666667,-492.8,162.13333333333333
63,34.13333333333333,-492.8,162.13333333333333
64,32.0,-490.6666666666667,157.86666666666667
65,32.0,-490.6666666666667,164.26666666666665
66,32.0,-492.8,151.46666666666667
67,36.266666666666666,-492.8,157.86666666666667
68,32.0,-492.8,162.13333333333333
69,32.0,-492.8,160.0
70,32.0,-492.8,166.4
71,38.4,-497.06666666666666,157.86666666666667
72,36.266666666666666,-490.6666666666667,160.0
73,32.0,-494.93333333333334,160.0
74,34.13333333333333,-490.6666666666667,162.13333333333333
75,34.13333333333333,-492.8,164.26666666666665
76,29.866666666666667,-490.6666666666667,164.26666666666665
77,36.266666666666666,-497.06666666666666,164.26666666666665
78,34.13333333333333,-497.06666666666666,160.0
79,34.13333333333333,-497.06666666666666,160.0
80,34.13333333333333,-486.4,157.86666666666667
81,32.0,-484.26666666666665,160.0
82,32.0,-494.93333333333334,160.0
83,40.53333333333333,-494.93333333333334,164.26666666666665
84,38.4,-490.6666666666667,153.6
85,34.13333333333333,-499.2,164.26666666666665
86,34.13333333333333,-499.2,160.0
87,32.0,-494.93333333333334,153.6
88,38.4,-490.6666666666667,162.13333333333333
89,32.0,-492.8,160.0
90,36.266666666666666,-482.1333333333333,149.33333333333334
91,40.53333333333333,-492.8,160.0
92,40.53333333333333,-490.6666666666667,157.86666666666667
93,38.4,-494.93333333333334,164.26666666666665
94,38.4,-490.6666666666667,155.73333333333332
95,38.4,-488.5333333333333,147.2
96,36.266666666666666,-492.8,157.86666666666667
97,38.4,-492.8,160.0
98,40.53333333333333,-486.4,157.86666666666667
99,38.4,-490.6666666666667,157.86666666666667
100,36.266666666666666,-494.93333333333334,153.6
101,38.4,-488.5333333333333,157.86666666666667
102,34.13333333333333,-494.93333333333334,157.86666666666667
103,36.266666666666666,-480.0,151.46666666666667
104,38.4,-499.2,157.86666666666667
105,36.266666666666666,-497.06666666666666,166.4
106,40.53333333333333,-492.8,155.73333333333332
107,34.13333333333333,-488.5333333333333,157.86666666666667
108,34.13333333333333,-492.8,155.73333333333332
109,34.13333333333333,-494.93333333333334,157.86666666666667
110,38.4,-488.5333333333333,157.86666666666667
111,40.53333333333333,-492.8,151.46666666666667
112,36.266666666666666,-494.93333333333334,153.6
113,40.53333333333333,-494.93333333333334,155.73333333333332
114,38.4,-494.93333333333334,157.86666666666667
115,40.53333333333333,-497.06666666666666,153.6
116,38.4,-492.8,149.33333333333334
117,40.53333333333333,-499.2,153.6
118,38.4,-492.8,162.13333333333333
119,40.53333333333333,-492.8,160.0
120,44.8,-492.8,162.13333333333333
121,40.53333333333333,-497.06666666666666,157.86666666666667
122,46.93333333333333,-492.8,151.46666666666667
123,40.53333333333333,-492.8,155.73333333333332
124,32.0,-497.06666666666666,183.46666666666667
125,38.4,-490.6666666666667,153.6
126,34.13333333333333,-490.6666666666667,151.46666666666667
127,38.4,-490.6666666666667,155.73333333333332
128,34.13333333333333,-490.6666666666667,155.73333333333332
129,44.8,-492.8,162.13333333333333
130,38.4,-499.2,153.6
131,40.53333333333333,-494.93333333333334,151.46666666666667
132,36.266666666666666,-490.6666666666667,151.46666666666667
133,46.93333333333333,-490.6666666666667,157.86666666666667
134,38.4,-497.06666666666666,157.86666666666667
135,36.266666666666666,-488.5333333333333,151.46666666666667
136,40.53333333333333,-497.06666666666666,166.4
137,40.53333333333333,-492.8,157.86666666666667
138,40.53333333333333,-492.8,160.0
139,42.666666666666664,-492.8,162.13333333333333
140,40.53333333333333,-490.6666666666667,157.86666666666667
141,34.13333333333333,-488.5333333333333,149.33333333333334
142,32.0,-492.8,149.33333333333334
143,36.266666666666666,-497.06666666666666,149.33333333333334
144,32.0,-494.93333333333334,151.46666666666667
145,40.53333333333333,-499.2,149.33333333333334
146,49.06666666666666,-492.8,164.26666666666665
147,34.13333333333333,-499.2,149.33333333333334
148,44.8,-492.8,149.33333333333334
149,36.266666666666666,-497.06666666666666,160.0
150,42.666666666666664,-494.93333333333334,147.2
151,34.13333333333333,-499.2,151.46666666666667
152,40.53333333333333,-490.6666666666667,157.86666666666667
153,32.0,-488.5333333333333,164.26666666666665
154,38.4,-497.06666666666666,155.73333333333332
155,34.13333333333333,-488.5333333333333,160.0
156,36.266666666666666,-488.5333333333333,155.73333333333332
157,40.53333333333333,-490.6666666666667,160.0
158,36.266666666666666,-490.6666666666667,162.13333333333333
159,44.8,-499.2,164.26666666666665
160,36.266666666666666,-492.8,155.73333333333332
161,34.13333333333333,-492.8,155.73333333333332
162,34.13333333333333,-492.8,157.86666666666667
163,38.4,-497.06666666666666,153.6
164,42.666666666666664,-494.93333333333334,157.86666666666667
165,40.53333333333333,-499.2,155.73333333333332
166,34.13333333333333,-488.5333333333333,149.33333333333334
167,42.666666666666664,-492.8,160.0
168,42.666666666666664,-490.6666666666667,153.6
169,32.0,-492.8,155.73333333333332
170,40.53333333333333,-492.8,155.73333333333332
171,38.4,-488.5333333333333,147.2
172,38.4,-486.4,157.86666666666667
173,42.666666666666664,-492.8,153.6
174,40.53333333333333,-490.6666666666667,151.46666666666667
175,34.13333333333333,-480.0,160.0
176,40.53333333333333,-488.5333333333333,157.86666666666667
177,38.4,-486.4,153.6
178,38.4,-488.5333333333333,160.0
179,42.666666666666664,-490.6666666666667,151.46666666666667
180,38.4,-492.8,157.86666666666667
181,34.13333333333333,-488.5333333333333,155.73333333333332
182,38.4,-494.93333333333334,153.6
183,38.4,-490.6666666666667,149.33333333333334
184,38.4,-494.93333333333334,168.53333333333333
185,32.0,-490.6666666666667,153.6
186,38.4,-490.6666666666667,160.0
187,38.4,-492.8,160.0
188,36.266666666666666,-497.06666666666666,155.73333333333332
189,32.0,-494.93333333333334,153.6
190,42.666666666666664,-475.73333333333335,151.46666666666667
191,29.866666666666667,-501.3333333333333,155.73333333333332
192,34.13333333333333,-499.2,162.13333333333333
193,29.866666666666667,-492.8,153.6
194,32.0,-490.6666666666667,147.2
195,29.866666666666667,-497.06666666666666,151.46666666666667
196,32.0,-499.2,153.6
197,34.13333333333333,-497.06666666666666,155.73333333333332
198,29.866666666666667,-497.06666666666666,162.13333333333333
199,32.0,-499.2,151.46666666666667
200,27.733333333333334,-494.93333333333334,155.73333333333332
201,29.866666666666667,-497.06666666666666,157.86666666666667
202,23.466666666666665,-490.6666666666667,155.73333333333332
203,32.0,-501.3333333333333,160.0
204,25.6,-497.06666666666666,157.86666666666667
205,32.0,-494.93333333333334,155.73333333333332
206,29.866666666666667,-494.93333333333334,145.06666666666666
207,25.6,-494.93333333333334,149.33333333333334
208,25.6,-499.2,155.73333333333332
209,29.866666666666667,-497.06666666666666,155.73333333333332
210,27.733333333333334,-492.8,160.0
211,19.2,-507.73333333333335,194.13333333333333
212,27.733333333333334,-499.2,155.73333333333332
213,29.866666666666667,-490.6666666666667,160.0
214,27.733333333333334,-497.06666666666666,153.6
215,34.13333333333333,-494.93333333333334,155.73333333333332
216,34.13333333333333,-499.2,149.33333333333334
217,29.866666666666667,-494.93333333333334,155.73333333333332
218,34.13333333333333,-494.93333333333334,153.6
219,29.866666666666667,-494.93333333333334,160.0
220,34.13333333333333,-492.8,162.13333333333333
221,34.13333333333333,-497.06666666666666,155.73333333333332
222,32.0,-494.93333333333334,151.46666666666667
223,38.4,-490.6666666666667,155.73333333333332
224,32.0,-494.93333333333334,153.6
225,42.666666666666664,-492.8,155.73333333333332
226,29.866666666666667,-490.6666666666667,157.86666666666667
227,36.266666666666666,-490.6666666666667,149.33333333333334
228,34.13333333333333,-486.4,164.26666666666665
229,42.666666666666664,-497.06666666666666,162.13333333333333
230,42.666666666666664,-494.93333333333334,162.13333333333333
231,40.53333333333333,-494.93333333333334,151.46666666666667
232,44.8,-494.93333333333334,155.73333333333332
233,44.8,-501.3333333333333,149.33333333333334
234,38.4,-488.5333333333333,157.86666666666667
235,40.53333333333333,-492.8,155.73333333333332
236,36.266666666666666,-494.93333333333334,162.13333333333333
237,46.93333333333333,-488.5333333333333,157.86666666666667
238,42.666666666666664,-492.8,153.6
239,42.666666666666664,-497.06666666666666,147.2
240,42.666666666666664,-492.8,153.6
241,38.4,-492.8,166.4
242,40.53333333333333,-492.8,164.26666666666665
243,42.666666666666664,-492.8,153.6
244,38.4,-499.2,164.26666666666665
245,40.53333333333333,-488.5333333333333,157.86666666666667
246,42.666666666666664,-494.93333333333334,160.0
247,36.266666666666666,-488.5333333333333,155.73333333333332
248,40.53333333333333,-490.6666666666667,162.13333333333333
249,44.8,-492.8,151.46666666666667
250,42.666666666666664,-494.93333333333334,151.46666666666667
251,36.266666666666666,-490.6666666666667,160.0
252,38.4,-497.06666666666666,166.4
253,40.53333333333333,-492.8,153.6
254,34.13333333333333,-503.46666666666664,151.46666666666667
255,40.53333333333333,-509.8666666666667,187.73333333333332
256,36.266666666666666,-490.6666666666667,149.33333333333334
257,32.0,-488.5333333333333,162.13333333333333
258,38.4,-494.93333333333334,166.4
259,29.866666666666667,-488.5333333333333,155.73333333333332
260,36.266666666666666,-501.3333333333333,157.86666666666667
261,34.13333333333333,-490.6666666666667,162.13333333333333
262,23.466666666666665,-488.5333333333333,160.0
263,36.266666666666666,-492.8,162.13333333333333
264,34.13333333333333,-497.06666666666666,160.0
265,29.866666666666667,-492.8,164.26666666666665
266,32.0,-492.8,164.26666666666665
267,25.6,-501.3333333333333,160.0
268,40.53333333333333,-494.93333333333334,157.86666666666667
269,32.0,-492.8,157.86666666666667
270,27.733333333333334,-490.6666666666667,155.73333333333332
271,27.733333333333334,-492.8,157.86666666666667
272,34.13333333333333,-492.8,155.73333333333332
273,29.866666666666667,-490.6666666666667,160.0
274,34.13333333333333,-492.8,157.86666666666667
275,36.266666666666666,-490.6666666666667,168.53333333333333
276,34.13333333333333,-490.6666666666667,162.13333333333333
277,17.066666666666666,-492.8,179.2
278,38.4,-492.8,164.26666666666665
279,34.13333333333333,-490.6666666666667,164.26666666666665
280,36.266666666666666,-490.6666666666667,153.6
281,29.866666666666667,-486.4,160.0
282,34.13333333333333,-497.06666666666666,164.26666666666665
283,42.666666666666664,-492.8,155.73333333333332
284,36.266666666666666,-492.8,166.4
285,44.8,-499.2,160.0
286,38.4,-492.8,160.0
287,38.4,-488.5333333333333,155.73333333333332
288,36.266666666666666,-497.06666666666666,162.13333333333333
289,38.4,-490.6666666666667,157.86666666666667
290,34.13333333333333,-486.4,155.73333333333332
291,44.8,-501.3333333333333,160.0
292,34.13333333333333,-486.4,155.73333333333332
293,38.4,-486.4,157.86666666666667
294,40.53333333333333,-494.93333333333334,162.13333333333333
295,36.266666666666666,-494.93333333333334,155.73333333333332
296,34.13333333333333,-492.8,155.73333333333332
297,34.13333333333333,-494.93333333333334,168.53333333333333
298,38.4,-492.8,151.46666666666667
299,34.13333333333333,-533.3333333333334,162.13333333333333
300,38.4,-492.8,160.0
301,42.666666666666664,-490.6666666666667,160.0
302,40.53333333333333,-490.6666666666667,160.0
303,38.4,-490.6666666666667,160.0
304,40.53333333333333,-494.93333333333334,160.0
305,38.4,-497.06666666666666,160.0
306,36.266666666666666,-488.5333333333333,166.4
307,36.266666666666666,-494.93333333333334,153.6
308,40.53333333333333,-488.5333333333333,162.13333333333333
309,40.53333333333333,-492.8,157.86666666666667
310,44.8,-490.6666666666667,151.46666666666667
311,40.53333333333333,-492.8,155.73333333333332
312,36.266666666666666,-486.4,160.0
313,40.53333333333333,-490.6666666666667,164.26666666666665
314,40.53333333333333,-492.8,160.0
315,36.266666666666666,-501.3333333333333,168.53333333333333
316,40.53333333333333,-494.93333333333334,162.13333333333333
317,38.4,-492.8,160.0
318,36.266666666666666,-490.6666666666667,155.73333333333332
319,34.13333333333333,-490.6666666666667,164.26666666666665
320,32.0,-486.4,174.93333333333334
321,36.266666666666666,-492.8,157.86666666666667
322,34.13333333333333,-490.6666666666667,157.86666666666667
323,42.666666666666664,-488.5333333333333,157.86666666666667
324,40.53333333333333,-497.06666666666666,160.0
325,36.266666666666666,-501.3333333333333,162.13333333333333
326,34.13333333333333,-488.5333333333333,151.46666666666667
327,34.13333333333333,-488.5333333333333,162.13333333333333
328,27.733333333333334,-490.6666666666667,164.26666666666665
329,29.866666666666667,-494.93333333333334,160.0
330,29.866666666666667,-497.06666666666666,162.13333333333333
331,27.733333333333334,-484.26666666666665,142.93333333333334
332,36.266666666666666,-494.93333333333334,149.33333333333334
333,40.53333333333333,-490.6666666666667,157.86666666666667
334,36.266666666666666,-490.6666666666667,157.86666666666667
335,34.13333333333333,-494.93333333333334,166.4
336,36.266666666666666,-499.2,170.66666666666666
337,38.4,-494.93333333333334,160.0
338,36.266666666666666,-494.93333333333334,155.73333333333332
339,36.266666666666666,-492.8,166.4
340,36.266666666666666,-490.6666666666667,160.0
341,34.13333333333333,-492.8,164.26666666666665
342,34.13333333333333,-488.5333333333333,151.46666666666667
343,32.0,-494.93333333333334,157.86666666666667
344,34.13333333333333,-497.06666666666666,155.73333333333332
345,29.866666666666667,-490.6666666666667,157.86666666666667
346,29.866666666666667,-490.6666666666667,157.86666666666667
347,32.0,-492.8,160.0
348,32.0,-488.5333333333333,157.86666666666667
349,34.13333333333333,-492.8,157.86666666666667
350,40.53333333333333,-492.8,162.13333333333333
351,36.266666666666666,-494.93333333333334,160.0
352,27.733333333333334,-490.6666666666667,164.26666666666665
353,34.13333333333333,-490.6666666666667,168.53333333333333
354,34.13333333333333,-492.8,155.73333333333332
355,40.53333333333333,-492.8,162.13333333333333
356,36.266666666666666,-494.93333333333334,155.73333333333332
357,34.13333333333333,-503.46666666666664,162.13333333333333
358,34.13333333333333,-490.6666666666667,155.73333333333332
359,38.4,-499.2,153.6
360,38.4,-497.06666666666666,157.86666666666667
361,34.13333333333333,-497.06666666666666,155.73333333333332
362,34.13333333333333,-492.8,160.0
363,36.266666666666666,-492.8,153.6
364,55.46666666666667,-486.4,153.6
365,32.0,-486.4,155.73333333333332
366,38.4,-490.6666666666667,157.86666666666667
367,38.4,-488.5333333333333,149.33333333333334
368,36.266666666666666,-490.6666666666667,160.0
369,34.13333333333333,-490.6666666666667,155.73333333333332
370,36.266666666666666,-490.6666666666667,157.86666666666667
371,40.53333333333333,-490.6666666666667,153.6
372,36.266666666666666,-488.5333333333333,155.73333333333332
373,23.466666666666665,-494.93333333333334,164.26666666666665
374,34.13333333333333,-490.6666666666667,157.86666666666667
375,36.266666666666666,-488.5333333333333,155.73333333333332
376,32.0,-488.5333333333333,162.13333333333333
377,40.53333333333333,-499.2,155.73333333333332
378,36.266666666666666,-486.4,160.0
379,38.4,-490.6666666666667,160.0
380,29.866666666666667,-486.4,155.73333333333332
381,36.266666666666666,-492.8,162.13333333333333
382,34.13333333333333,-492.8,153.6
383,38.4,-494.93333333333334,157.86666666666667
384,32.0,-494.93333333333334,157.86666666666667
385,34.13333333333333,-492.8,157.86666666666667
386,46.93333333333333,-482.1333333333333,151.46666666666667
387,34.13333333333333,-492.8,164.26666666666665
388,32.0,-490.6666666666667,160.0
389,32.0,-494.93333333333334,164.26666666666665
390,32.0,-492.8,160.0
391,29.866666666666667,-490.6666666666667,157.86666666666667
392,34.13333333333333,-494.93333333333334,160.0
393,32.0,-490.6666666666667,164.26666666666665
394,34.13333333333333,-497.06666666666666,160.0
395,36.266666666666666,-492.8,153.6
396,32.0,-490.6666666666667,164.26666666666665
397,32.0,-490.6666666666667,164.26666666666665
398,34.13333333333333,-490.6666666666667,155.73333333333332
399,29.866666666666667,-490.6666666666667,160.0
400,38.4,-492.8,157.86666666666667
401,34.13333333333333,-488.5333333333333,147.2
402,36.266666666666666,-494.93333333333334,155.73333333333332
403,34.13333333333333,-497.06666666666666,151.46666666666667
404,32.0,-494.93333333333334,162.13333333333333
405,29.866666666666667,-490.6666666666667,162.13333333333333
406,29.866666666666667,-492.8,162.13333333333333
407,29.866666666666667,-492.8,157.86666666666667
408,34.13333333333333,-505.59999999999997,164.26666666666665
409,27.733333333333334,-488.5333333333333,157.86666666666667
410,25.6,-492.8,168.53333333333333
411,36.266666666666666,-497.06666666666666,164.26666666666665
412,32.0,-494.93333333333334,168.53333333333333
413,34.13333333333333,-490.6666666666667,160.0
414,34.13333333333333,-490.6666666666667,151.46666666666667
415,34.13333333333333,-497.06666666666666,160.0
416,36.266666666666666,-488.5333333333333,155.73333333333332
417,40.53333333333333,-488.5333333333333,157.86666666666667
418,29.866666666666667,-490.6666666666667,164.26666666666665
419,34.13333333333333,-492.8,157.86666666666667
420,36.266666666666666,-492.8,157.86666666666667
421,38.4,-494.93333333333334,157.86666666666667
422,34.13333333333333,-490.6666666666667,160.0
423,36.266666666666666,-492.8,162.13333333333333
424,34.13333333333333,-490.6666666666667,164.26666666666665
425,27.733333333333334,-490.6666666666667,164.26666666666665
426,36.266666666666666,-490.6666666666667,151.46666666666667
427,32.0,-497.06666666666666,162.13333333333333
428,32.0,-486.4,162.13333333333333
429,46.93333333333333,-494.93333333333334,145.06666666666666
430,34.13333333333333,-490.6666666666667,160.0
431,34.13333333333333,-492.8,155.73333333333332
432,36.266666666666666,-494.93333333333334,166.4
433,32.0,-488.5333333333333,157.86666666666667
434,34.13333333333333,-492.8,160.0
435,36.266666666666666,-490.6666666666667,162.13333333333333
436,34.13333333333333,-494.93333333333334,157.86666666666667
437,36.266666666666666,-488.5333333333333,160.0
438,36.266666666666666,-492.8,168.53333333333333
439,36.266666666666666,-488.5333333333333,162.13333333333333
440,32.0,-494.93333333333334,164.26666666666665
441,34.13333333333333,-486.4,157.86666666666667
442,32.0,-490.6666666666667,151.46666666666667
443,32.0,-490.6666666666667,162.13333333333333
444,36.266666666666666,-494.93333333333334,157.86666666666667
445,32.0,-484.26666666666665,155.73333333333332
446,34.13333333333333,-488.5333333333333,164.26666666666665
447,32.0,-492.8,162.13333333333333
448,34.13333333333333,-497.06666666666666,157.86666666666667
449,34.13333333333333,-492.8,166.4
450,27.733333333333334,-499.2,157.86666666666667
451,44.8,-512.0,166.4
452,34.13333333333333,-494.93333333333334,166.4
453,25.6,-492.8,160.0
454,29.866666666666667,-499.2,155.73333333333332
455,36.266666666666666,-494.93333333333334,151.46666666666667
456,36.266666666666666,-488.5333333333333,155.73333333333332
457,36.266666666666666,-494.93333333333334,155.73333333333332
458,36.266666666666666,-490.6666666666667,168.53333333333333
459,36.266666666666666,-486.4,153.6
460,36.266666666666666,-490.6666666666667,160.0
461,38.4,-486.4,157.86666666666667
462,34.13333333333333,-486.4,157.86666666666667
463,34.13333333333333,-490.6666666666667,160.0
464,36.266666666666666,-486.4,155.73333333333332
465,36.266666666666666,-490.6666666666667,160.0
466,36.266666666666666,-486.4,162.13333333333333
467,40.53333333333333,-484.26666666666665,164.26666666666665
468,38.4,-486.4,151.46666666666667
469,36.266666666666666,-488.5333333333333,164.26666666666665
470,36.266666666666666,-492.8,164.26666666666665
471,40.53333333333333,-492.8,166.4
472,36.266666666666666,-490.6666666666667,162.13333333333333
473,27.733333333333334,-486.4,151.46666666666667
474,34.13333333333333,-492.8,153.6
475,34.13333333333333,-488.5333333333333,155.73333333333332
476,36.266666666666666,-488.5333333333333,162.13333333333333
477,34.13333333333333,-494.93333333333334,155.73333333333332
478,36.266666666666666,-501.3333333333333,149.33333333333334
479,40.53333333333333,-492.8,157.86666666666667
480,36.266666666666666,-490.6666666666667,157.86666666666667
481,40.53333333333333,-492.8,160.0
482,36.266666666666666,-490.6666666666667,164.26666666666665
483,36.266666666666666,-488.5333333333333,160.0
484,40.53333333333333,-492.8,168.53333333333333
485,38.4,-490.6666666666667,157.86666666666667
486,44.8,-494.93333333333334,155.73333333333332
487,36.266666666666666,-488.5333333333333,155.73333333333332
488,32.0,-492.8,160.0
489,42.666666666666664,-492.8,155.73333333333332
490,34.13333333333333,-492.8,149.33333333333334
491,38.4,-490.6666666666667,149.33333333333334
492,44.8,-488.5333333333333,151.46666666666667
493,34.13333333333333,-484.26666666666665,160.0
494,34.13333333333333,-482.1333333333333,151.46666666666667
495,34.13333333333333,-501.3333333333333,145.06666666666666
496,38.4,-488.5333333333333,160.0
497,42.666666666666664,-492.8,147.2
498,38.4,-488.5333333333333,155.73333333333332
499,40.53333333333333,-494.93333333333334,164.26666666666665
500,34.13333333333333,-494.93333333333334,157.86666666666667
501,29.866666666666667,-492.8,157.86666666666667
502,38.4,-499.2,155.73333333333332
503,27.733333333333334,-503.46666666666664,160.0
504,29.866666666666667,-501.3333333333333,140.8
505,29.866666666666667,-501.3333333333333,149.33333333333334
506,27.733333333333334,-503.46666666666664,136.53333333333333
507,32.0,-494.93333333333334,136.53333333333333
508,25.6,-497.06666666666666,134.4
509,32.0,-492.8,128.0
510,23.466666666666665,-490.6666666666667,117.33333333333333
511,27.733333333333334,-490.6666666666667,115.2
512,32.0,-488.5333333333333,115.2
513,23.466666666666665,-475.73333333333335,115.2
514,29.866666666666667,-482.1333333333333,110.93333333333334
515,32.0,-475.73333333333335,110.93333333333334
516,34.13333333333333,-469.3333333333333,98.13333333333333
517,29.866666666666667,-482.1333333333333,83.2
518,36.266666666666666,-465.06666666666666,91.73333333333333
519,49.06666666666666,-469.3333333333333,91.73333333333333
520,42.666666666666664,-469.3333333333333,83.2
521,42.666666666666664,-460.8,74.66666666666667
522,42.666666666666664,-467.2,68.26666666666667
523,46.93333333333333,-467.2,72.53333333333333
524,46.93333333333333,-467.2,70.4
525,49.06666666666666,-469.3333333333333,76.8
526,53.333333333333336,-469.3333333333333,72.53333333333333
527,49.06666666666666,-467.2,68.26666666666667
528,51.2,-475.73333333333335,68.26666666666667
529,59.733333333333334,-469.3333333333333,66.13333333333333
530,59.733333333333334,-475.73333333333335,59.733333333333334
531,57.6,-467.2,59.733333333333334
532,53.333333333333336,-467.2,64.0
533,49.06666666666666,-471.46666666666664,55.46666666666667
534,53.333333333333336,-475.73333333333335,51.2
535,53.333333333333336,-486.4,49.06666666666666
536,46.93333333333333,-480.0,64.0
537,38.4,-480.0,53.333333333333336
538,32.0,-480.0,25.6
539,42.666666666666664,-490.6666666666667,49.06666666666666
540,36.266666666666666,-490.6666666666667,55.46666666666667
541,34.13333333333333,-492.8,51.2
542,36.266666666666666,-494.93333333333334,49.06666666666666
543,32.0,-490.6666666666667,29.866666666666667
544,25.6,-492.8,34.13333333333333
545,32.0,-490.6666666666667,29.866666666666667
546,27.733333333333334,-494.93333333333334,25.6
547,29.866666666666667,-490.6666666666667,10.666666666666666
548,32.0,-490.6666666666667,4.266666666666667
549,36.266666666666666,-494.93333333333334,6.4
550,32.0,-497.06666666666666,0.0
551,36.266666666666666,-503.46666666666664,2.1333333333333333
552,44.8,-499.2,0.0
553,44.8,-507.73333333333335,2.1333333333333333
554,40.53333333333333,-505.59999999999997,-2.1333333333333333
555,42.666666666666664,-505.59999999999997,0.0
556,32.0,-501.3333333333333,0.0
557,38.4,-499.2,2.1333333333333333
558,34.13333333333333,-501.3333333333333,6.4
559,38.4,-494.93333333333334,0.0
560,21.333333333333332,-518.4,17.066666666666666
561,38.4,-486.4,2.1333333333333333
562,44.8,-482.1333333333333,2.1333333333333333
563,42.666666666666664,-477.8666666666667,10.666666666666666
564,46.93333333333333,-473.59999999999997,8.533333333333333
565,44.8,-462.93333333333334,14.933333333333334
566,46.93333333333333,-454.4,21.333333333333332
567,46.93333333333333,-456.5333333333333,32.0
568,51.2,-452.26666666666665,38.4
569,44.8,-439.46666666666664,49.06666666666666
570,46.93333333333333,-437.3333333333333,40.53333333333333
571,46.93333333333333,-437.3333333333333,61.86666666666667
572,44.8,-437.3333333333333,55.46666666666667
573,49.06666666666666,-443.73333333333335,61.86666666666667
574,40.53333333333333,-448.0,70.4
575,46.93333333333333,-456.5333333333333,68.26666666666667
576,44.8,-471.46666666666664,74.66666666666667
577,59.733333333333334,-492.8,83.2
578,53.333333333333336,-512.0,102.4
579,59.733333333333334,-531.2,104.53333333333333
580,64.0,-550.4,110.93333333333334
581,70.4,-573.8666666666667,117.33333333333333
582,72.53333333333333,-603.7333333333333,132.26666666666665
583,72.53333333333333,-620.8,130.13333333333333
584,74.66666666666667,-650.6666666666666,125.86666666666666
585,78.93333333333334,-678.4,123.73333333333333
586,85.33333333333333,-695.4666666666667,128.0
587,91.73333333333333,-714.6666666666666,121.6
588,85.33333333333333,-725.3333333333334,117.33333333333333
589,93.86666666666666,-727.4666666666667,108.8
590,87.46666666666667,-725.3333333333334,98.13333333333333
591,87.46666666666667,-723.2,87.46666666666667
592,83.2,-710.4,74.66666666666667
593,78.93333333333334,-678.4,49.06666666666666
594,70.4,-622.9333333333333,21.333333333333332
595,83.2,-603.7333333333333,0.0
596,85.33333333333333,-588.8,-17.066666666666666
597,76.8,-580.2666666666667,-32.0
598,78.93333333333334,-567.4666666666667,-27.733333333333334
599,74.66666666666667,-548.2666666666667,-21.333333333333332
600,87.46666666666667,-541.8666666666667,-23.466666666666665
601,70.4,-518.4,-21.333333333333332
602,64.0,-488.5333333333333,-6.4
603,59.733333333333334,-505.59999999999997,-8.533333333333333
604,68.26666666666667,-465.06666666666666,-8.533333333333333
605,64.0,-452.26666666666665,0.0
606,57.6,-441.59999999999997,4.266666666666667
607,44.8,-426.6666666666667,17.066666666666666
608,49.06666666666666,-433.06666666666666,17.066666666666666
609,38.4,-422.4,14.933333333333334
610,34.13333333333333,-416.0,27.733333333333334
611,34.13333333333333,-411.73333333333335,17.066666666666666
612,34.13333333333333,-407.46666666666664,27.733333333333334
613,38.4,-407.46666666666664,32.0
614,25.6,-403.2,25.6
615,29.866666666666667,-405.3333333333333,23.466666666666665
616,27.733333333333334,-407.46666666666664,17.066666666666666
617,21.333333333333332,-407.46666666666664,8.533333333333333
618,17.066666666666666,-407.46666666666664,2.1333333333333333
619,21.333333333333332,-407.46666666666664,-10.666666666666666
620,23.466666666666665,-411.73333333333335,-19.2
621,14.933333333333334,-409.6,-17.066666666666666
622,19.2,-413.8666666666667,-27.733333333333334
623,23.466666666666665,-420.26666666666665,-34.13333333333333
624,25.6,-424.5333333333333,-25.6
625,23.466666666666665,-433.06666666666666,-40.53333333333333
626,17.066666666666666,-428.8,-42.666666666666664
627,14.933333333333334,-418.1333333333333,-51.2
628,19.2,-430.93333333333334,-53.333333333333336
629,23.466666666666665,-418.1333333333333,-53.333333333333336
630,21.333333333333332,-420.26666666666665,-55.46666666666667
631,19.2,-416.0,-49.06666666666666
632,25.6,-426.6666666666667,-61.86666666666667
633,36.266666666666666,-439.46666666666664,-57.6
634,38.4,-445.8666666666667,-57.6
635,42.666666666666664,-456.5333333333333,-74.66666666666667
636,61.86666666666667,-473.59999999999997,-53.333333333333336
637,74.66666666666667,-490.6666666666667,-51.2
638,70.4,-507.73333333333335,-36.266666666666666
639,93.86666666666666,-537.6,-23.466666666666665
640,98.13333333333333,-563.2,0.0
641,104.53333333333333,-593.0666666666666,4.266666666666667
642,115.2,-629.3333333333334,34.13333333333333
643,115.2,-650.6666666666666,36.266666666666666
644,125.86666666666666,-676.2666666666667,55.46666666666667
645,117.33333333333333,-676.2666666666667,55.46666666666667
646,134.4,-689.0666666666666,46.93333333333333
647,113.06666666666666,-714.6666666666666,61.86666666666667
648,121.6,-691.2,42.666666666666664
649,119.46666666666667,-674.1333333333333,34.13333333333333
650,125.86666666666666,-676.2666666666667,12.8
651,125.86666666666666,-657.0666666666666,6.4
652,123.73333333333333,-646.4,-8.533333333333333
653,119.46666666666667,-631.4666666666667,-21.333333333333332
654,119.46666666666667,-612.2666666666667,-27.733333333333334
655,102.4,-597.3333333333334,-29.866666666666667
656,100.26666666666667,-582.4,-46.93333333333333
657,89.6,-567.4666666666667,-34.13333333333333
658,81.06666666666666,-554.6666666666666,-44.8
659,72.53333333333333,-550.4,-40.53333333333333
660,83.2,-535.4666666666667,-23.466666666666665
661,61.86666666666667,-537.6,-38.4
662,53.333333333333336,-539.7333333333333,-42.666666666666664
663,38.4,-526.9333333333333,-36.266666666666666
664,36.266666666666666,-531.2,-36.266666666666666
665,38.4,-518.4,-36.266666666666666
666,29.866666666666667,-533.3333333333334,-36.266666666666666
667,36.266666666666666,-541.8666666666667,-42.666666666666664
668,32.0,-529.0666666666666,-36.266666666666666
669,4.266666666666667,-546.1333333333333,-61.86666666666667
670,21.333333333333332,-526.9333333333333,-46.93333333333333
671,17.066666666666666,-541.8666666666667,-64.0
672,29.866666666666667,-533.3333333333334,-72.53333333333333
673,32.0,-533.3333333333334,-72.53333333333333
674,36.266666666666666,-544.0,-81.06666666666666
675,19.2,-552.5333333333333,-98.13333333333333
676,53.333333333333336,-541.8666666666667,-78.93333333333334
677,49.06666666666666,-544.0,-74.66666666666667
678,61.86666666666667,-537.6,-72.53333333333333
679,61.86666666666667,-537.6,-78.93333333333334
680,72.53333333333333,-546.1333333333333,-61.86666666666667
681,91.73333333333333,-548.2666666666667,-55.46666666666667
682,83.2,-561.0666666666666,-51.2
683,91.73333333333333,-556.8,-44.8
684,89.6,-548.2666666666667,-36.266666666666666
685,123.73333333333333,-563.2,-29.866666666666667
686,117.33333333333333,-569.6,-32.0
687,110.93333333333334,-578.1333333333333,-12.8
688,115.2,-578.1333333333333,-10.666666666666666
689,115.2,-599.4666666666667,6.4
690,145.06666666666666,-608.0,-4.266666666666667
691,128.0,-622.9333333333333,-14.933333333333334
692,125.86666666666666,-635.7333333333333,-10.666666666666666
693,130.13333333333333,-633.6,-19.2
694,153.6,-625.0666666666666,-6.4
695,115.2,-631.4666666666667,-12.8
696,83.2,-608.0,-10.666666666666666
697,119.46666666666667,-627.2,-23.466666666666665
698,113.06666666666666,-618.6666666666666,-21.333333333333332
699,89.6,-601.6,-27.733333333333334
700,81.06666666666666,-588.8,-32.0
701,87.46666666666667,-578.1333333333333,-23.466666666666665
702,89.6,-571.7333333333333,-27.733333333333334
703,89.6,-561.0666666666666,-27.733333333333334
704,76.8,-556.8,-23.466666666666665
705,51.2,-573.8666666666667,-55.46666666666667
706,72.53333333333333,-539.7333333333333,-19.2
707,57.6,-537.6,-36.266666666666666
708,57.6,-539.7333333333333,-49.06666666666666
709,44.8,-514.1333333333333,-46.93333333333333
710,59.733333333333334,-535.4666666666667,-66.13333333333333
711,72.53333333333333,-529.0666666666666,-74.66666666666667
712,53.333333333333336,-529.0666666666666,-76.8
713,51.2,-526.9333333333333,-76.8
714,40.53333333333333,-539.7333333333333,-89.6
715,57.6,-539.7333333333333,-87.46666666666667
716,36.266666666666666,-526.9333333333333,-91.73333333333333
717,49.06666666666666,-541.8666666666667,-89.6
718,57.6,-546.1333333333333,-91.73333333333333
719,55.46666666666667,-550.4,-74.66666666666667
720,93.86666666666666,-554.6666666666666,-53.333333333333336
721,27.733333333333334,-552.5333333333333,-57.6
722,34.13333333333333,-529.0666666666666,-53.333333333333336
723,83.2,-588.8,-59.733333333333334
724,83.2,-588.8,-61.86666666666667
725,91.73333333333333,-588.8,-59.733333333333334
726,85.33333333333333,-584.5333333333333,-57.6
727,78.93333333333334,-576.0,-57.6
728,96.0,-588.8,-55.46666666666667
729,100.26666666666667,-576.0,-64.0
730,100.26666666666667,-567.4666666666667,-57.6
731,83.2,-558.9333333333333,-44.8
732,72.53333333333333,-541.8666666666667,-40.53333333333333
733,113.06666666666666,-563.2,-32.0
734,110.93333333333334,-561.0666666666666,-27.733333333333334
735,108.8,-552.5333333333333,-27.733333333333334
736,108.8,-552.5333333333333,-23.466666666666665
737,100.26666666666667,-550.4,-34.13333333333333
738,102.4,-537.6,-29.866666666666667
739,96.0,-548.2666666666667,-36.266666666666666
740,87.46666666666667,-544.0,-59.733333333333334
741,93.86666666666666,-537.6,-49.06666666666666
742,110.93333333333334,-546.1333333333333,-57.6
743,110.93333333333334,-544.0,-64.0
744,104.53333333333333,-546.1333333333333,-61.86666666666667
745,102.4,-546.1333333333333,-59.733333333333334
746,98.13333333333333,-554.6666666666666,-68.26666666666667
747,108.8,-550.4,-53.333333333333336
748,125.86666666666666,-550.4,-42.666666666666664
749,96.0,-554.6666666666666,-51.2
750,91.73333333333333,-561.0666666666666,-46.93333333333333
751,104.53333333333333,-558.9333333333333,-53.333333333333336
752,102.4,-563.2,-44.8
753,96.0,-567.4666666666667,-40.53333333333333
754,96.0,-558.9333333333333,-40.53333333333333
755,102.4,-563.2,-36.266666666666666
756,104.53333333333333,-565.3333333333334,-34.13333333333333
757,100.26666666666667,-565.3333333333334,-38.4
758,98.13333333333333,-552.5333333333333,-34.13333333333333
759,100.26666666666667,-554.6666666666666,-42.666666666666664
760,96.0,-558.9333333333333,-23.466666666666665
761,96.0,-554.6666666666666,-25.6
762,89.6,-548.2666666666667,-27.733333333333334
763,89.6,-552.5333333333333,-25.6
764,87.46666666666667,-552.5333333333333,-32.0
765,87.46666666666667,-552.5333333333333,-21.333333333333332
766,89.6,-552.5333333333333,-25.6
767,93.86666666666666,-552.5333333333333,-32.0
768,85.33333333333333,-546.1333333333333,-42.666666666666664
769,83.2,-548.2666666666667,-29.866666666666667
770,85.33333333333333,-548.2666666666667,-38.4
771,81.06666666666666,-548.2666666666667,-27.733333333333334
772,81.06666666666666,-548.2666666666667,-36.266666666666666
773,83.2,-550.4,-23.466666666666665
774,76.8,-550.4,-29.866666666666667
775,108.8,-546.1333333333333,-29.866666666666667
776,85.33333333333333,-546.1333333333333,-25.6
777,87.46666666666667,-541.8666666666667,-29.866666666666667
778,93.86666666666666,-544.0,-32.0
779,96.0,-537.6,-36.266666666666666
780,98.13333333333333,-544.0,-42.666666666666664
781,100.26666666666667,-539.7333333333333,-42.666666666666664
782,102.4,-539.7333333333333,-38.4
783,100.26666666666667,-544.0,-38.4
784,102.4,-539.7333333333333,-46.93333333333333
785,93.86666666666666,-544.0,-27.733333333333334
786,104.53333333333333,-541.8666666666667,-27.733333333333334
787,104.53333333333333,-541.8666666666667,-32.0
788,108.8,-541.8666666666667,-36.266666666666666
789,106.66666666666667,-544.0,-36.266666666666666
790,106.66666666666667,-539.7333333333333,-32.0
791,100.26666666666667,-539.7333333333333,-29.866666666666667
792,100.26666666666667,-531.2,-40.53333333333333
793,100.26666666666667,-541.8666666666667,-38.4
794,104.53333333333333,-535.4666666666667,-36.266666666666666
795,102.4,-535.4666666666667,-40.53333333333333
796,102.4,-537.6,-42.666666666666664
797,98.13333333333333,-533.3333333333334,-42.666666666666664
798,100.26666666666667,-531.2,-42.666666666666664
799,98.13333333333333,-537.6,-40.53333333333333
800,96.0,-529.0666666666666,-44.8
801,91.73333333333333,-531.2,-44.8
802,98.13333333333333,-531.2,-40.53333333333333
803,102.4,-535.4666666666667,-42.666666666666664
804,93.86666666666666,-524.8,-38.4
805,91.73333333333333,-531.2,-40.53333333333333
806,89.6,-533.3333333333334,-49.06666666666666
807,89.6,-533.3333333333334,-38.4
808,85.33333333333333,-533.3333333333334,-42.666666666666664
809,81.06666666666666,-535.4666666666667,-40.53333333333333
810,83.2,-526.9333333333333,-36.266666666666666
811,83.2,-529.0666666666666,-40.53333333333333
812,89.6,-533.3333333333334,-29.866666666666667
813,87.46666666666667,-533.3333333333334,-36.266666666666666
814,87.46666666666667,-533.3333333333334,-38.4
815,81.06666666666666,-518.4,-40.53333333333333
816,76.8,-518.4,-36.266666666666666
817,78.93333333333334,-520.5333333333333,-40.53333333333333
818,72.53333333333333,-524.8,-29.866666666666667
819,83.2,-518.4,-40.53333333333333
820,78.93333333333334,-522.6666666666666,-40.53333333333333
821,81.06666666666666,-514.1333333333333,-44.8
822,76.8,-514.1333333333333,-42.666666666666664
823,76.8,-512.0,-40.53333333333333
824,83.2,-516.2666666666667,-42.666666666666664
825,76.8,-514.1333333333333,-44.8
826,87.46666666666667,-518.4,-38.4
827,76.8,-514.1333333333333,-40.53333333333333
828,78.93333333333334,-524.8,-38.4
829,83.2,-520.5333333333333,-32.0
830,76.8,-512.0,-34.13333333333333
831,76.8,-514.1333333333333,-46.93333333333333
832,76.8,-518.4,-38.4
833,76.8,-520.5333333333333,-25.6
834,76.8,-516.2666666666667,-32.0
835,81.06666666666666,-529.0666666666666,-23.466666666666665
836,81.06666666666666,-524.8,-29.866666666666667
837,83.2,-526.9333333333333,-23.466666666666665
838,85.33333333333333,-526.9333333333333,-19.2
839,78.93333333333334,-533.3333333333334,-25.6
840,78.93333333333334,-520.5333333333333,6.4
841,78.93333333333334,-531.2,-36.266666666666666
842,81.06666666666666,-524.8,-32.0
843,78.93333333333334,-526.9333333333333,-38.4
844,78.93333333333334,-524.8,-27.733333333333334
845,91.73333333333333,-529.0666666666666,-27.733333333333334
846,78.93333333333334,-524.8,-38.4
847,76.8,-520.5333333333333,-25.6
848,87.46666666666667,-524.8,-34.13333333333333
849,83.2,-526.9333333333333,-32.0
850,81.06666666666666,-520.5333333333333,-27.733333333333334
851,85.33333333333333,-520.5333333333333,-27.733333333333334
852,78.93333333333334,-516.2666666666667,-23.466666666666665
853,83.2,-522.6666666666666,-27.733333333333334
854,81.06666666666666,-520.5333333333333,-29.866666666666667
855,85.33333333333333,-520.5333333333333,-21.333333333333332
856,83.2,-516.2666666666667,-17.066666666666666
857,72.53333333333333,-518.4,-27.733333333333334
858,83.2,-522.6666666666666,-23.466666666666665
859,83.2,-524.8,-21.333333333333332
860,85.33333333333333,-522.6666666666666,-23.466666666666665
861,78.93333333333334,-514.1333333333333,-8.533333333333333
862,78.93333333333334,-529.0666666666666,-27.733333333333334
863,76.8,-526.9333333333333,-21.333333333333332
864,83.2,-524.8,-27.733333333333334
865,78.93333333333334,-529.0666666666666,-32.0
866,76.8,-524.8,-23.466666666666665
867,70.4,-531.2,-25.6
868,76.8,-529.0666666666666,-38.4
869,70.4,-533.3333333333334,-23.466666666666665
870,74.66666666666667,-531.2,-19.2
871,70.4,-533.3333333333334,-27.733333333333334
872,72.53333333333333,-535.4666666666667,-21.333333333333332
873,64.0,-535.4666666666667,-27.733333333333334
874,70.4,-533.3333333333334,-25.6
875,72.53333333333333,-535.4666666666667,-25.6
876,74.66666666666667,-531.2,-27.733333333333334
877,76.8,-535.4666666666667,-34.13333333333333
878,74.66666666666667,-535.4666666666667,-21.333333333333332
879,72.53333333333333,-537.6,-29.866666666666667
880,72.53333333333333,-537.6,-25.6
881,70.4,-531.2,-25.6
882,72.53333333333333,-541.8666666666667,-19.2
883,61.86666666666667,-571.7333333333333,-12.8
884,66.13333333333333,-535.4666666666667,-23.466666666666665
885,70.4,-531.2,-25.6
886,70.4,-535.4666666666667,-23.466666666666665
887,74.66666666666667,-537.6,-32.0
888,72.53333333333333,-537.6,-23.466666666666665
889,70.4,-539.7333333333333,-21.333333333333332
890,68.26666666666667,-544.0,-23.466666666666665
891,66.13333333333333,-537.6,-25.6
892,70.4,-539.7333333333333,-19.2
893,72.53333333333333,-546.1333333333333,-32.0
894,72.53333333333333,-541.8666666666667,-25.6
895,70.4,-544.0,-27.733333333333334
896,72.53333333333333,-544.0,-29.866666666666667
897,64.0,-544.0,-27.733333333333334
898,66.13333333333333,-541.8666666666667,-38.4
899,72.53333333333333,-546.1333333333333,-38.4
900,61.86666666666667,-544.0,-32.0
901,68.26666666666667,-544.0,-38.4
902,68.26666666666667,-541.8666666666667,-32.0
903,64.0,-546.1333333333333,-40.53333333333333
904,64.0,-548.2666666666667,-27.733333333333334
905,74.66666666666667,-544.0,-36.266666666666666
906,61.86666666666667,-541.8666666666667,-40.53333333333333
907,66.13333333333333,-548.2666666666667,-34.13333333333333
908,68.26666666666667,-541.8666666666667,-40.53333333333333
909,68.26666666666667,-544.0,-46.93333333333333
910,64.0,-535.4666666666667,-44.8
911,70.4,-535.4666666666667,-44.8
912,70.4,-541.8666666666667,-40.53333333333333
913,76.8,-541.8666666666667,-44.8
914,74.66666666666667,-539.7333333333333,-40.53333333333333
915,74.66666666666667,-544.0,-38.4
916,74.66666666666667,-537.6,-42.666666666666664
917,74.66666666666667,-537.6,-44.8
918,76.8,-535.4666666666667,-36.266666666666666
919,78.93333333333334,-537.6,-36.266666666666666
920,78.93333333333334,-531.2,-40.53333333333333
921,81.06666666666666,-533.3333333333334,-44.8
922,81.06666666666666,-537.6,-38.4
923,74.66666666666667,-533.3333333333334,-34.13333333333333
924,74.66666666666667,-537.6,-38.4
925,85.33333333333333,-539.7333333333333,-36.266666666666666
926,91.73333333333333,-514.1333333333333,-74.66666666666667
927,76.8,-529.0666666666666,-51.2
928,81.06666666666666,-533.3333333333334,-44.8
929,78.93333333333334,-529.0666666666666,-46.93333333333333
930,78.93333333333334,-537.6,-53.333333333333336
931,85.33333333333333,-541.8666666666667,-44.8
932,76.8,-537.6,-51.2
933,78.93333333333334,-537.6,-42.666666666666664
934,83.2,-537.6,-46.93333333333333
935,76.8,-537.6,-53.333333333333336
936,72.53333333333333,-535.4666666666667,-53.333333333333336
937,83.2,-531.2,-51.2
938,78.93333333333334,-539.7333333333333,-66.13333333333333
939,74.66666666666667,-533.3333333333334,-61.86666666666667
940,76.8,-531.2,-53.333333333333336
941,72.53333333333333,-531.2,-49.06666666666666
942,74.66666666666667,-533.3333333333334,-53.333333333333336
943,76.8,-535.4666666666667,-55.46666666666667
944,72.53333333333333,-535.4666666666667,-55.46666666666667
945,78.93333333333334,-533.3333333333334,-55.46666666666667
946,83.2,-535.4666666666667,-61.86666666666667
947,76.8,-529.0666666666666,-49.06666666666666
948,61.86666666666667,-541.8666666666667,-44.8
949,83.2,-533.3333333333334,-57.6
950,72.53333333333333,-524.8,-61.86666666666667
951,76.8,-531.2,-49.06666666666666
952,72.53333333333333,-524.8,-57.6
953,78.93333333333334,-522.6666666666666,-57.6
954,78.93333333333334,-522.6666666666666,-51.2
955,78.93333333333334,-524.8,-49.06666666666666
956,74.66666666666667,-526.9333333333333,-55.46666666666667
957,85.33333333333333,-531.2,-51.2
958,78.93333333333334,-524.8,-55.46666666666667
959,83.2,-535.4666666666667,-53.333333333333336
960,78.93333333333334,-524.8,-55.46666666666667
961,85.33333333333333,-531.2,-53.333333333333336
962,83.2,-531.2,-55.46666666666667
963,78.93333333333334,-524.8,-49.06666666666666
964,83.2,-531.2,-51.2
965,78.93333333333334,-526.9333333333333,-53.333333333333336
966,78.93333333333334,-524.8,-46.93333333333333
967,78.93333333333334,-529.0666666666666,-57.6
968,81.06666666666666,-522.6666666666666,-53.333333333333336
969,76.8,-524.8,-55.46666666666667
970,89.6,-509.8666666666667,-17.066666666666666
971,72.53333333333333,-524.8,-64.0
972,76.8,-524.8,-64.0
973,81.06666666666666,-529.0666666666666,-57.6
974,76.8,-539.7333333333333,-57.6
975,76.8,-533.3333333333334,-55.46666666666667
976,70.4,-529.0666666666666,-64.0
977,70.4,-533.3333333333334,-57.6
978,70.4,-533.3333333333334,-59.733333333333334
979,72.53333333333333,-533.3333333333334,-59.733333333333334
980,78.93333333333334,-537.6,-59.733333333333334
981,74.66666666666667,-531.2,-59.733333333333334
982,74.66666666666667,-535.4666666666667,-61.86666666666667
983,70.4,-533.3333333333334,-51.2
984,74.66666666666667,-537.6,-51.2
985,68.26666666666667,-535.4666666666667,-59.733333333333334
986,76.8,-529.0666666666666,-53.333333333333336
987,72.53333333333333,-526.9333333333333,-49.06666666666666
988,76.8,-531.2,-53.333333333333336
989,72.53333333333333,-529.0666666666666,-57.6
990,76.8,-526.9333333333333,-61.86666666666667
991,89.6,-516.2666666666667,-57.6
992,76.8,-533.3333333333334,-51.2
993,78.93333333333334,-531.2,-51.2
994,76.8,-529.0666666666666,-55.46666666666667
995,78.93333333333334,-533.3333333333334,-59.733333333333334
996,81.06666666666666,-531.2,-59.733333333333334
997,76.8,-531.2,-49.06666666666666
998,78.93333333333334,-529.0666666666666,-49.06666666666666
999,76.8,-539.7333333333333,-59.733333333333334
1000,76.8,-531.2,-55.46666666666667
1001,87.46666666666667,-539.7333333333333,-53.333333333333336
1002,81.06666666666666,-533.3333333333334,-55.46666666666667
1003,85.33333333333333,-535.4666666666667,-59.733333333333334
1004,78.93333333333334,-537.6,-51.2
1005,81.06666666666666,-533.3333333333334,-49.06666666666666
1006,81.06666666666666,-535.4666666666667,-46.93333333333333
1007,81.06666666666666,-537.6,-51.2
1008,83.2,-544.0,-55.46666666666667
1009,76.8,-529.0666666666666,-53.333333333333336
1010,81.06666666666666,-539.7333333333333,-46.93333333333333
1011,81.06666666666666,-529.0666666666666,-55.46666666666667
1012,83.2,-541.8666666666667,-51.2
1013,85.33333333333333,-541.8666666666667,-57.6
1014,81.06666666666666,-537.6,-44.8
1015,83.2,-544.0,-51.2
1016,78.93333333333334,-541.8666666666667,-49.06666666666666
1017,81.06666666666666,-539.7333333333333,-51.2
1018,76.8,-544.0,-49.06666666666666
1019,74.66666666666667,-541.8666666666667,-55.46666666666667
1020,72.53333333333333,-539.7333333333333,-44.8
1021,74.66666666666667,-537.6,-44.8
1022,74.66666666666667,-541.8666666666667,-49.06666666666666
1023,81.06666666666666,-541.8666666666667,-51.2
1024,74.66666666666667,-539.7333333333333,-49.06666666666666
1025,81.06666666666666,-541.8666666666667,-55.46666666666667
1026,78.93333333333334,-541.8666666666667,-51.2
1027,76.8,-541.8666666666667,-49.06666666666666
1028,74.66666666666667,-539.7333333333333,-51.2
1029,72.53333333333333,-537.6,-46.93333333333333
1030,83.2,-544.0,-53.333333333333336
1031,78.93333333333334,-537.6,-44.8
1032,78.93333333333334,-541.8666666666667,-53.333333333333336
1033,83.2,-539.7333333333333,-38.4
1034,74.66666666666667,-539.7333333333333,-46.93333333333333
1035,83.2,-514.1333333333333,-51.2
1036,70.4,-531.2,-53.333333333333336
1037,83.2,-544.0,-59.733333333333334
1038,78.93333333333334,-541.8666666666667,-46.93333333333333
1039,81.06666666666666,-541.8666666666667,-46.93333333333333
1040,78.93333333333334,-541.8666666666667,-51.2
1041,76.8,-533.3333333333334,-49.06666666666666
1042,83.2,-539.7333333333333,-49.06666666666666
1043,81.06666666666666,-537.6,-46.93333333333333
1044,76.8,-535.4666666666667,-57.6
1045,78.93333333333334,-535.4666666666667,-53.333333333333336
1046,78.93333333333334,-533.3333333333334,-57.6
1047,83.2,-537.6,-40.53333333333333
1048,78.93333333333334,-533.3333333333334,-49.06666666666666
1049,76.8,-535.4666666666667,-53.333333333333336
1050,74.66666666666667,-531.2,-59.733333333333334
1051,74.66666666666667,-535.4666666666667,-55.46666666666667
1052,81.06666666666666,-539.7333333333333,-42.666666666666664
1053,78.93333333333334,-531.2,-57.6
1054,74.66666666666667,-533.3333333333334,-53.333333333333336
1055,81.06666666666666,-535.4666666666667,-53.333333333333336
1056,78.93333333333334,-531.2,-66.13333333333333
1057,74.66666666666667,-531.2,-49.06666666666666
1058,83.2,-537.6,-51.2
1059,78.93333333333334,-529.0666666666666,-53.333333333333336
1060,78.93333333333334,-537.6,-49.06666666666666
1061,78.93333333333334,-533.3333333333334,-55.46666666666667
1062,83.2,-533.3333333333334,-46.93333333333333
1063,78.93333333333334,-529.0666666666666,-51.2
1064,83.2,-533.3333333333334,-55.46666666666667
1065,81.06666666666666,-535.4666666666667,-55.46666666666667
1066,83.2,-535.4666666666667,-46.93333333333333
1067,85.33333333333333,-539.7333333333333,-59.733333333333334
1068,83.2,-537.6,-51.2
1069,83.2,-533.3333333333334,-55.46666666666667
1070,85.33333333333333,-529.0666666666666,-49.06666666666666
1071,81.06666666666666,-537.6,-46.93333333333333
1072,81.06666666666666,-531.2,-46.93333333333333
1073,81.06666666666666,-535.4666666666667,-49.06666666666666
1074,85.33333333333333,-537.6,-46.93333333333333
1075,83.2,-537.6,-51.2
1076,78.93333333333334,-531.2,-57.6
1077,81.06666666666666,-529.0666666666666,-46.93333333333333
1078,91.73333333333333,-533.3333333333334,-51.2
1079,89.6,-535.4666666666667,-53.333333333333336
1080,83.2,-535.4666666666667,-46.93333333333333
1081,85.33333333333333,-535.4666666666667,-55.46666666666667
1082,83.2,-531.2,-49.06666666666666
1083,87.46666666666667,-533.3333333333334,-44.8
1084,85.33333333333333,-537.6,-42.666666666666664
1085,81.06666666666666,-533.3333333333334,-44.8
1086,85.33333333333333,-535.4666666666667,-42.666666666666664
1087,83.2,-531.2,-46.93333333333333
1088,85.33333333333333,-535.4666666666667,-44.8
1089,96.0,-537.6,-42.666666666666664
1090,89.6,-537.6,-44.8
1091,89.6,-535.4666666666667,-36.266666666666666
1092,89.6,-533.3333333333334,-51.2
1093,91.73333333333333,-531.2,-44.8
1094,89.6,-533.3333333333334,-46.93333333333333
1095,91.73333333333333,-526.9333333333333,-40.53333333333333
1096,87.46666666666667,-529.0666666666666,-46.93333333333333
1097,87.46666666666667,-526.9333333333333,-49.06666666666666
1098,93.86666666666666,-526.9333333333333,-46.93333333333333
1099,96.0,-526.9333333333333,-42.666666666666664
1100,104.53333333333333,-518.4,-61.86666666666667
1101,91.73333333333333,-529.0666666666666,-49.06666666666666
1102,91.73333333333333,-522.6666666666666,-49.06666666666666
1103,96.0,-524.8,-49.06666666666666
1104,91.73333333333333,-520.5333333333333,-53.333333333333336
1105,93.86666666666666,-524.8,-51.2
1106,98.13333333333333,-529.0666666666666,-49.06666666666666
1107,91.73333333333333,-531.2,-42.666666666666664
1108,96.0,-529.0666666666666,-44.8
1109,89.6,-531.2,-57.6
1110,91.73333333333333,-533.3333333333334,-51.2
1111,96.0,-531.2,-49.06666666666666
1112,96.0,-537.6,-49.06666666666666
1113,93.86666666666666,-537.6,-51.2
1114,91.73333333333333,-537.6,-46.93333333333333
1115,87.46666666666667,-539.7333333333333,-51.2
1116,91.73333333333333,-539.7333333333333,-51.2
1117,85.33333333333333,-537.6,-44.8
1118,91.73333333333333,-537.6,-42.666666666666664
1119,89.6,-539.7333333333333,-64.0
1120,81.06666666666666,-531.2,-57.6
1121,91.73333333333333,-526.9333333333333,-42.666666666666664
1122,89.6,-535.4666666666667,-51.2
1123,78.93333333333334,-533.3333333333334,-53.333333333333336
1124,81.06666666666666,-537.6,-42.666666666666664
1125,83.2,-537.6,-44.8
1126,76.8,-535.4666666666667,-36.266666666666666
1127,83.2,-535.4666666666667,-44.8
1128,74.66666666666667,-531.2,-49.06666666666666
1129,76.8,-535.4666666666667,-38.4
1130,78.93333333333334,-544.0,-38.4
1131,81.06666666666666,-539.7333333333333,-38.4
1132,87.46666666666667,-537.6,-40.53333333333333
1133,78.93333333333334,-531.2,-46.93333333333333
1134,81.06666666666666,-531.2,-44.8
1135,81.06666666666666,-535.4666666666667,-44.8
1136,83.2,-533.3333333333334,-44.8
1137,83.2,-535.4666666666667,-51.2
1138,85.33333333333333,-533.3333333333334,-51.2
1139,93.86666666666666,-539.7333333333333,-46.93333333333333
1140,87.46666666666667,-533.3333333333334,-46.93333333333333
1141,87.46666666666667,-537.6,-51.2
1142,91.73333333333333,-531.2,-51.2
1143,83.2,-529.0666666666666,-44.8
1144,85.33333333333333,-529.0666666666666,-46.93333333333333
1145,89.6,-531.2,-46.93333333333333
1146,89.6,-526.9333333333333,-51.2
1147,89.6,-529.0666666666666,-49.06666666666666
1148,93.86666666666666,-531.2,-44.8
1149,91.73333333333333,-526.9333333333333,-44.8
1150,89.6,-526.9333333333333,-44.8
1151,89.6,-531.2,-38.4
1152,91.73333333333333,-533.3333333333334,-38.4
1153,85.33333333333333,-522.6666666666666,-38.4
1154,93.86666666666666,-531.2,-36.266666666666666
1155,93.86666666666666,-526.9333333333333,-49.06666666666666
1156,91.73333333333333,-535.4666666666667,-36.266666666666666
1157,87.46666666666667,-537.6,-42.666666666666664
1158,85.33333333333333,-537.6,-34.13333333333333
1159,85.33333333333333,-539.7333333333333,-38.4
1160,91.73333333333333,-537.6,-38.4
1161,87.46666666666667,-541.8666666666667,-40.53333333333333
1162,89.6,-535.4666666666667,-32.0
1163,87.46666666666667,-533.3333333333334,-36.266666666666666
1164,91.73333333333333,-535.4666666666667,-21.333333333333332
1165,78.93333333333334,-526.9333333333333,-42.666666666666664
1166,87.46666666666667,-531.2,-38.4
1167,91.73333333333333,-531.2,-36.266666666666666
1168,89.6,-537.6,-29.866666666666667
1169,87.46666666666667,-533.3333333333334,-29.866666666666667
1170,89.6,-533.3333333333334,-38.4
1171,91.73333333333333,-537.6,-29.866666666666667
1172,89.6,-533.3333333333334,-27.733333333333334
1173,91.73333333333333,-529.0666666666666,-21.333333333333332
1174,91.73333333333333,-533.3333333333334,-29.866666666666667
1175,85.33333333333333,-535.4666666666667,-27.733333333333334
1176,81.06666666666666,-531.2,-36.266666666666666
1177,85.33333333333333,-533.3333333333334,-38.4
1178,89.6,-539.7333333333333,-34.13333333333333
1179,85.33333333333333,-531.2,-40.53333333333333
1180,85.33333333333333,-535.4666666666667,-44.8
1181,85.33333333333333,-535.4666666666667,-40.53333333333333
1182,81.06666666666666,-524.8,-38.4
1183,89.6,-535.4666666666667,-42.666666666666664
1184,87.46666666666667,-539.7333333333333,-42.666666666666664
1185,83.2,-531.2,-38.4
1186,87.46666666666667,-533.3333333333334,-46.93333333333333
1187,83.2,-548.2666666666667,-57.6
1188,87.46666666666667,-535.4666666666667,-42.666666666666664
1189,85.33333333333333,-529.0666666666666,-42.666666666666664
1190,93.86666666666666,-533.3333333333334,-42.666666666666664
1191,85.33333333333333,-524.8,-36.266666666666666
1192,93.86666666666666,-531.2,-42.666666666666664
1193,87.46666666666667,-535.4666666666667,-46.93333333333333
1194,85.33333333333333,-526.9333333333333,-38.4
1195,87.46666666666667,-533.3333333333334,-46.93333333333333
1196,91.73333333333333,-539.7333333333333,-36.266666666666666
1197,87.46666666666667,-535.4666666666667,-38.4
1198,89.6,-526.9333333333333,-42.666666666666664
1199,83.2,-531.2,-46.93333333333333
1200,91.73333333333333,-535.4666666666667,-46.93333333333333
1201,83.2,-531.2,-44.8
1202,89.6,-537.6,-44.8
1203,89.6,-535.4666666666667,-38.4
1204,85.33333333333333,-537.6,-36.266666666666666
1205,87.46666666666667,-537.6,-42.666666666666664
1206,87.46666666666667,-533.3333333333334,-46.93333333333333
1207,85.33333333333333,-535.4666666666667,-44.8
1208,66.13333333333333,-550.4,-14.933333333333334
1209,89.6,-539.7333333333333,-44.8
1210,81.06666666666666,-539.7333333333333,-44.8
1211,85.33333333333333,-535.4666666666667,-44.8
1212,87.46666666666667,-539.7333333333333,-44.8
1213,83.2,-535.4666666666667,-44.8
1214,83.2,-537.6,-44.8
1215,85.33333333333333,-531.2,-49.06666666666666
1216,87.46666666666667,-531.2,-38.4
1217,83.2,-526.9333333333333,-53.333333333333336
1218,78.93333333333334,-533.3333333333334,-42.666666666666664
1219,83.2,-531.2,-46.93333333333333
1220,76.8,-531.2,-44.8
1221,85.33333333333333,-533.3333333333334,-44.8
1222,85.33333333333333,-533.3333333333334,-42.666666666666664
1223,85.33333333333333,-531.2,-49.06666666666666
1224,83.2,-526.9333333333333,-46.93333333333333
1225,96.0,-537.6,-38.4
1226,81.06666666666666,-529.0666666666666,-42.666666666666664
1227,78.93333333333334,-529.0666666666666,-42.666666666666664
1228,85.33333333333333,-535.4666666666667,-46.93333333333333
1229,85.33333333333333,-535.4666666666667,-29.866666666666667
1230,85.33333333333333,-533.3333333333334,-40.53333333333333
1231,83.2,-526.9333333333333,-38.4
1232,91.73333333333333,-539.7333333333333,-49.06666666666666
1233,85.33333333333333,-533.3333333333334,-51.2
1234,83.2,-529.0666666666666,-36.266666666666666
1235,85.33333333333333,-531.2,-42.666666666666664
1236,89.6,-539.7333333333333,-44.8
1237,83.2,-535.4666666666667,-42.666666666666664
1238,87.46666666666667,-533.3333333333334,-46.93333333333333
1239,87.46666666666667,-531.2,-42.666666666666664
1240,96.0,-535.4666666666667,-44.8
1241,85.33333333333333,-537.6,-46.93333333333333
1242,91.73333333333333,-529.0666666666666,-46.93333333333333
1243,87.46666666666667,-531.2,-40.53333333333333
1244,89.6,-533.3333333333334,-46.93333333333333
1245,89.6,-539.7333333333333,-51.2
1246,83.2,-535.4666666666667,-40.53333333333333
1247,89.6,-533.3333333333334,-44.8
1248,87.46666666666667,-522.6666666666666,-40.53333333333333
1249,93.86666666666666,-526.9333333333333,-46.93333333333333
1250,78.93333333333334,-524.8,-53.333333333333336
1251,83.2,-529.0666666666666,-49.06666666666666
1252,96.0,-531.2,-34.13333333333333
1253,89.6,-526.9333333333333,-57.6
1254,89.6,-524.8,-46.93333333333333
1255,87.46666666666667,-526.9333333333333,-49.06666666666666
1256,83.2,-529.0666666666666,-44.8
1257,83.2,-526.9333333333333,-44.8
1258,85.33333333333333,-522.6666666666666,-42.666666666666664
1259,87.46666666666667,-531.2,-51.2
1260,83.2,-522.6666666666666,-42.666666666666664
1261,87.46666666666667,-529.0666666666666,-36.266666666666666
1262,87.46666666666667,-533.3333333333334,-38.4
1263,89.6,-529.0666666666666,-36.266666666666666
1264,89.6,-529.0666666666666,-42.666666666666664
1265,89.6,-533.3333333333334,-34.13333333333333
1266,87.46666666666667,-526.9333333333333,-38.4
1267,85.33333333333333,-533.3333333333334,-44.8
1268,87.46666666666667,-531.2,-42.666666666666664
1269,91.73333333333333,-533.3333333333334,-38.4
1270,87.46666666666667,-533.3333333333334,-42.666666666666664
1271,89.6,-535.4666666666667,-53.333333333333336
1272,87.46666666666667,-541.8666666666667,-46.93333333333333
1273,89.6,-537.6,-40.53333333333333
1274,87.46666666666667,-537.6,-27.733333333333334
1275,89.6,-539.7333333333333,-49.06666666666666
1276,91.73333333333333,-533.3333333333334,-49.06666666666666
1277,87.46666666666667,-539.7333333333333,-51.2
1278,91.73333333333333,-539.7333333333333,-44.8
1279,81.06666666666666,-529.0666666666666,-51.2
1280,83.2,-531.2,-40.53333333333333
1281,83.2,-535.4666666666667,-38.4
1282,87.46666666666667,-531.2,-46.93333333333333
1283,87.46666666666667,-524.8,-40.53333333333333
1284,83.2,-520.5333333333333,-38.4
1285,83.2,-520.5333333333333,-44.8
1286,87.46666666666667,-526.9333333333333,-42.666666666666664
1287,89.6,-524.8,-40.53333333333333
1288,85.33333333333333,-520.5333333333333,-32.0
1289,87.46666666666667,-524.8,-42.666666666666664
1290,89.6,-522.6666666666666,-38.4
1291,81.06666666666666,-529.0666666666666,-53.333333333333336
1292,85.33333333333333,-529.0666666666666,-44.8
1293,93.86666666666666,-531.2,-44.8
1294,83.2,-533.3333333333334,-42.666666666666664
1295,85.33333333333333,-529.0666666666666,-42.666666666666664
1296,89.6,-531.2,-46.93333333333333
1297,91.73333333333333,-533.3333333333334,-46.93333333333333
1298,87.46666666666667,-535.4666666666667,-55.46666666666667
1299,89.6,-531.2,-53.333333333333336
1300,87.46666666666667,-533.3333333333334,-46.93333333333333
1301,87.46666666666667,-533.3333333333334,-44.8
1302,93.86666666666666,-537.6,-40.53333333333333
1303,93.86666666666666,-533.3333333333334,-49.06666666666666
1304,93.86666666666666,-539.7333333333333,-42.666666666666664
1305,91.73333333333333,-541.8666666666667,-46.93333333333333
1306,89.6,-539.7333333333333,-32.0
1307,93.86666666666666,-537.6,-29.866666666666667
1308,91.73333333333333,-533.3333333333334,-25.6
1309,91.73333333333333,-526.9333333333333,-36.266666666666666
1310,91.73333333333333,-539.7333333333333,-34.13333333333333
1311,96.0,-535.4666666666667,-38.4
1312,89.6,-531.2,-38.4
1313,93.86666666666666,-526.9333333333333,-40.53333333333333
1314,85.33333333333333,-526.9333333333333,-42.666666666666664
1315,87.46666666666667,-531.2,-46.93333333333333
1316,93.86666666666666,-526.9333333333333,-49.06666666666666
1317,104.53333333333333,-524.8,-29.866666666666667
1318,91.73333333333333,-529.0666666666666,-44.8
1319,96.0,-531.2,-46.93333333333333
1320,96.0,-529.0666666666666,-51.2
1321,93.86666666666666,-531.2,-53.333333333333336
1322,91.73333333333333,-524.8,-49.06666666666666
1323,102.4,-526.9333333333333,-51.2
1324,100.26666666666667,-533.3333333333334,-46.93333333333333
1325,100.26666666666667,-524.8,-51.2
1326,100.26666666666667,-537.6,-53.333333333333336
1327,100.26666666666667,-529.0666666666666,-51.2
1328,93.86666666666666,-529.0666666666666,-46.93333333333333
1329,93.86666666666666,-522.6666666666666,-46.93333333333333
1330,93.86666666666666,-529.0666666666666,-46.93333333333333
1331,96.0,-531.2,-42.666666666666664
1332,91.73333333333333,-533.3333333333334,-36.266666666666666
1333,93.86666666666666,-533.3333333333334,-36.266666666666666
1334,93.86666666666666,-529.0666666666666,-38.4
1335,85.33333333333333,-533.3333333333334,-38.4
1336,89.6,-533.3333333333334,-36.266666666666666
1337,93.86666666666666,-529.0666666666666,-46.93333333333333
1338,83.2,-529.0666666666666,-36.266666666666666
1339,87.46666666666667,-533.3333333333334,-57.6
1340,87.46666666666667,-537.6,-46.93333333333333
1341,83.2,-537.6,-51.2
1342,87.46666666666667,-535.4666666666667,-51.2
1343,85.33333333333333,-531.2,-51.2
1344,87.46666666666667,-531.2,-53.333333333333336
1345,81.06666666666666,-529.0666666666666,-53.333333333333336
1346,83.2,-535.4666666666667,-55.46666666666667
1347,85.33333333333333,-529.0666666666666,-55.46666666666667
1348,91.73333333333333,-537.6,-53.333333333333336
1349,89.6,-529.0666666666666,-51.2
1350,83.2,-531.2,-53.333333333333336
1351,87.46666666666667,-533.3333333333334,-55.46666666666667
1352,83.2,-531.2,-53.333333333333336
1353,85.33333333333333,-533.3333333333334,-49.06666666666666
1354,93.86666666666666,-529.0666666666666,-49.06666666666666
1355,89.6,-533.3333333333334,-49.06666666666666
1356,96.0,-529.0666666666666,-55.46666666666667
1357,93.86666666666666,-533.3333333333334,-49.06666666666666
1358,91.73333333333333,-531.2,-57.6
1359,91.73333333333333,-535.4666666666667,-57.6
1360,93.86666666666666,-535.4666666666667,-55.46666666666667
1361,85.33333333333333,-533.3333333333334,-44.8
1362,93.86666666666666,-539.7333333333333,-51.2
1363,91.73333333333333,-533.3333333333334,-51.2
1364,89.6,-535.4666666666667,-64.0
1365,93.86666666666666,-537.6,-55.46666666666667
1366,91.73333333333333,-531.2,-51.2
1367,91.73333333333333,-531.2,-53.333333333333336
1368,89.6,-526.9333333333333,-55.46666666666667
1369,93.86666666666666,-531.2,-46.93333333333333
1370,98.13333333333333,-531.2,-51.2
1371,81.06666666666666,-529.0666666666666,-46.93333333333333
1372,85.33333333333333,-529.0666666666666,-49.06666666666666
1373,87.46666666666667,-531.2,-49.06666666666666
1374,83.2,-526.9333333333333,-53.333333333333336
1375,89.6,-529.0666666666666,-61.86666666666667
1376,87.46666666666667,-529.0666666666666,-59.733333333333334
1377,83.2,-531.2,-64.0
1378,91.73333333333333,-533.3333333333334,-64.0
1379,87.46666666666667,-533.3333333333334,-57.6
1380,83.2,-526.9333333333333,-59.733333333333334
1381,83.2,-531.2,-61.86666666666667
1382,83.2,-522.6666666666666,-61.86666666666667
1383,96.0,-518.4,-61.86666666666667
1384,87.46666666666667,-529.0666666666666,-64.0
1385,89.6,-533.3333333333334,-53.333333333333336
1386,85.33333333333333,-522.6666666666666,-55.46666666666667
1387,85.33333333333333,-533.3333333333334,-55.46666666666667
1388,87.46666666666667,-531.2,-49.06666666666666
1389,89.6,-537.6,-57.6
1390,83.2,-535.4666666666667,-57.6
1391,85.33333333333333,-539.7333333333333,-57.6
1392,85.33333333333333,-537.6,-59.733333333333334
1393,87.46666666666667,-541.8666666666667,-68.26666666666667
1394,87.46666666666667,-541.8666666666667,-61.86666666666667
1395,87.46666666666667,-541.8666666666667,-57.6
1396,93.86666666666666,-535.4666666666667,-64.0
1397,83.2,-537.6,-66.13333333333333
1398,87.46666666666667,-535.4666666666667,-61.86666666666667
1399,87.46666666666667,-537.6,-66.13333333333333
1400,87.46666666666667,-541.8666666666667,-61.86666666666667
1401,93.86666666666666,-539.7333333333333,-61.86666666666667
1402,87.46666666666667,-533.3333333333334,-66.13333333333333
1403,91.73333333333333,-533.3333333333334,-64.0
1404,91.73333333333333,-554.6666666666666,-49.06666666666666
1405,91.73333333333333,-526.9333333333333,-66.13333333333333
1406,91.73333333333333,-531.2,-61.86666666666667
1407,91.73333333333333,-535.4666666666667,-64.0
1408,89.6,-531.2,-57.6
1409,87.46666666666667,-526.9333333333333,-53.333333333333336
1410,96.0,-537.6,-55.46666666666667
1411,89.6,-526.9333333333333,-59.733333333333334
1412,96.0,-533.3333333333334,-61.86666666666667
1413,89.6,-533.3333333333334,-59.733333333333334
1414,87.46666666666667,-526.9333333333333,-64.0
1415,89.6,-531.2,-59.733333333333334
1416,96.0,-531.2,-57.6
1417,85.33333333333333,-531.2,-68.26666666666667
1418,89.6,-539.7333333333333,-66.13333333333333
1419,96.0,-535.4666666666667,-66.13333333333333
1420,85.33333333333333,-533.3333333333334,-68.26666666666667
1421,89.6,-539.7333333333333,-57.6
1422,89.6,-533.3333333333334,-66.13333333333333
1423,89.6,-537.6,-61.86666666666667
1424,89.6,-541.8666666666667,-64.0
1425,85.33333333333333,-539.7333333333333,-64.0
1426,66.13333333333333,-544.0,-76.8
1427,89.6,-544.0,-61.86666666666667
1428,87.46666666666667,-544.0,-59.733333333333334
1429,83.2,-537.6,-55.46666666666667
1430,81.06666666666666,-531.2,-57.6
1431,89.6,-535.4666666666667,-53.333333333333336
1432,87.46666666666667,-533.3333333333334,-61.86666666666667
1433,83.2,-539.7333333333333,-57.6
1434,91.73333333333333,-533.3333333333334,-61.86666666666667
1435,85.33333333333333,-531.2,-57.6
1436,89.6,-533.3333333333334,-57.6
1437,87.46666666666667,-535.4666666666667,-61.86666666666667
1438,87.46666666666667,-531.2,-66.13333333333333
1439,87.46666666666667,-535.4666666666667,-64.0
1440,89.6,-535.4666666666667,-66.13333333333333
1441,89.6,-541.8666666666667,-61.86666666666667
1442,87.46666666666667,-539.7333333333333,-64.0
1443,93.86666666666666,-537.6,-66.13333333333333
1444,89.6,-544.0,-66.13333333333333
1445,89.6,-537.6,-64.0
1446,93.86666666666666,-531.2,-59.733333333333334
1447,72.53333333333333,-552.5333333333333,-46.93333333333333
1448,91.73333333333333,-541.8666666666667,-61.86666666666667
1449,89.6,-539.7333333333333,-59.733333333333334
1450,93.86666666666666,-539.7333333333333,-61.86666666666667
1451,93.86666666666666,-541.8666666666667,-70.4
1452,91.73333333333333,-535.4666666666667,-70.4
1453,91.73333333333333,-539.7333333333333,-64.0
1454,93.86666666666666,-539.7333333333333,-61.86666666666667
1455,87.46666666666667,-533.3333333333334,-66.13333333333333
1456,85.33333333333333,-529.0666666666666,-66.13333333333333
1457,89.6,-537.6,-57.6
1458,78.93333333333334,-529.0666666666666,-70.4
1459,91.73333333333333,-533.3333333333334,-66.13333333333333
1460,87.46666666666667,-535.4666666666667,-64.0
1461,87.46666666666667,-537.6,-66.13333333333333
1462,76.8,-535.4666666666667,-64.0
1463,87.46666666666667,-537.6,-64.0
1464,85.33333333333333,-537.6,-68.26666666666667
1465,89.6,-539.7333333333333,-64.0
1466,83.2,-539.7333333333333,-59.733333333333334
1467,83.2,-531.2,-72.53333333333333
1468,85.33333333333333,-531.2,-64.0
1469,89.6,-533.3333333333334,-74.66666666666667
1470,93.86666666666666,-537.6,-64.0
1471,81.06666666666666,-533.3333333333334,-64.0
1472,87.46666666666667,-539.7333333333333,-66.13333333333333
1473,87.46666666666667,-535.4666666666667,-70.4
1474,87.46666666666667,-531.2,-68.26666666666667
1475,81.06666666666666,-537.6,-70.4
1476,93.86666666666666,-529.0666666666666,-70.4
1477,91.73333333333333,-537.6,-68.26666666666667
1478,93.86666666666666,-535.4666666666667,-68.26666666666667
1479,93.86666666666666,-535.4666666666667,-70.4
1480,89.6,-535.4666666666667,-70.4
1481,98.13333333333333,-531.2,-66.13333333333333
1482,91.73333333333333,-529.0666666666666,-70.4
1483,89.6,-533.3333333333334,-64.0
1484,91.73333333333333,-535.4666666666667,-61.86666666666667
1485,91.73333333333333,-531.2,-68.26666666666667
1486,85.33333333333333,-524.8,-68.26666666666667
1487,85.33333333333333,-522.6666666666666,-72.53333333333333
1488,87.46666666666667,-526.9333333333333,-72.53333333333333
1489,89.6,-531.2,-68.26666666666667
1490,89.6,-529.0666666666666,-70.4
1491,74.66666666666667,-535.4666666666667,-72.53333333333333
1492,87.46666666666667,-524.8,-64.0
1493,91.73333333333333,-533.3333333333334,-74.66666666666667
1494,85.33333333333333,-535.4666666666667,-66.13333333333333
1495,87.46666666666667,-531.2,-74.66666666666667
1496,87.46666666666667,-524.8,-74.66666666666667
1497,89.6,-531.2,-66.13333333333333
1498,91.73333333333333,-531.2,-81.06666666666666
1499,89.6,-529.0666666666666,-74.66666666666667
1500,91.73333333333333,-529.0666666666666,-68.26666666666667
1501,93.86666666666666,-524.8,-70.4
1502,91.73333333333333,-533.3333333333334,-70.4
1503,89.6,-533.3333333333334,-68.26666666666667
1504,91.73333333333333,-529.0666666666666,-70.4
1505,89.6,-526.9333333333333,-64.0
1506,91.73333333333333,-537.6,-66.13333333333333
1507,96.0,-531.2,-78.93333333333334
1508,93.86666666666666,-529.0666666666666,-64.0
1509,91.73333333333333,-531.2,-68.26666666666667
1510,89.6,-531.2,-64.0
1511,91.73333333333333,-529.0666666666666,-76.8
1512,91.73333333333333,-533.3333333333334,-70.4
1513,89.6,-524.8,-57.6
1514,89.6,-537.6,-66.13333333333333
1515,89.6,-533.3333333333334,-68.26666666666667
1516,89.6,-526.9333333333333,-66.13333333333333
1517,91.73333333333333,-539.7333333333333,-70.4
1518,85.33333333333333,-535.4666666666667,-68.26666666666667
1519,91.73333333333333,-533.3333333333334,-70.4
1520,87.46666666666667,-531.2,-64.0
1521,87.46666666666667,-531.2,-66.13333333333333
1522,85.33333333333333,-529.0666666666666,-61.86666666666667
1523,93.86666666666666,-533.3333333333334,-57.6
1524,83.2,-535.4666666666667,-66.13333333333333
1525,83.2,-535.4666666666667,-68.26666666666667
1526,78.93333333333334,-535.4666666666667,-66.13333333333333
1527,81.06666666666666,-535.4666666666667,-68.26666666666667
1528,78.93333333333334,-535.4666666666667,-64.0
1529,83.2,-537.6,-64.0
1530,83.2,-541.8666666666667,-68.26666666666667
1531,85.33333333333333,-535.4666666666667,-72.53333333333333
1532,91.73333333333333,-535.4666666666667,-59.733333333333334
1533,87.46666666666667,-541.8666666666667,-57.6
1534,91.73333333333333,-533.3333333333334,-68.26666666666667
1535,81.06666666666666,-535.4666666666667,-59.733333333333334
1536,89.6,-535.4666666666667,-57.6
1537,87.46666666666667,-533.3333333333334,-64.0
1538,93.86666666666666,-535.4666666666667,-68.26666666666667
1539,89.6,-529.0666666666666,-55.46666666666667
1540,91.73333333333333,-529.0666666666666,-55.46666666666667
1541,89.6,-533.3333333333334,-55.46666666666667
1542,89.6,-533.3333333333334,-61.86666666666667
1543,91.73333333333333,-531.2,-66.13333333333333
1544,89.6,-533.3333333333334,-59.733333333333334
1545,89.6,-533.3333333333334,-53.333333333333336
1546,85.33333333333333,-533.3333333333334,-55.46666666666667
1547,89.6,-533.3333333333334,-59.733333333333334
1548,91.73333333333333,-533.3333333333334,-55.46666666666667
1549,91.73333333333333,-533.3333333333334,-53.333333333333336
1550,96.0,-533.3333333333334,-49.06666666666666
1551,87.46666666666667,-529.0666666666666,-59.733333333333334
1552,93.86666666666666,-531.2,-59.733333333333334
1553,87.46666666666667,-531.2,-57.6
1554,87.46666666666667,-529.0666666666666,-61.86666666666667
1555,93.86666666666666,-537.6,-57.6
1556,74.66666666666667,-535.4666666666667,-40.53333333333333
1557,91.73333333333333,-539.7333333333333,-55.46666666666667
1558,91.73333333333333,-535.4666666666667,-57.6
1559,93.86666666666666,-539.7333333333333,-57.6
1560,85.33333333333333,-533.3333333333334,-55.46666666666667
1561,89.6,-533.3333333333334,-49.06666666666666
1562,89.6,-535.4666666666667,-57.6
1563,85.33333333333333,-531.2,-49.06666666666666
1564,78.93333333333334,-526.9333333333333,-53.333333333333336
1565,85.33333333333333,-529.0666666666666,-61.86666666666667
1566,91.73333333333333,-531.2,-64.0
1567,89.6,-535.4666666666667,-61.86666666666667
1568,83.2,-524.8,-59.733333333333334
1569,83.2,-531.2,-55.46666666666667
1570,83.2,-531.2,-53.333333333333336
1571,85.33333333333333,-531.2,-59.733333333333334
1572,85.33333333333333,-531.2,-57.6
1573,87.46666666666667,-526.9333333333333,-53.333333333333336
1574,87.46666666666667,-537.6,-57.6
1575,85.33333333333333,-531.2,-55.46666666666667
1576,81.06666666666666,-537.6,-49.06666666666666
1577,89.6,-535.4666666666667,-59.733333333333334
1578,89.6,-531.2,-72.53333333333333
1579,87.46666666666667,-524.8,-59.733333333333334
1580,85.33333333333333,-529.0666666666666,-46.93333333333333
1581,89.6,-535.4666666666667,-59.733333333333334
1582,83.2,-533.3333333333334,-53.333333333333336
1583,89.6,-535.4666666666667,-55.46666666666667
1584,85.33333333333333,-524.8,-64.0
1585,91.73333333333333,-533.3333333333334,-59.733333333333334
1586,89.6,-535.4666666666667,-57.6
1587,87.46666666666667,-535.4666666666667,-55.46666666666667
1588,85.33333333333333,-529.0666666666666,-49.06666666666666
1589,91.73333333333333,-526.9333333333333,-51.2
1590,87.46666666666667,-535.4666666666667,-46.93333333333333
1591,91.73333333333333,-526.9333333333333,-55.46666666666667
1592,89.6,-533.3333333333334,-44.8
1593,89.6,-531.2,-49.06666666666666
1594,85.33333333333333,-535.4666666666667,-53.333333333333336
1595,85.33333333333333,-531.2,-53.333333333333336
1596,87.46666666666667,-529.0666666666666,-53.333333333333336
1597,89.6,-533.3333333333334,-46.93333333333333
1598,89.6,-537.6,-53.333333333333336
1599,87.46666666666667,-535.4666666666667,-46.93333333333333
1600,98.13333333333333,-537.6,-34.13333333333333
1601,83.2,-526.9333333333333,-57.6
1602,83.2,-531.2,-44.8
1603,89.6,-533.3333333333334,-53.333333333333336
1604,91.73333333333333,-533.3333333333334,-53.333333333333336
1605,85.33333333333333,-533.3333333333334,-53.333333333333336
1606,91.73333333333333,-537.6,-53.333333333333336
1607,83.2,-537.6,-55.46666666666667
1608,89.6,-535.4666666666667,-44.8
1609,81.06666666666666,-533.3333333333334,-55.46666666666667
1610,91.73333333333333,-535.4666666666667,-40.53333333333333
1611,83.2,-539.7333333333333,-51.2
1612,83.2,-533.3333333333334,-51.2
1613,89.6,-537.6,-51.2
1614,91.73333333333333,-537.6,-59.733333333333334
1615,89.6,-533.3333333333334,-51.2
1616,87.46666666666667,-533.3333333333334,-46.93333333333333
1617,85.33333333333333,-535.4666666666667,-40.53333333333333
1618,85.33333333333333,-535.4666666666667,-53.333333333333336
1619,87.46666666666667,-535.4666666666667,-49.06666666666666
1620,87.46666666666667,-526.9333333333333,-51.2
1621,83.2,-535.4666666666667,-44.8
1622,96.0,-520.5333333333333,-61.86666666666667
1623,89.6,-535.4666666666667,-51.2
1624,85.33333333333333,-531.2,-46.93333333333333
1625,78.93333333333334,-526.9333333333333,-44.8
1626,93.86666666666666,-537.6,-46.93333333333333
1627,83.2,-531.2,-55.46666666666667
1628,89.6,-531.2,-51.2
1629,87.46666666666667,-531.2,-53.333333333333336
1630,85.33333333333333,-529.0666666666666,-53.333333333333336
1631,91.73333333333333,-535.4666666666667,-46.93333333333333
1632,89.6,-531.2,-46.93333333333333
1633,87.46666666666667,-537.6,-46.93333333333333
1634,87.46666666666667,-533.3333333333334,-49.06666666666666
1635,89.6,-537.6,-51.2
1636,96.0,-535.4666666666667,-40.53333333333333
1637,93.86666666666666,-539.7333333333333,-46.93333333333333
1638,89.6,-533.3333333333334,-46.93333333333333
1639,91.73333333333333,-533.3333333333334,-42.666666666666664
1640,85.33333333333333,-533.3333333333334,-49.06666666666666
1641,85.33333333333333,-535.4666666666667,-42.666666666666664
1642,85.33333333333333,-529.0666666666666,-51.2
1643,72.53333333333333,-535.4666666666667,-51.2
1644,87.46666666666667,-531.2,-44.8
1645,98.13333333333333,-533.3333333333334,-49.06666666666666
1646,89.6,-535.4666666666667,-53.333333333333336
1647,96.0,-539.7333333333333,-46.93333333333333
1648,91.73333333333333,-537.6,-46.93333333333333
1649,87.46666666666667,-531.2,-51.2
1650,85.33333333333333,-529.0666666666666,-53.333333333333336
1651,89.6,-526.9333333333333,-51.2
1652,87.46666666666667,-533.3333333333334,-44.8
1653,85.33333333333333,-526.9333333333333,-53.333333333333336
1654,96.0,-526.9333333333333,-46.93333333333333
1655,87.46666666666667,-529.0666666666666,-49.06666666666666
1656,91.73333333333333,-524.8,-53.333333333333336
1657,89.6,-529.0666666666666,-40.53333333333333
1658,89.6,-529.0666666666666,-44.8
1659,87.46666666666667,-526.9333333333333,-49.06666666666666
1660,85.33333333333333,-531.2,-49.06666666666666
1661,93.86666666666666,-526.9333333333333,-44.8
1662,93.86666666666666,-531.2,-46.93333333333333
1663,87.46666666666667,-531.2,-51.2
1664,85.33333333333333,-522.6666666666666,-46.93333333333333
1665,89.6,-533.3333333333334,-32.0
1666,85.33333333333333,-529.0666666666666,-44.8
1667,87.46666666666667,-533.3333333333334,-55.46666666666667
1668,93.86666666666666,-526.9333333333333,-55.46666666666667
1669,89.6,-533.3333333333334,-46.93333333333333
1670,91.73333333333333,-533.3333333333334,-46.93333333333333
1671,87.46666666666667,-522.6666666666666,-40.53333333333333
1672,87.46666666666667,-531.2,-46.93333333333333
1673,89.6,-526.9333333333333,-38.4
1674,96.0,-524.8,-40.53333333333333
1675,91.73333333333333,-526.9333333333333,-42.666666666666664
1676,87.46666666666667,-524.8,-51.2
1677,91.73333333333333,-529.0666666666666,-40.53333333333333
1678,91.73333333333333,-529.0666666666666,-42.666666666666664
1679,85.33333333333333,-526.9333333333333,-46.93333333333333
1680,89.6,-526.9333333333333,-44.8
1681,91.73333333333333,-533.3333333333334,-36.266666666666666
1682,89.6,-522.6666666666666,-36.266666666666666
1683,91.73333333333333,-526.9333333333333,-36.266666666666666
1684,96.0,-533.3333333333334,-29.866666666666667
1685,87.46666666666667,-533.3333333333334,-38.4
1686,87.46666666666667,-529.0666666666666,-49.06666666666666
1687,83.2,-550.4,-49.06666666666666
1688,93.86666666666666,-537.6,-51.2
1689,89.6,-539.7333333333333,-42.666666666666664
1690,91.73333333333333,-537.6,-57.6
1691,87.46666666666667,-537.6,-55.46666666666667
1692,89.6,-544.0,-53.333333333333336
1693,89.6,-539.7333333333333,-57.6
1694,87.46666666666667,-541.8666666666667,-46.93333333333333
1695,85.33333333333333,-531.2,-53.333333333333336
1696,89.6,-539.7333333333333,-44.8
1697,87.46666666666667,-537.6,-40.53333333333333
1698,85.33333333333333,-537.6,-42.666666666666664
1699,93.86666666666666,-537.6,-38.4
1700,98.13333333333333,-529.0666666666666,-36.266666666666666
1701,89.6,-531.2,-34.13333333333333
1702,89.6,-531.2,-36.266666666666666
1703,89.6,-531.2,-34.13333333333333
1704,91.73333333333333,-531.2,-36.266666666666666
1705,96.0,-529.0666666666666,-38.4
1706,93.86666666666666,-526.9333333333333,-42.666666666666664
1707,100.26666666666667,-535.4666666666667,-44.8
1708,83.2,-546.1333333333333,-29.866666666666667
1709,91.73333333333333,-535.4666666666667,-44.8
1710,98.13333333333333,-537.6,-44.8
1711,87.46666666666667,-533.3333333333334,-38.4
1712,87.46666666666667,-537.6,-51.2
1713,87.46666666666667,-533.3333333333334,-51.2
1714,89.6,-537.6,-55.46666666666667
1715,96.0,-537.6,-51.2
1716,85.33333333333333,-537.6,-57.6
1717,89.6,-539.7333333333333,-46.93333333333333
1718,87.46666666666667,-535.4666666666667,-53.333333333333336
1719,93.86666666666666,-522.6666666666666,-40.53333333333333
1720,91.73333333333333,-539.7333333333333,-59.733333333333334
1721,87.46666666666667,-531.2,-51.2
1722,87.46666666666667,-533.3333333333334,-51.2
1723,93.86666666666666,-533.3333333333334,-57.6
1724,91.73333333333333,-533.3333333333334,-49.06666666666666
1725,91.73333333333333,-537.6,-46.93333333333333
1726,100.26666666666667,-535.4666666666667,-59.733333333333334
1727,91.73333333333333,-535.4666666666667,-51.2
1728,96.0,-533.3333333333334,-40.53333333333333
1729,98.13333333333333,-537.6,-53.333333333333336
1730,96.0,-533.3333333333334,-44.8
1731,98.13333333333333,-529.0666666666666,-66.13333333333333
1732,96.0,-529.0666666666666,-53.333333333333336
1733,91.73333333333333,-537.6,-44.8
1734,96.0,-531.2,-44.8
1735,100.26666666666667,-533.3333333333334,-32.0
1736,98.13333333333333,-533.3333333333334,-53.333333333333336
1737,110.93333333333334,-505.59999999999997,-64.0
1738,93.86666666666666,-512.0,-55.46666666666667
1739,98.13333333333333,-544.0,-40.53333333333333
1740,85.33333333333333,-535.4666666666667,-53.333333333333336
1741,100.26666666666667,-539.7333333333333,-44.8
1742,87.46666666666667,-531.2,-51.2
1743,89.6,-531.2,-53.333333333333336
1744,87.46666666666667,-526.9333333333333,-61.86666666666667
1745,89.6,-535.4666666666667,-68.26666666666667
1746,64.0,-524.8,-72.53333333333333
1747,78.93333333333334,-541.8666666666667,-89.6
1748,74.66666666666667,-565.3333333333334,-27.733333333333334
1749,121.6,-518.4,-19.2
1750,72.53333333333333,-524.8,-29.866666666666667
1751,106.66666666666667,-541.8666666666667,-38.4
1752,76.8,-541.8666666666667,-49.06666666666666
1753,85.33333333333333,-535.4666666666667,-59.733333333333334
1754,89.6,-569.6,-55.46666666666667
1755,100.26666666666667,-505.59999999999997,-46.93333333333333
1756,91.73333333333333,-531.2,-51.2
1757,91.73333333333333,-533.3333333333334,-61.86666666666667
1758,96.0,-537.6,-61.86666666666667
1759,93.86666666666666,-537.6,-57.6
1760,100.26666666666667,-537.6,-74.66666666666667
1761,93.86666666666666,-552.5333333333333,-40.53333333333333
1762,113.06666666666666,-518.4,-66.13333333333333
1763,93.86666666666666,-550.4,-78.93333333333334
1764,100.26666666666667,-518.4,-74.66666666666667
1765,89.6,-533.3333333333334,-87.46666666666667
1766,87.46666666666667,-539.7333333333333,-59.733333333333334
1767,104.53333333333333,-514.1333333333333,-70.4
1768,89.6,-533.3333333333334,-57.6
1769,72.53333333333333,-494.93333333333334,-78.93333333333334
1770,91.73333333333333,-520.5333333333333,-44.8
1771,93.86666666666666,-531.2,-59.733333333333334
1772,93.86666666666666,-529.0666666666666,-61.86666666666667
1773,93.86666666666666,-533.3333333333334,-61.86666666666667
1774,93.86666666666666,-541.8666666666667,-59.733333333333334
1775,81.06666666666666,-529.0666666666666,-59.733333333333334
1776,87.46666666666667,-535.4666666666667,-55.46666666666667
1777,85.33333333333333,-529.0666666666666,-68.26666666666667
1778,87.46666666666667,-552.5333333333333,-70.4
1779,91.73333333333333,-514.1333333333333,-70.4
1780,93.86666666666666,-531.2,-53.333333333333336
1781,93.86666666666666,-518.4,-61.86666666666667
1782,98.13333333333333,-524.8,-55.46666666666667
1783,72.53333333333333,-512.0,-53.333333333333336
1784,83.2,-526.9333333333333,-74.66666666666667
1785,91.73333333333333,-533.3333333333334,-51.2
1786,91.73333333333333,-531.2,-64.0
1787,89.6,-531.2,-64.0
1788,91.73333333333333,-529.0666666666666,-59.733333333333334
1789,89.6,-524.8,-57.6
1790,72.53333333333333,-520.5333333333333,-51.2
1791,70.4,-533.3333333333334,-93.86666666666666
1792,106.66666666666667,-522.6666666666666,-72.53333333333333
1793,104.53333333333333,-529.0666666666666,-66.13333333333333
1794,96.0,-533.3333333333334,-76.8
1795,83.2,-529.0666666666666,-53.333333333333336
1796,91.73333333333333,-531.2,-32.0
1797,98.13333333333333,-516.2666666666667,-108.8
1798,93.86666666666666,-531.2,-59.733333333333334
1799,113.06666666666666,-522.6666666666666,-108.8
1800,66.13333333333333,-541.8666666666667,-72.53333333333333
1801,98.13333333333333,-533.3333333333334,-61.86666666666667
1802,96.0,-533.3333333333334,-61.86666666666667
1803,89.6,-531.2,-68.26666666666667
1804,89.6,-531.2,-59.733333333333334
1805,78.93333333333334,-533.3333333333334,-78.93333333333334
1806,106.66666666666667,-561.0666666666666,-57.6
1807,110.93333333333334,-541.8666666666667,-87.46666666666667
1808,78.93333333333334,-535.4666666666667,-76.8
1809,93.86666666666666,-544.0,-89.6
1810,104.53333333333333,-533.3333333333334,-40.53333333333333
1811,51.2,-533.3333333333334,-27.733333333333334
1812,113.06666666666666,-550.4,-46.93333333333333
1813,78.93333333333334,-544.0,-72.53333333333333
1814,96.0,-533.3333333333334,-57.6
1815,85.33333333333333,-546.1333333333333,-87.46666666666667
1816,87.46666666666667,-535.4666666666667,-68.26666666666667
1817,89.6,-537.6,-57.6
1818,93.86666666666666,-537.6,-61.86666666666667
1819,96.0,-541.8666666666667,-51.2
1820,102.4,-544.0,-40.53333333333333
1821,87.46666666666667,-531.2,-70.4
1822,87.46666666666667,-531.2,-57.6
1823,72.53333333333333,-529.0666666666666,-66.13333333333333
1824,85.33333333333333,-531.2,-61.86666666666667
1825,87.46666666666667,-535.4666666666667,-74.66666666666667
1826,91.73333333333333,-539.7333333333333,-64.0
1827,89.6,-531.2,-59.733333333333334
1828,98.13333333333333,-537.6,-68.26666666666667
1829,102.4,-537.6,-78.93333333333334
1830,93.86666666666666,-533.3333333333334,-61.86666666666667
1831,81.06666666666666,-533.3333333333334,-66.13333333333333
1832,87.46666666666667,-535.4666666666667,-72.53333333333333
1833,93.86666666666666,-533.3333333333334,-68.26666666666667
1834,85.33333333333333,-548.2666666666667,-27.733333333333334
1835,85.33333333333333,-533.3333333333334,-74.66666666666667
1836,91.73333333333333,-533.3333333333334,-70.4
1837,93.86666666666666,-526.9333333333333,-64.0
1838,93.86666666666666,-537.6,-66.13333333333333
1839,89.6,-529.0666666666666,-68.26666666666667
1840,87.46666666666667,-535.4666666666667,-64.0
1841,85.33333333333333,-529.0666666666666,-70.4
1842,87.46666666666667,-526.9333333333333,-68.26666666666667
1843,91.73333333333333,-514.1333333333333,-68.26666666666667
1844,91.73333333333333,-531.2,-70.4
1845,96.0,-529.0666666666666,-72.53333333333333
1846,96.0,-531.2,-68.26666666666667
1847,96.0,-524.8,-70.4
1848,87.46666666666667,-531.2,-83.2
1849,89.6,-531.2,-74.66666666666667
1850,96.0,-533.3333333333334,-70.4
1851,89.6,-531.2,-64.0
1852,89.6,-535.4666666666667,-61.86666666666667
1853,89.6,-537.6,-64.0
1854,96.0,-539.7333333333333,-61.86666666666667
1855,89.6,-541.8666666666667,-59.733333333333334
1856,96.0,-539.7333333333333,-61.86666666666667
1857,96.0,-544.0,-64.0
1858,89.6,-537.6,-59.733333333333334
1859,91.73333333333333,-544.0,-61.86666666666667
1860,98.13333333333333,-541.8666666666667,-59.733333333333334
1861,106.66666666666667,-544.0,-55.46666666666667
1862,102.4,-546.1333333333333,-59.733333333333334
1863,93.86666666666666,-544.0,-51.2
1864,93.86666666666666,-546.1333333333333,-49.06666666666666
1865,87.46666666666667,-548.2666666666667,-55.46666666666667
1866,89.6,-546.1333333333333,-44.8
1867,91.73333333333333,-546.1333333333333,-40.53333333333333
1868,98.13333333333333,-546.1333333333333,-49.06666666666666
1869,93.86666666666666,-548.2666666666667,-46.93333333333333
1870,91.73333333333333,-546.1333333333333,-38.4
1871,93.86666666666666,-546.1333333333333,-46.93333333333333
1872,96.0,-552.5333333333333,-40.53333333333333
1873,100.26666666666667,-548.2666666666667,-40.53333333333333
1874,93.86666666666666,-550.4,-34.13333333333333
1875,98.13333333333333,-550.4,-36.266666666666666
1876,98.13333333333333,-552.5333333333333,-44.8
1877,93.86666666666666,-548.2666666666667,-29.866666666666667
1878,96.0,-550.4,-40.53333333333333
1879,98.13333333333333,-552.5333333333333,-34.13333333333333
1880,93.86666666666666,-552.5333333333333,-36.266666666666666
1881,104.53333333333333,-550.4,-27.733333333333334
1882,93.86666666666666,-548.2666666666667,-34.13333333333333
1883,96.0,-563.2,-40.53333333333333
1884,93.86666666666666,-554.6666666666666,-32.0
1885,93.86666666666666,-558.9333333333333,-32.0
1886,91.73333333333333,-554.6666666666666,-46.93333333333333
1887,93.86666666666666,-558.9333333333333,-38.4
1888,91.73333333333333,-563.2,-29.866666666666667
1889,98.13333333333333,-558.9333333333333,-44.8
1890,93.86666666666666,-561.0666666666666,-38.4
1891,96.0,-567.4666666666667,-38.4
1892,100.26666666666667,-563.2,-42.666666666666664
1893,100.26666666666667,-565.3333333333334,-42.666666666666664
1894,102.4,-558.9333333333333,-44.8
1895,96.0,-554.6666666666666,-44.8
1896,104.53333333333333,-561.0666666666666,-49.06666666666666
1897,102.4,-548.2666666666667,-57.6
1898,108.8,-558.9333333333333,-61.86666666666667
1899,106.66666666666667,-552.5333333333333,-59.733333333333334
1900,104.53333333333333,-548.2666666666667,-64.0
1901,108.8,-548.2666666666667,-59.733333333333334
1902,110.93333333333334,-548.2666666666667,-61.86666666666667
1903,115.2,-552.5333333333333,-57.6
1904,115.2,-550.4,-68.26666666666667
1905,110.93333333333334,-552.5333333333333,-61.86666666666667
1906,115.2,-552.5333333333333,-64.0
1907,115.2,-554.6666666666666,-57.6
1908,115.2,-550.4,-49.06666666666666
1909,110.93333333333334,-558.9333333333333,-49.06666666666666
1910,106.66666666666667,-563.2,-40.53333333333333
1911,106.66666666666667,-571.7333333333333,-51.2
1912,108.8,-571.7333333333333,-40.53333333333333
1913,104.53333333333333,-571.7333333333333,-29.866666666666667
1914,104.53333333333333,-573.8666666666667,-44.8
1915,98.13333333333333,-571.7333333333333,-34.13333333333333
1916,96.0,-578.1333333333333,-40.53333333333333
1917,93.86666666666666,-582.4,-34.13333333333333
1918,85.33333333333333,-580.2666666666667,-27.733333333333334
1919,89.6,-571.7333333333333,-32.0
1920,78.93333333333334,-573.8666666666667,-27.733333333333334
1921,89.6,-569.6,-23.466666666666665
1922,89.6,-569.6,-21.333333333333332
1923,85.33333333333333,-561.0666666666666,-19.2
1924,91.73333333333333,-561.0666666666666,-12.8
1925,98.13333333333333,-544.0,-23.466666666666665
1926,91.73333333333333,-548.2666666666667,-14.933333333333334
1927,96.0,-546.1333333333333,-10.666666666666666
1928,102.4,-546.1333333333333,-12.8
1929,100.26666666666667,-541.8666666666667,-14.933333333333334
1930,108.8,-541.8666666666667,-12.8
1931,113.06666666666666,-539.7333333333333,-4.266666666666667
1932,113.06666666666666,-533.3333333333334,-19.2
1933,110.93333333333334,-529.0666666666666,-23.466666666666665
1934,115.2,-533.3333333333334,-8.533333333333333
1935,115.2,-537.6,-21.333333333333332
1936,110.93333333333334,-537.6,-21.333333333333332
1937,113.06666666666666,-539.7333333333333,-19.2
1938,106.66666666666667,-539.7333333333333,-27.733333333333334
1939,115.2,-546.1333333333333,-23.466666666666665
1940,117.33333333333333,-548.2666666666667,-14.933333333333334
1941,106.66666666666667,-550.4,-17.066666666666666
1942,106.66666666666667,-554.6666666666666,-4.266666666666667
1943,110.93333333333334,-550.4,-21.333333333333332
1944,104.53333333333333,-550.4,-12.8
1945,102.4,-550.4,-4.266666666666667
1946,91.73333333333333,-571.7333333333333,-10.666666666666666
1947,93.86666666666666,-552.5333333333333,0.0
1948,85.33333333333333,-554.6666666666666,0.0
1949,91.73333333333333,-556.8,10.666666666666666
1950,85.33333333333333,-561.0666666666666,6.4
1951,91.73333333333333,-563.2,12.8
1952,85.33333333333333,-565.3333333333334,19.2
1953,87.46666666666667,-567.4666666666667,29.866666666666667
1954,83.2,-558.9333333333333,19.2
1955,89.6,-569.6,17.066666666666666
1956,81.06666666666666,-561.0666666666666,34.13333333333333
1957,83.2,-563.2,29.866666666666667
1958,89.6,-567.4666666666667,29.866666666666667
1959,83.2,-571.7333333333333,32.0
1960,91.73333333333333,-571.7333333333333,46.93333333333333
1961,89.6,-569.6,36.266666666666666
1962,83.2,-567.4666666666667,34.13333333333333
1963,87.46666666666667,-561.0666666666666,46.93333333333333
1964,93.86666666666666,-567.4666666666667,46.93333333333333
1965,87.46666666666667,-554.6666666666666,49.06666666666666
1966,91.73333333333333,-550.4,40.53333333333333
1967,93.86666666666666,-554.6666666666666,55.46666666666667
1968,110.93333333333334,-535.4666666666667,34.13333333333333
1969,96.0,-550.4,42.666666666666664
1970,87.46666666666667,-546.1333333333333,38.4
1971,96.0,-548.2666666666667,34.13333333333333
1972,96.0,-546.1333333333333,38.4
1973,89.6,-546.1333333333333,36.266666666666666
1974,89.6,-546.1333333333333,36.266666666666666
1975,91.73333333333333,-541.8666666666667,46.93333333333333
1976,89.6,-537.6,36.266666666666666
1977,83.2,-531.2,38.4
1978,93.86666666666666,-533.3333333333334,49.06666666666666
1979,85.33333333333333,-531.2,51.2
1980,87.46666666666667,-533.3333333333334,53.333333333333336
1981,85.33333333333333,-526.9333333333333,53.333333333333336
1982,87.46666666666667,-526.9333333333333,57.6
1983,85.33333333333333,-529.0666666666666,55.46666666666667
1984,81.06666666666666,-526.9333333333333,59.733333333333334
1985,81.06666666666666,-524.8,57.6
1986,83.2,-526.9333333333333,61.86666666666667
1987,83.2,-524.8,64.0
1988,78.93333333333334,-526.9333333333333,70.4
1989,72.53333333333333,-529.0666666666666,42.666666666666664
1990,78.93333333333334,-526.9333333333333,72.53333333333333
1991,74.66666666666667,-514.1333333333333,66.13333333333333
1992,78.93333333333334,-524.8,76.8
1993,78.93333333333334,-529.0666666666666,81.06666666666666
1994,76.8,-514.1333333333333,78.93333333333334
1995,87.46666666666667,-518.4,83.2
1996,81.06666666666666,-507.73333333333335,81.06666666666666
1997,87.46666666666667,-509.8666666666667,87.46666666666667
1998,76.8,-503.46666666666664,78.93333333333334
1999,74.66666666666667,-499.2,78.93333333333334
2000,76.8,-501.3333333333333,83.2
2001,78.93333333333334,-501.3333333333333,87.46666666666667
2002,78.93333333333334,-505.59999999999997,93.86666666666666
2003,85.33333333333333,-503.46666666666664,91.73333333333333
2004,83.2,-509.8666666666667,100.26666666666667
2005,81.06666666666666,-505.59999999999997,102.4
2006,78.93333333333334,-505.59999999999997,100.26666666666667
2007,81.06666666666666,-505.59999999999997,110.93333333333334
2008,76.8,-503.46666666666664,115.2
2009,83.2,-503.46666666666664,110.93333333333334
2010,89.6,-518.4,110.93333333333334
2011,85.33333333333333,-516.2666666666667,123.73333333333333
2012,76.8,-505.59999999999997,108.8
2013,78.93333333333334,-505.59999999999997,110.93333333333334
2014,78.93333333333334,-499.2,117.33333333333333
2015,87.46666666666667,-501.3333333333333,117.33333333333333
2016,66.13333333333333,-509.8666666666667,110.93333333333334
2017,87.46666666666667,-501.3333333333333,125.86666666666666
2018,85.33333333333333,-499.2,121.6
2019,81.06666666666666,-492.8,123.73333333333333
2020,76.8,-503.46666666666664,123.73333333333333
2021,78.93333333333334,-503.46666666666664,128.0
2022,78.93333333333334,-501.3333333333333,123.73333333333333
2023,78.93333333333334,-497.06666666666666,123.73333333333333
2024,74.66666666666667,-492.8,113.06666666666666
2025,81.06666666666666,-482.1333333333333,123.73333333333333
2026,81.06666666666666,-492.8,123.73333333333333
2027,74.66666666666667,-482.1333333333333,128.0
2028,81.06666666666666,-486.4,121.6
2029,81.06666666666666,-484.26666666666665,125.86666666666666
2030,83.2,-482.1333333333333,117.33333333333333
2031,83.2,-484.26666666666665,121.6
2032,74.66666666666667,-473.59999999999997,130.13333333333333
2033,76.8,-469.3333333333333,117.33333333333333
2034,78.93333333333334,-475.73333333333335,130.13333333333333
2035,66.13333333333333,-475.73333333333335,123.73333333333333
2036,68.26666666666667,-473.59999999999997,125.86666666666666
2037,72.53333333333333,-480.0,113.06666666666666
2038,68.26666666666667,-471.46666666666664,123.73333333333333
2039,72.53333333333333,-469.3333333333333,132.26666666666665
2040,74.66666666666667,-465.06666666666666,132.26666666666665
2041,81.06666666666666,-473.59999999999997,123.73333333333333
2042,76.8,-471.46666666666664,130.13333333333333
2043,74.66666666666667,-469.3333333333333,130.13333333333333
2044,70.4,-462.93333333333334,132.26666666666665
2045,68.26666666666667,-462.93333333333334,132.26666666666665
2046,64.0,-456.5333333333333,132.26666666666665
2047,57.6,-469.3333333333333,136.53333333333333
2048,64.0,-462.93333333333334,142.93333333333334
2049,64.0,-460.8,140.8
2050,70.4,-471.46666666666664,140.8
2051,68.26666666666667,-467.2,147.2
2052,55.46666666666667,-443.73333333333335,140.8
2053,57.6,-456.5333333333333,151.46666666666667
2054,61.86666666666667,-452.26666666666665,136.53333333333333
2055,53.333333333333336,-462.93333333333334,151.46666666666667
2056,55.46666666666667,-465.06666666666666,142.93333333333334
2057,59.733333333333334,-471.46666666666664,155.73333333333332
2058,57.6,-475.73333333333335,153.6
2059,57.6,-477.8666666666667,157.86666666666667
2060,53.333333333333336,-471.46666666666664,155.73333333333332
2061,59.733333333333334,-471.46666666666664,164.26666666666665
2062,40.53333333333333,-471.46666666666664,160.0
2063,59.733333333333334,-462.93333333333334,162.13333333333333
2064,55.46666666666667,-458.6666666666667,166.4
2065,64.0,-473.59999999999997,177.06666666666666
2066,64.0,-465.06666666666666,174.93333333333334
2067,59.733333333333334,-471.46666666666664,179.2
2068,55.46666666666667,-465.06666666666666,183.46666666666667
2069,55.46666666666667,-465.06666666666666,185.6
2070,51.2,-460.8,179.2
2071,51.2,-465.06666666666666,181.33333333333334
2072,74.66666666666667,-488.5333333333333,160.0
2073,55.46666666666667,-469.3333333333333,172.8
2074,53.333333333333336,-458.6666666666667,185.6
2075,40.53333333333333,-465.06666666666666,174.93333333333334
2076,72.53333333333333,-480.0,192.0
2077,49.06666666666666,-467.2,181.33333333333334
2078,53.333333333333336,-480.0,183.46666666666667
2079,57.6,-480.0,181.33333333333334
2080,55.46666666666667,-480.0,192.0
2081,55.46666666666667,-488.5333333333333,192.0
2082,49.06666666666666,-482.1333333333333,187.73333333333332
2083,46.93333333333333,-486.4,189.86666666666667
2084,42.666666666666664,-477.8666666666667,196.26666666666665
2085,57.6,-484.26666666666665,194.13333333333333
2086,44.8,-471.46666666666664,194.13333333333333
2087,32.0,-482.1333333333333,185.6
2088,49.06666666666666,-469.3333333333333,189.86666666666667
2089,59.733333333333334,-467.2,185.6
2090,55.46666666666667,-465.06666666666666,181.33333333333334
2091,46.93333333333333,-456.5333333333333,183.46666666666667
2092,49.06666666666666,-454.4,174.93333333333334
2093,44.8,-450.1333333333333,174.93333333333334
2094,42.666666666666664,-443.73333333333335,179.2
2095,51.2,-450.1333333333333,181.33333333333334
2096,55.46666666666667,-458.6666666666667,157.86666666666667
2097,53.333333333333336,-428.8,166.4
2098,29.866666666666667,-424.5333333333333,179.2
2099,40.53333333333333,-418.1333333333333,160.0
2100,42.666666666666664,-430.93333333333334,164.26666666666665
2101,51.2,-422.4,160.0
2102,51.2,-424.5333333333333,160.0
2103,53.333333333333336,-420.26666666666665,172.8
2104,49.06666666666666,-426.6666666666667,166.4
2105,53.333333333333336,-437.3333333333333,168.53333333333333
2106,49.06666666666666,-437.3333333333333,172.8
2107,49.06666666666666,-435.2,177.06666666666666
2108,46.93333333333333,-437.3333333333333,174.93333333333334
2109,53.333333333333336,-448.0,183.46666666666667
2110,46.93333333333333,-456.5333333333333,177.06666666666666
2111,49.06666666666666,-448.0,181.33333333333334
2112,40.53333333333333,-454.4,177.06666666666666
2113,66.13333333333333,-458.6666666666667,185.6
2114,64.0,-458.6666666666667,170.66666666666666
2115,59.733333333333334,-454.4,172.8
2116,55.46666666666667,-450.1333333333333,172.8
2117,46.93333333333333,-448.0,181.33333333333334
2118,57.6,-454.4,168.53333333333333
2119,59.733333333333334,-454.4,185.6
2120,66.13333333333333,-448.0,200.53333333333333
2121,59.733333333333334,-450.1333333333333,187.73333333333332
2122,61.86666666666667,-462.93333333333334,187.73333333333332
2123,61.86666666666667,-462.93333333333334,187.73333333333332
2124,57.6,-467.2,194.13333333333333
2125,59.733333333333334,-471.46666666666664,200.53333333333333
2126,57.6,-475.73333333333335,206.93333333333334
2127,53.333333333333336,-475.73333333333335,215.46666666666667
2128,55.46666666666667,-480.0,213.33333333333334
2129,57.6,-473.59999999999997,215.46666666666667
2130,53.333333333333336,-477.8666666666667,215.46666666666667
2131,46.93333333333333,-467.2,217.6
2132,49.06666666666666,-467.2,226.13333333333333
2133,59.733333333333334,-475.73333333333335,211.2
2134,53.333333333333336,-456.5333333333333,221.86666666666667
2135,61.86666666666667,-454.4,204.8
2136,70.4,-458.6666666666667,219.73333333333332
2137,61.86666666666667,-458.6666666666667,206.93333333333334
2138,57.6,-462.93333333333334,209.06666666666666
2139,59.733333333333334,-465.06666666666666,219.73333333333332
2140,72.53333333333333,-462.93333333333334,211.2
2141,72.53333333333333,-460.8,211.2
2142,44.8,-471.46666666666664,226.13333333333333
2143,59.733333333333334,-465.06666666666666,211.2
2144,61.86666666666667,-465.06666666666666,211.2
2145,55.46666666666667,-458.6666666666667,215.46666666666667
2146,55.46666666666667,-452.26666666666665,211.2
2147,55.46666666666667,-450.1333333333333,202.66666666666666
2148,53.333333333333336,-448.0,189.86666666666667
2149,61.86666666666667,-441.59999999999997,187.73333333333332
2150,61.86666666666667,-445.8666666666667,187.73333333333332
2151,61.86666666666667,-437.3333333333333,179.2
2152,55.46666666666667,-441.59999999999997,172.8
2153,53.333333333333336,-441.59999999999997,162.13333333333333
2154,53.333333333333336,-443.73333333333335,168.53333333333333
2155,53.333333333333336,-445.8666666666667,172.8
2156,55.46666666666667,-445.8666666666667,170.66666666666666
2157,49.06666666666666,-448.0,172.8
2158,46.93333333333333,-448.0,174.93333333333334
2159,42.666666666666664,-448.0,185.6
2160,40.53333333333333,-460.8,185.6
2161,40.53333333333333,-456.5333333333333,183.46666666666667
2162,42.666666666666664,-460.8,177.06666666666666
2163,34.13333333333333,-462.93333333333334,166.4
2164,29.866666666666667,-465.06666666666666,177.06666666666666
2165,29.866666666666667,-475.73333333333335,183.46666666666667
2166,32.0,-480.0,181.33333333333334
2167,27.733333333333334,-482.1333333333333,185.6
2168,27.733333333333334,-488.5333333333333,183.46666666666667
2169,23.466666666666665,-492.8,181.33333333333334
2170,25.6,-490.6666666666667,185.6
2171,27.733333333333334,-488.5333333333333,196.26666666666665
2172,27.733333333333334,-492.8,185.6
2173,25.6,-499.2,200.53333333333333
2174,32.0,-494.93333333333334,200.53333333333333
2175,21.333333333333332,-490.6666666666667,200.53333333333333
2176,21.333333333333332,-492.8,183.46666666666667
2177,21.333333333333332,-486.4,194.13333333333333
2178,21.333333333333332,-488.5333333333333,183.46666666666667
2179,21.333333333333332,-480.0,189.86666666666667
2180,19.2,-480.0,185.6
2181,29.866666666666667,-469.3333333333333,179.2
2182,25.6,-471.46666666666664,187.73333333333332
2183,21.333333333333332,-467.2,185.6
2184,29.866666666666667,-471.46666666666664,185.6
2185,34.13333333333333,-480.0,179.2
2186,21.333333333333332,-465.06666666666666,183.46666666666667
2187,27.733333333333334,-465.06666666666666,185.6
2188,19.2,-462.93333333333334,189.86666666666667
2189,23.466666666666665,-471.46666666666664,192.0
2190,27.733333333333334,-467.2,198.4
2191,27.733333333333334,-469.3333333333333,196.26666666666665
2192,27.733333333333334,-469.3333333333333,196.26666666666665
2193,36.266666666666666,-480.0,204.8
2194,32.0,-473.59999999999997,204.8
2195,25.6,-475.73333333333335,202.66666666666666
2196,34.13333333333333,-484.26666666666665,202.66666666666666
2197,32.0,-480.0,206.93333333333334
2198,34.13333333333333,-486.4,198.4
2199,38.4,-484.26666666666665,217.6
2200,32.0,-488.5333333333333,211.2
2201,32.0,-492.8,206.93333333333334
2202,34.13333333333333,-484.26666666666665,211.2
2203,27.733333333333334,-488.5333333333333,211.2
2204,21.333333333333332,-486.4,213.33333333333334
2205,19.2,-477.8666666666667,211.2
2206,29.866666666666667,-480.0,211.2
2207,25.6,-480.0,215.46666666666667
2208,25.6,-467.2,221.86666666666667
2209,25.6,-473.59999999999997,215.46666666666667
2210,23.466666666666665,-469.3333333333333,211.2
2211,27.733333333333334,-465.06666666666666,213.33333333333334
2212,32.0,-467.2,215.46666666666667
2213,38.4,-473.59999999999997,219.73333333333332
2214,40.53333333333333,-467.2,213.33333333333334
2215,29.866666666666667,-460.8,215.46666666666667
2216,38.4,-460.8,215.46666666666667
2217,38.4,-454.4,215.46666666666667
2218,29.866666666666667,-452.26666666666665,215.46666666666667
2219,40.53333333333333,-458.6666666666667,213.33333333333334
2220,40.53333333333333,-454.4,213.33333333333334
2221,44.8,-454.4,209.06666666666666
2222,51.2,-450.1333333333333,211.2
2223,44.8,-445.8666666666667,217.6
2224,49.06666666666666,-454.4,215.46666666666667
2225,53.333333333333336,-452.26666666666665,213.33333333333334
2226,49.06666666666666,-448.0,213.33333333333334
2227,42.666666666666664,-441.59999999999997,206.93333333333334
2228,51.2,-454.4,213.33333333333334
2229,46.93333333333333,-458.6666666666667,230.4
2230,53.333333333333336,-448.0,202.66666666666666
2231,51.2,-441.59999999999997,192.0
2232,59.733333333333334,-443.73333333333335,198.4
2233,53.333333333333336,-448.0,200.53333333333333
2234,57.6,-445.8666666666667,194.13333333333333
2235,57.6,-454.4,187.73333333333332
2236,55.46666666666667,-454.4,192.0
2237,49.06666666666666,-458.6666666666667,204.8
2238,49.06666666666666,-460.8,187.73333333333332
2239,53.333333333333336,-469.3333333333333,198.4
2240,51.2,-465.06666666666666,198.4
2241,53.333333333333336,-473.59999999999997,200.53333333333333
2242,55.46666666666667,-482.1333333333333,202.66666666666666
2243,49.06666666666666,-473.59999999999997,204.8
2244,49.06666666666666,-473.59999999999997,209.06666666666666
2245,51.2,-475.73333333333335,196.26666666666665
2246,49.06666666666666,-475.73333333333335,202.66666666666666
2247,51.2,-486.4,202.66666666666666
2248,49.06666666666666,-475.73333333333335,202.66666666666666
2249,46.93333333333333,-477.8666666666667,202.66666666666666
2250,46.93333333333333,-484.26666666666665,196.26666666666665
2251,61.86666666666667,-465.06666666666666,198.4
2252,49.06666666666666,-477.8666666666667,189.86666666666667
2253,36.266666666666666,-480.0,194.13333333333333
2254,44.8,-473.59999999999997,192.0
2255,42.666666666666664,-469.3333333333333,192.0
2256,42.666666666666664,-471.46666666666664,187.73333333333332
2257,40.53333333333333,-471.46666666666664,181.33333333333334
2258,38.4,-473.59999999999997,189.86666666666667
2259,36.266666666666666,-471.46666666666664,192.0
2260,36.266666666666666,-475.73333333333335,189.86666666666667
2261,34.13333333333333,-473.59999999999997,198.4
2262,34.13333333333333,-480.0,202.66666666666666
2263,29.866666666666667,-484.26666666666665,198.4
2264,27.733333333333334,-480.0,202.66666666666666
2265,32.0,-488.5333333333333,198.4
2266,29.866666666666667,-486.4,213.33333333333334
2267,29.866666666666667,-488.5333333333333,213.33333333333334
2268,25.6,-492.8,206.93333333333334
2269,23.466666666666665,-488.5333333333333,204.8
2270,21.333333333333332,-486.4,209.06666666666666
2271,17.066666666666666,-486.4,204.8
2272,29.866666666666667,-471.46666666666664,204.8
2273,21.333333333333332,-482.1333333333333,206.93333333333334
2274,17.066666666666666,-473.59999999999997,209.06666666666666
2275,14.933333333333334,-475.73333333333335,211.2
2276,17.066666666666666,-477.8666666666667,200.53333333333333
2277,6.4,-469.3333333333333,206.93333333333334
2278,10.666666666666666,-469.3333333333333,202.66666666666666
2279,6.4,-465.06666666666666,204.8
2280,6.4,-469.3333333333333,211.2
2281,6.4,-469.3333333333333,196.26666666666665
2282,8.533333333333333,-460.8,202.66666666666666
2283,8.533333333333333,-465.06666666666666,202.66666666666666
2284,10.666666666666666,-458.6666666666667,211.2
2285,14.933333333333334,-465.06666666666666,202.66666666666666
2286,19.2,-458.6666666666667,204.8
2287,25.6,-460.8,202.66666666666666
2288,25.6,-458.6666666666667,204.8
2289,27.733333333333334,-465.06666666666666,200.53333333333333
2290,27.733333333333334,-462.93333333333334,200.53333333333333
2291,23.466666666666665,-462.93333333333334,215.46666666666667
2292,29.866666666666667,-473.59999999999997,202.66666666666666
2293,27.733333333333334,-471.46666666666664,202.66666666666666
2294,29.866666666666667,-499.2,211.2
2295,36.266666666666666,-471.46666666666664,194.13333333333333
2296,44.8,-482.1333333333333,187.73333333333332
2297,40.53333333333333,-473.59999999999997,189.86666666666667
2298,36.266666666666666,-480.0,196.26666666666665
2299,51.2,-477.8666666666667,183.46666666666667
2300,53.333333333333336,-475.73333333333335,200.53333333333333
2301,53.333333333333336,-475.73333333333335,189.86666666666667
2302,57.6,-480.0,189.86666666666667
2303,59.733333333333334,-482.1333333333333,196.26666666666665
2304,64.0,-490.6666666666667,187.73333333333332
2305,64.0,-480.0,194.13333333333333
2306,68.26666666666667,-486.4,194.13333333333333
2307,70.4,-486.4,194.13333333333333
2308,61.86666666666667,-480.0,196.26666666666665
2309,61.86666666666667,-477.8666666666667,196.26666666666665
2310,55.46666666666667,-471.46666666666664,183.46666666666667
2311,55.46666666666667,-462.93333333333334,189.86666666666667
2312,57.6,-465.06666666666666,189.86666666666667
2313,53.333333333333336,-469.3333333333333,198.4
2314,53.333333333333336,-462.93333333333334,198.4
2315,53.333333333333336,-467.2,202.66666666666666
2316,46.93333333333333,-492.8,213.33333333333334
2317,46.93333333333333,-475.73333333333335,196.26666666666665
2318,42.666666666666664,-480.0,196.26666666666665
2319,49.06666666666666,-480.0,204.8
2320,34.13333333333333,-482.1333333333333,192.0
2321,32.0,-480.0,204.8
2322,34.13333333333333,-482.1333333333333,206.93333333333334
2323,34.13333333333333,-482.1333333333333,196.26666666666665
2324,25.6,-480.0,200.53333333333333
2325,34.13333333333333,-477.8666666666667,196.26666666666665
2326,29.866666666666667,-477.8666666666667,196.26666666666665
2327,32.0,-480.0,192.0
2328,29.866666666666667,-477.8666666666667,185.6
2329,23.466666666666665,-477.8666666666667,181.33333333333334
2330,34.13333333333333,-482.1333333333333,189.86666666666667
2331,29.866666666666667,-482.1333333333333,192.0
2332,29.866666666666667,-477.8666666666667,187.73333333333332
2333,29.866666666666667,-480.0,189.86666666666667
2334,36.266666666666666,-477.8666666666667,183.46666666666667
2335,36.266666666666666,-473.59999999999997,196.26666666666665
2336,40.53333333333333,-473.59999999999997,183.46666666666667
2337,42.666666666666664,-473.59999999999997,187.73333333333332
2338,44.8,-471.46666666666664,217.6
2339,49.06666666666666,-477.8666666666667,187.73333333333332
2340,53.333333333333336,-477.8666666666667,192.0
2341,44.8,-480.0,194.13333333333333
2342,53.333333333333336,-482.1333333333333,185.6
2343,46.93333333333333,-477.8666666666667,187.73333333333332
2344,46.93333333333333,-475.73333333333335,189.86666666666667
2345,49.06666666666666,-480.0,194.13333333333333
2346,40.53333333333333,-482.1333333333333,198.4
2347,42.666666666666664,-480.0,194.13333333333333
2348,40.53333333333333,-482.1333333333333,187.73333333333332
2349,34.13333333333333,-482.1333333333333,194.13333333333333
2350,36.266666666666666,-475.73333333333335,196.26666666666665
2351,42.666666666666664,-486.4,189.86666666666667
2352,34.13333333333333,-490.6666666666667,196.26666666666665
2353,29.866666666666667,-484.26666666666665,185.6
2354,34.13333333333333,-484.26666666666665,181.33333333333334
2355,34.13333333333333,-482.1333333333333,181.33333333333334
2356,25.6,-480.0,185.6
2357,27.733333333333334,-482.1333333333333,194.13333333333333
2358,17.066666666666666,-482.1333333333333,194.13333333333333
2359,12.8,-486.4,198.4
2360,17.066666666666666,-482.1333333333333,196.26666666666665
2361,17.066666666666666,-475.73333333333335,200.53333333333333
2362,17.066666666666666,-480.0,194.13333333333333
2363,8.533333333333333,-477.8666666666667,200.53333333333333
2364,8.533333333333333,-473.59999999999997,194.13333333333333
2365,0.0,-465.06666666666666,196.26666666666665
2366,0.0,-462.93333333333334,194.13333333333333
2367,0.0,-465.06666666666666,189.86666666666667
2368,10.666666666666666,-458.6666666666667,200.53333333333333
2369,10.666666666666666,-465.06666666666666,192.0
2370,6.4,-473.59999999999997,200.53333333333333
2371,10.666666666666666,-467.2,192.0
2372,19.2,-471.46666666666664,194.13333333333333
2373,21.333333333333332,-473.59999999999997,189.86666666666667
2374,27.733333333333334,-477.8666666666667,192.0
2375,27.733333333333334,-490.6666666666667,189.86666666666667
2376,23.466666666666665,-486.4,194.13333333333333
2377,23.466666666666665,-482.1333333333333,189.86666666666667
2378,25.6,-490.6666666666667,183.46666666666667
2379,25.6,-486.4,189.86666666666667
2380,27.733333333333334,-486.4,196.26666666666665
2381,36.266666666666666,-473.59999999999997,166.4
2382,23.466666666666665,-486.4,187.73333333333332
2383,29.866666666666667,-484.26666666666665,189.86666666666667
2384,27.733333333333334,-486.4,185.6
2385,36.266666666666666,-488.5333333333333,194.13333333333333
2386,29.866666666666667,-488.5333333333333,187.73333333333332
2387,32.0,-486.4,189.86666666666667
2388,29.866666666666667,-490.6666666666667,198.4
2389,34.13333333333333,-484.26666666666665,200.53333333333333
2390,36.266666666666666,-484.26666666666665,185.6
2391,40.53333333333333,-484.26666666666665,192.0
2392,36.266666666666666,-480.0,189.86666666666667
2393,32.0,-486.4,185.6
2394,34.13333333333333,-477.8666666666667,185.6
2395,29.866666666666667,-477.8666666666667,196.26666666666665
2396,40.53333333333333,-480.0,192.0
2397,38.4,-471.46666666666664,189.86666666666667
2398,38.4,-471.46666666666664,187.73333333333332
2399,46.93333333333333,-480.0,185.6
