,accelerometerAccelerationX(G),accelerometerAccelerationY(G),accelerometerAccelerationZ(G)
0,4.266666666666667,-529.0666666666666,34.13333333333333
1,0.0,-522.6666666666666,34.13333333333333
2,2.1333333333333333,-535.4666666666667,32.0
3,2.1333333333333333,-526.9333333333333,36.266666666666666
4,-2.1333333333333333,-529.0666666666666,27.733333333333334
5,-2.1333333333333333,-526.9333333333333,29.866666666666667
6,-4.266666666666667,-520.5333333333333,34.13333333333333
7,-2.1333333333333333,-520.5333333333333,32.0
8,2.1333333333333333,-524.8,38.4
9,-4.266666666666667,-522.6666666666666,29.866666666666667
10,2.1333333333333333,-520.5333333333333,38.4
11,-4.266666666666667,-529.0666666666666,17.066666666666666
12,-2.1333333333333333,-522.6666666666666,32.0
13,4.266666666666667,-524.8,27.733333333333334
14,-2.1333333333333333,-514.1333333333333,23.466666666666665
15,-6.4,-503.46666666666664,25.6
16,-2.1333333333333333,-524.8,27.733333333333334
17,0.0,-522.6666666666666,36.266666666666666
18,-2.1333333333333333,-526.9333333333333,29.866666666666667
19,-2.1333333333333333,-518.4,32.0
20,0.0,-526.9333333333333,36.266666666666666
21,4.266666666666667,-531.2,25.6
22,0.0,-524.8,29.866666666666667
23,2.1333333333333333,-526.9333333333333,34.13333333333333
24,-2.1333333333333333,-526.9333333333333,32.0
25,-4.266666666666667,-526.9333333333333,25.6
26,-4.266666666666667,-529.0666666666666,42.666666666666664
27,0.0,-533.3333333333334,29.866666666666667
28,-6.4,-531.2,29.866666666666667
29,-2.1333333333333333,-529.0666666666666,38.4
30,-4.266666666666667,-526.9333333333333,34.13333333333333
31,2.1333333333333333,-529.0666666666666,19.2
32,-6.4,-522.6666666666666,25.6
33,-2.1333333333333333,-526.9333333333333,36.266666666666666
34,2.1333333333333333,-522.6666666666666,21.333333333333332
35,0.0,-529.0666666666666,27.733333333333334
36,2.1333333333333333,-520.5333333333333,29.866666666666667
37,-6.4,-524.8,32.0
38,-4.266666666666667,-524.8,25.6
39,2.1333333333333333,-522.6666666666666,29.866666666666667
40,2.1333333333333333,-529.0666666666666,32.0
41,-6.4,-524.8,23.466666666666665
42,2.1333333333333333,-526.9333333333333,21.333333333333332
43,-4.266666666666667,-520.5333333333333,29.866666666666667
44,4.266666666666667,-520.5333333333333,19.2
45,2.1333333333333333,-522.6666666666666,29.866666666666667
46,0.0,-524.8,27.733333333333334
47,21.333333333333332,-518.4,27.733333333333334
48,0.0,-524.8,55.46666666666667
49,-4.266666666666667,-531.2,34.13333333333333
50,-4.266666666666667,-531.2,32.0
51,2.1333333333333333,-533.3333333333334,29.866666666666667
52,2.1333333333333333,-524.8,27.733333333333334
53,0.0,-531.2,27.733333333333334
54,2.1333333333333333,-529.0666666666666,34.13333333333333
55,2.1333333333333333,-529.0666666666666,29.866666666666667
56,-6.4,-533.3333333333334,29.866666666666667
57,-6.4,-524.8,21.333333333333332
58,10.666666666666666,-531.2,53.333333333333336
59,4.266666666666667,-533.3333333333334,21.333333333333332
60,4.266666666666667,-526.9333333333333,25.6
61,4.266666666666667,-531.2,32.0
62,6.4,-529.0666666666666,32.0
63,6.4,-529.0666666666666,32.0
64,0.0,-526.9333333333333,25.6
65,2.1333333333333333,-529.0666666666666,34.13333333333333
66,0.0,-522.6666666666666,23.466666666666665
67,4.266666666666667,-522.6666666666666,32.0
68,0.0,-529.0666666666666,21.333333333333332
69,-2.1333333333333333,-522.6666666666666,32.0
70,-6.4,-522.6666666666666,19.2
71,6.4,-526.9333333333333,21.333333333333332
72,2.1333333333333333,-526.9333333333333,32.0
73,2.1333333333333333,-524.8,27.733333333333334
74,2.1333333333333333,-522.6666666666666,38.4
75,-2.1333333333333333,-531.2,32.0
76,0.0,-529.0666666666666,27.733333333333334
77,8.533333333333333,-535.4666666666667,25.6
78,0.0,-531.2,23.466666666666665
79,-6.4,-533.3333333333334,29.866666666666667
80,8.533333333333333,-531.2,34.13333333333333
81,6.4,-533.3333333333334,32.0
82,6.4,-535.4666666666667,23.466666666666665
83,4.266666666666667,-529.0666666666666,29.866666666666667
84,2.1333333333333333,-522.6666666666666,27.733333333333334
85,0.0,-533.3333333333334,25.6
86,6.4,-531.2,23.466666666666665
87,8.533333333333333,-529.0666666666666,29.866666666666667
88,0.0,-526.9333333333333,27.733333333333334
89,2.1333333333333333,-524.8,25.6
90,10.666666666666666,-516.2666666666667,32.0
91,-2.1333333333333333,-522.6666666666666,25.6
92,0.0,-529.0666666666666,32.0
93,-4.266666666666667,-524.8,23.466666666666665
94,-6.4,-522.6666666666666,32.0
95,2.1333333333333333,-524.8,27.733333333333334
96,-8.533333333333333,-526.9333333333333,29.866666666666667
97,-2.1333333333333333,-526.9333333333333,25.6
98,-2.1333333333333333,-529.0666666666666,34.13333333333333
99,-6.4,-533.3333333333334,25.6
100,0.0,-531.2,17.066666666666666
101,2.1333333333333333,-541.8666666666667,34.13333333333333
102,4.266666666666667,-537.6,27.733333333333334
103,-4.266666666666667,-526.9333333333333,29.866666666666667
104,-2.1333333333333333,-533.3333333333334,23.466666666666665
105,-4.266666666666667,-531.2,29.866666666666667
106,0.0,-529.0666666666666,27.733333333333334
107,2.1333333333333333,-531.2,19.2
108,-6.4,-531.2,27.733333333333334
109,4.266666666666667,-531.2,23.466666666666665
110,-2.1333333333333333,-531.2,14.933333333333334
111,2.1333333333333333,-509.8666666666667,19.2
112,2.1333333333333333,-533.3333333333334,19.2
113,-4.266666666666667,-524.8,23.466666666666665
114,-4.266666666666667,-524.8,21.333333333333332
115,-4.266666666666667,-518.4,19.2
116,-6.4,-522.6666666666666,21.333333333333332
117,-6.4,-526.9333333333333,19.2
118,-6.4,-520.5333333333333,19.2
119,-4.266666666666667,-531.2,19.2
120,-4.266666666666667,-520.5333333333333,27.733333333333334
121,-6.4,-522.6666666666666,19.2
122,-2.1333333333333333,-539.7333333333333,19.2
123,-6.4,-526.9333333333333,21.333333333333332
124,-8.533333333333333,-524.8,25.6
125,-2.1333333333333333,-526.9333333333333,25.6
126,-2.1333333333333333,-529.0666666666666,27.733333333333334
127,-4.266666666666667,-526.9333333333333,14.933333333333334
128,-2.1333333333333333,-529.0666666666666,21.333333333333332
129,-4.266666666666667,-518.4,14.933333333333334
130,0.0,-518.4,21.333333333333332
131,4.266666666666667,-520.5333333333333,19.2
132,2.1333333333333333,-518.4,19.2
133,6.4,-531.2,23.466666666666665
134,4.266666666666667,-524.8,21.333333333333332
135,0.0,-518.4,17.066666666666666
136,10.666666666666666,-526.9333333333333,27.733333333333334
137,4.266666666666667,-526.9333333333333,17.066666666666666
138,4.266666666666667,-522.6666666666666,21.333333333333332
139,6.4,-529.0666666666666,21.333333333333332
140,0.0,-522.6666666666666,25.6
141,-2.1333333333333333,-522.6666666666666,21.333333333333332
142,4.266666666666667,-522.6666666666666,10.666666666666666
143,0.0,-518.4,25.6
144,2.1333333333333333,-529.0666666666666,23.466666666666665
145,4.266666666666667,-526.9333333333333,21.333333333333332
146,-2.1333333333333333,-529.0666666666666,21.333333333333332
147,-2.1333333333333333,-524.8,25.6
148,0.0,-526.9333333333333,21.333333333333332
149,0.0,-526.9333333333333,25.6
150,-2.1333333333333333,-522.6666666666666,21.333333333333332
151,-4.266666666666667,-522.6666666666666,19.2
152,-4.266666666666667,-520.5333333333333,27.733333333333334
153,-4.266666666666667,-522.6666666666666,19.2
154,12.8,-539.7333333333333,27.733333333333334
155,-2.1333333333333333,-526.9333333333333,23.466666666666665
156,-4.266666666666667,-520.5333333333333,23.466666666666665
157,2.1333333333333333,-520.5333333333333,25.6
158,-2.1333333333333333,-520.5333333333333,23.466666666666665
159,4.266666666666667,-520.5333333333333,25.6
160,0.0,-516.2666666666667,23.466666666666665
161,4.266666666666667,-529.0666666666666,23.466666666666665
162,0.0,-514.1333333333333,29.866666666666667
163,-2.1333333333333333,-514.1333333333333,34.13333333333333
164,8.533333333333333,-524.8,25.6
165,-2.1333333333333333,-526.9333333333333,17.066666666666666
166,0.0,-520.5333333333333,21.333333333333332
167,4.266666666666667,-526.9333333333333,34.13333333333333
168,2.1333333333333333,-522.6666666666666,27.733333333333334
169,4.266666666666667,-522.6666666666666,29.866666666666667
170,6.4,-529.0666666666666,40.53333333333333
171,6.4,-526.9333333333333,27.733333333333334
172,4.266666666666667,-529.0666666666666,25.6
173,2.1333333333333333,-522.6666666666666,34.13333333333333
174,8.533333333333333,-529.0666666666666,29.866666666666667
175,0.0,-535.4666666666667,29.866666666666667
176,4.266666666666667,-537.6,23.466666666666665
177,2.1333333333333333,-529.0666666666666,34.13333333333333
178,0.0,-535.4666666666667,32.0
179,0.0,-529.0666666666666,36.266666666666666
180,2.1333333333333333,-531.2,23.466666666666665
181,2.1333333333333333,-535.4666666666667,29.866666666666667
182,-2.1333333333333333,-526.9333333333333,29.866666666666667
183,6.4,-533.3333333333334,32.0
184,2.1333333333333333,-526.9333333333333,32.0
185,6.4,-533.3333333333334,25.6
186,-6.4,-520.5333333333333,27.733333333333334
187,-2.1333333333333333,-520.5333333333333,38.4
188,0.0,-520.5333333333333,32.0
189,-2.1333333333333333,-522.6666666666666,32.0
190,0.0,-524.8,38.4
191,0.0,-529.0666666666666,25.6
192,-6.4,-529.0666666666666,32.0
193,-2.1333333333333333,-531.2,36.266666666666666
194,-4.266666666666667,-535.4666666666667,34.13333333333333
195,2.1333333333333333,-531.2,27.733333333333334
196,0.0,-531.2,32.0
197,2.1333333333333333,-537.6,32.0
198,-8.533333333333333,-537.6,34.13333333333333
199,-6.4,-535.4666666666667,23.466666666666665
200,-2.1333333333333333,-539.7333333333333,34.13333333333333
201,-4.266666666666667,-535.4666666666667,32.0
202,-10.666666666666666,-524.8,21.333333333333332
203,-2.1333333333333333,-533.3333333333334,23.466666666666665
204,-6.4,-526.9333333333333,21.333333333333332
205,-4.266666666666667,-529.0666666666666,19.2
206,-4.266666666666667,-524.8,27.733333333333334
207,-8.533333333333333,-512.0,17.066666666666666
208,-2.1333333333333333,-522.6666666666666,29.866666666666667
209,-2.1333333333333333,-520.5333333333333,21.333333333333332
210,-4.266666666666667,-518.4,19.2
211,-6.4,-518.4,23.466666666666665
212,-8.533333333333333,-522.6666666666666,29.866666666666667
213,-4.266666666666667,-518.4,17.066666666666666
214,-6.4,-522.6666666666666,27.733333333333334
215,-4.266666666666667,-533.3333333333334,17.066666666666666
216,0.0,-529.0666666666666,17.066666666666666
217,-2.1333333333333333,-533.3333333333334,14.933333333333334
218,-10.666666666666666,-533.3333333333334,17.066666666666666
219,-8.533333333333333,-546.1333333333333,32.0
220,-8.533333333333333,-544.0,19.2
221,-6.4,-548.2666666666667,23.466666666666665
222,-8.533333333333333,-561.0666666666666,36.266666666666666
223,-8.533333333333333,-541.8666666666667,10.666666666666666
224,-12.8,-535.4666666666667,19.2
225,-6.4,-533.3333333333334,12.8
226,-8.533333333333333,-518.4,14.933333333333334
227,0.0,-520.5333333333333,17.066666666666666
228,-4.266666666666667,-507.73333333333335,14.933333333333334
229,-6.4,-499.2,17.066666666666666
230,-2.1333333333333333,-507.73333333333335,23.466666666666665
231,0.0,-507.73333333333335,23.466666666666665
232,14.933333333333334,-514.1333333333333,25.6
233,12.8,-514.1333333333333,32.0
234,14.933333333333334,-520.5333333333333,29.866666666666667
235,10.666666666666666,-524.8,19.2
236,6.4,-518.4,14.933333333333334
237,10.666666666666666,-524.8,17.066666666666666
238,10.666666666666666,-529.0666666666666,14.933333333333334
239,0.0,-541.8666666666667,23.466666666666665
240,-4.266666666666667,-537.6,4.266666666666667
241,-4.266666666666667,-552.5333333333333,27.733333333333334
242,-8.533333333333333,-541.8666666666667,27.733333333333334
243,-2.1333333333333333,-546.1333333333333,23.466666666666665
244,-6.4,-541.8666666666667,23.466666666666665
245,-8.533333333333333,-537.6,4.266666666666667
246,-4.266666666666667,-535.4666666666667,14.933333333333334
247,-8.533333333333333,-526.9333333333333,12.8
248,-4.266666666666667,-535.4666666666667,4.266666666666667
249,-4.266666666666667,-529.0666666666666,4.266666666666667
250,-4.266666666666667,-524.8,0.0
251,-4.266666666666667,-499.2,12.8
252,2.1333333333333333,-505.59999999999997,4.266666666666667
253,8.533333333333333,-520.5333333333333,21.333333333333332
254,6.4,-529.0666666666666,12.8
255,6.4,-524.8,19.2
256,2.1333333333333333,-526.9333333333333,25.6
257,4.266666666666667,-533.3333333333334,19.2
258,8.533333333333333,-529.0666666666666,14.933333333333334
259,2.1333333333333333,-526.9333333333333,12.8
260,-4.266666666666667,-524.8,17.066666666666666
261,0.0,-524.8,12.8
262,-2.1333333333333333,-531.2,21.333333333333332
263,-4.266666666666667,-526.9333333333333,14.933333333333334
264,-2.1333333333333333,-524.8,12.8
265,-6.4,-518.4,12.8
266,-2.1333333333333333,-520.5333333333333,12.8
267,-6.4,-533.3333333333334,-12.8
268,-4.266666666666667,-520.5333333333333,6.4
269,-4.266666666666667,-518.4,2.1333333333333333
270,0.0,-512.0,-2.1333333333333333
271,-4.266666666666667,-507.73333333333335,-8.533333333333333
272,-2.1333333333333333,-509.8666666666667,8.533333333333333
273,4.266666666666667,-522.6666666666666,6.4
274,2.1333333333333333,-529.0666666666666,8.533333333333333
275,8.533333333333333,-535.4666666666667,12.8
276,-4.266666666666667,-531.2,2.1333333333333333
277,4.266666666666667,-537.6,25.6
278,8.533333333333333,-529.0666666666666,19.2
279,0.0,-552.5333333333333,27.733333333333334
280,0.0,-544.0,12.8
281,4.266666666666667,-539.7333333333333,6.4
282,2.1333333333333333,-529.0666666666666,0.0
283,6.4,-520.5333333333333,14.933333333333334
284,6.4,-524.8,14.933333333333334
285,2.1333333333333333,-512.0,-10.666666666666666
286,8.533333333333333,-512.0,14.933333333333334
287,-4.266666666666667,-524.8,12.8
288,4.266666666666667,-533.3333333333334,19.2
289,4.266666666666667,-520.5333333333333,12.8
290,10.666666666666666,-533.3333333333334,21.333333333333332
291,-2.1333333333333333,-524.8,10.666666666666666
292,-4.266666666666667,-514.1333333333333,12.8
293,-4.266666666666667,-518.4,10.666666666666666
294,-2.1333333333333333,-524.8,12.8
295,-2.1333333333333333,-535.4666666666667,14.933333333333334
296,-2.1333333333333333,-526.9333333333333,8.533333333333333
297,0.0,-537.6,17.066666666666666
298,-4.266666666666667,-539.7333333333333,17.066666666666666
299,-2.1333333333333333,-537.6,14.933333333333334
300,4.266666666666667,-531.2,19.2
301,4.266666666666667,-539.7333333333333,19.2
302,4.266666666666667,-533.3333333333334,12.8
303,8.533333333333333,-529.0666666666666,0.0
304,4.266666666666667,-539.7333333333333,12.8
305,2.1333333333333333,-533.3333333333334,6.4
306,0.0,-526.9333333333333,23.466666666666665
307,4.266666666666667,-533.3333333333334,21.333333333333332
308,6.4,-518.4,32.0
309,4.266666666666667,-531.2,17.066666666666666
310,-2.1333333333333333,-524.8,14.933333333333334
311,6.4,-518.4,17.066666666666666
312,6.4,-531.2,10.666666666666666
313,-8.533333333333333,-516.2666666666667,25.6
314,-2.1333333333333333,-514.1333333333333,6.4
315,2.1333333333333333,-526.9333333333333,12.8
316,0.0,-526.9333333333333,19.2
317,-6.4,-529.0666666666666,8.533333333333333
318,14.933333333333334,-516.2666666666667,4.266666666666667
319,-2.1333333333333333,-533.3333333333334,17.066666666666666
320,-6.4,-524.8,17.066666666666666
321,-4.266666666666667,-535.4666666666667,14.933333333333334
322,-8.533333333333333,-533.3333333333334,14.933333333333334
323,-2.1333333333333333,-526.9333333333333,17.066666666666666
324,-6.4,-526.9333333333333,10.666666666666666
325,6.4,-524.8,19.2
326,6.4,-529.0666666666666,12.8
327,0.0,-526.9333333333333,19.2
328,-4.266666666666667,-529.0666666666666,12.8
329,-2.1333333333333333,-526.9333333333333,10.666666666666666
330,-4.266666666666667,-533.3333333333334,14.933333333333334
331,0.0,-537.6,10.666666666666666
332,0.0,-531.2,10.666666666666666
333,-2.1333333333333333,-529.0666666666666,21.333333333333332
334,0.0,-533.3333333333334,17.066666666666666
335,-2.1333333333333333,-529.0666666666666,14.933333333333334
336,-6.4,-524.8,23.466666666666665
337,-2.1333333333333333,-524.8,10.666666666666666
338,-4.266666666666667,-526.9333333333333,17.066666666666666
339,0.0,-526.9333333333333,10.666666666666666
340,-2.1333333333333333,-524.8,8.533333333333333
341,-4.266666666666667,-524.8,17.066666666666666
342,4.266666666666667,-531.2,17.066666666666666
343,8.533333333333333,-526.9333333333333,17.066666666666666
344,2.1333333333333333,-529.0666666666666,14.933333333333334
345,-2.1333333333333333,-526.9333333333333,19.2
346,0.0,-524.8,19.2
347,-2.1333333333333333,-531.2,19.2
348,0.0,-529.0666666666666,19.2
349,6.4,-533.3333333333334,25.6
350,2.1333333333333333,-526.9333333333333,19.2
351,0.0,-533.3333333333334,10.666666666666666
352,0.0,-531.2,17.066666666666666
353,-6.4,-535.4666666666667,19.2
354,-8.533333333333333,-533.3333333333334,12.8
355,2.1333333333333333,-533.3333333333334,21.333333333333332
356,4.266666666666667,-518.4,12.8
357,2.1333333333333333,-531.2,10.666666666666666
358,2.1333333333333333,-526.9333333333333,8.533333333333333
359,6.4,-524.8,29.866666666666667
360,4.266666666666667,-526.9333333333333,14.933333333333334
361,-4.266666666666667,-524.8,14.933333333333334
362,0.0,-531.2,27.733333333333334
363,-4.266666666666667,-522.6666666666666,10.666666666666666
364,4.266666666666667,-535.4666666666667,19.2
365,-2.1333333333333333,-541.8666666666667,17.066666666666666
366,-6.4,-529.0666666666666,14.933333333333334
367,-8.533333333333333,-531.2,19.2
368,0.0,-537.6,12.8
369,2.1333333333333333,-531.2,17.066666666666666
370,0.0,-526.9333333333333,17.066666666666666
371,0.0,-529.0666666666666,23.466666666666665
372,0.0,-524.8,8.533333333333333
373,2.1333333333333333,-524.8,19.2
374,-2.1333333333333333,-529.0666666666666,17.066666666666666
375,2.1333333333333333,-526.9333333333333,17.066666666666666
376,2.1333333333333333,-529.0666666666666,19.2
377,4.266666666666667,-531.2,19.2
378,8.533333333333333,-535.4666666666667,17.066666666666666
379,2.1333333333333333,-531.2,21.333333333333332
380,6.4,-526.9333333333333,14.933333333333334
381,4.266666666666667,-524.8,23.466666666666665
382,4.266666666666667,-531.2,27.733333333333334
383,2.1333333333333333,-531.2,23.466666666666665
384,10.666666666666666,-533.3333333333334,29.866666666666667
385,0.0,-531.2,17.066666666666666
386,-4.266666666666667,-529.0666666666666,23.466666666666665
387,4.266666666666667,-533.3333333333334,17.066666666666666
388,2.1333333333333333,-535.4666666666667,19.2
389,8.533333333333333,-535.4666666666667,14.933333333333334
390,4.266666666666667,-531.2,8.533333333333333
391,0.0,-524.8,14.933333333333334
392,-4.266666666666667,-522.6666666666666,21.333333333333332
393,2.1333333333333333,-526.9333333333333,14.933333333333334
394,-2.1333333333333333,-526.9333333333333,6.4
395,0.0,-526.9333333333333,17.066666666666666
396,-6.4,-524.8,14.933333333333334
397,-6.4,-520.5333333333333,23.466666666666665
398,-2.1333333333333333,-526.9333333333333,21.333333333333332
399,-2.1333333333333333,-522.6666666666666,10.666666666666666
400,2.1333333333333333,-522.6666666666666,4.266666666666667
401,4.266666666666667,-535.4666666666667,32.0
402,-2.1333333333333333,-531.2,21.333333333333332
403,-2.1333333333333333,-524.8,25.6
404,-6.4,-529.0666666666666,19.2
405,0.0,-526.9333333333333,8.533333333333333
406,-2.1333333333333333,-526.9333333333333,25.6
407,-4.266666666666667,-514.1333333333333,14.933333333333334
408,6.4,-522.6666666666666,29.866666666666667
409,6.4,-529.0666666666666,14.933333333333334
410,0.0,-524.8,19.2
411,14.933333333333334,-544.0,27.733333333333334
412,4.266666666666667,-533.3333333333334,25.6
413,10.666666666666666,-524.8,21.333333333333332
414,8.533333333333333,-526.9333333333333,12.8
415,12.8,-537.6,17.066666666666666
416,8.533333333333333,-529.0666666666666,17.066666666666666
417,8.533333333333333,-537.6,27.733333333333334
418,8.533333333333333,-535.4666666666667,23.466666666666665
419,2.1333333333333333,-531.2,14.933333333333334
420,4.266666666666667,-529.0666666666666,8.533333333333333
421,8.533333333333333,-531.2,12.8
422,8.533333333333333,-526.9333333333333,25.6
423,0.0,-529.0666666666666,12.8
424,4.266666666666667,-524.8,19.2
425,6.4,-529.0666666666666,14.933333333333334
426,2.1333333333333333,-529.0666666666666,17.066666666666666
427,6.4,-531.2,19.2
428,0.0,-524.8,12.8
429,6.4,-526.9333333333333,19.2
430,6.4,-526.9333333333333,10.666666666666666
431,6.4,-522.6666666666666,23.466666666666665
432,10.666666666666666,-529.0666666666666,21.333333333333332
433,-2.1333333333333333,-522.6666666666666,17.066666666666666
434,4.266666666666667,-529.0666666666666,23.466666666666665
435,8.533333333333333,-529.0666666666666,14.933333333333334
436,8.533333333333333,-531.2,21.333333333333332
437,10.666666666666666,-533.3333333333334,19.2
438,8.533333333333333,-529.0666666666666,19.2
439,4.266666666666667,-524.8,19.2
440,2.1333333333333333,-524.8,19.2
441,4.266666666666667,-533.3333333333334,14.933333333333334
442,10.666666666666666,-533.3333333333334,17.066666666666666
443,-6.4,-526.9333333333333,12.8
444,6.4,-533.3333333333334,17.066666666666666
445,4.266666666666667,-531.2,12.8
446,-2.1333333333333333,-531.2,29.866666666666667
447,-2.1333333333333333,-529.0666666666666,19.2
448,8.533333333333333,-529.0666666666666,12.8
449,2.1333333333333333,-529.0666666666666,19.2
450,0.0,-526.9333333333333,21.333333333333332
451,0.0,-524.8,21.333333333333332
452,4.266666666666667,-524.8,21.333333333333332
453,-2.1333333333333333,-526.9333333333333,19.2
454,17.066666666666666,-520.5333333333333,27.733333333333334
455,8.533333333333333,-529.0666666666666,25.6
456,6.4,-526.9333333333333,25.6
457,8.533333333333333,-529.0666666666666,29.866666666666667
458,-4.266666666666667,-522.6666666666666,27.733333333333334
459,4.266666666666667,-529.0666666666666,32.0
460,-4.266666666666667,-522.6666666666666,25.6
461,4.266666666666667,-529.0666666666666,25.6
462,-4.266666666666667,-518.4,25.6
463,0.0,-518.4,25.6
464,-2.1333333333333333,-529.0666666666666,21.333333333333332
465,-4.266666666666667,-531.2,21.333333333333332
466,-2.1333333333333333,-531.2,27.733333333333334
467,4.266666666666667,-529.0666666666666,19.2
468,2.1333333333333333,-524.8,23.466666666666665
469,-4.266666666666667,-522.6666666666666,27.733333333333334
470,-2.1333333333333333,-529.0666666666666,19.2
471,-2.1333333333333333,-531.2,14.933333333333334
472,-4.266666666666667,-520.5333333333333,29.866666666666667
473,-4.266666666666667,-529.0666666666666,21.333333333333332
474,-4.266666666666667,-529.0666666666666,19.2
475,-6.4,-516.2666666666667,12.8
476,-2.1333333333333333,-520.5333333333333,25.6
477,-2.1333333333333333,-520.5333333333333,23.466666666666665
478,-6.4,-529.0666666666666,19.2
479,-8.533333333333333,-518.4,21.333333333333332
480,-6.4,-522.6666666666666,25.6
481,-2.1333333333333333,-520.5333333333333,29.866666666666667
482,-2.1333333333333333,-529.0666666666666,23.466666666666665
483,-2.1333333333333333,-531.2,27.733333333333334
484,-6.4,-529.0666666666666,27.733333333333334
485,2.1333333333333333,-526.9333333333333,23.466666666666665
486,-4.266666666666667,-533.3333333333334,34.13333333333333
487,-4.266666666666667,-533.3333333333334,21.333333333333332
488,-6.4,-531.2,23.466666666666665
489,-4.266666666666667,-526.9333333333333,19.2
490,0.0,-529.0666666666666,29.866666666666667
491,-4.266666666666667,-520.5333333333333,21.333333333333332
492,-4.266666666666667,-524.8,23.466666666666665
493,-2.1333333333333333,-526.9333333333333,12.8
494,-4.266666666666667,-524.8,19.2
495,0.0,-533.3333333333334,27.733333333333334
496,-4.266666666666667,-520.5333333333333,19.2
497,-4.266666666666667,-514.1333333333333,14.933333333333334
498,6.4,-526.9333333333333,25.6
499,0.0,-524.8,25.6
500,2.1333333333333333,-533.3333333333334,21.333333333333332
501,2.1333333333333333,-526.9333333333333,19.2
502,-2.1333333333333333,-529.0666666666666,27.733333333333334
503,2.1333333333333333,-529.0666666666666,19.2
504,0.0,-533.3333333333334,17.066666666666666
505,0.0,-526.9333333333333,32.0
506,-4.266666666666667,-529.0666666666666,21.333333333333332
507,10.666666666666666,-522.6666666666666,23.466666666666665
508,-2.1333333333333333,-531.2,17.066666666666666
509,4.266666666666667,-531.2,23.466666666666665
510,-2.1333333333333333,-529.0666666666666,19.2
511,4.266666666666667,-522.6666666666666,21.333333333333332
512,2.1333333333333333,-533.3333333333334,21.333333333333332
513,-2.1333333333333333,-533.3333333333334,19.2
514,2.1333333333333333,-524.8,12.8
515,-2.1333333333333333,-529.0666666666666,14.933333333333334
516,-6.4,-524.8,21.333333333333332
517,-6.4,-524.8,14.933333333333334
518,-8.533333333333333,-520.5333333333333,10.666666666666666
519,-8.533333333333333,-524.8,17.066666666666666
520,-2.1333333333333333,-526.9333333333333,17.066666666666666
521,-2.1333333333333333,-526.9333333333333,17.066666666666666
522,-2.1333333333333333,-526.9333333333333,12.8
523,0.0,-531.2,21.333333333333332
524,-2.1333333333333333,-533.3333333333334,12.8
525,0.0,-531.2,21.333333333333332
526,4.266666666666667,-529.0666666666666,14.933333333333334
527,2.1333333333333333,-529.0666666666666,27.733333333333334
528,10.666666666666666,-531.2,19.2
529,6.4,-531.2,-2.1333333333333333
530,0.0,-535.4666666666667,21.333333333333332
531,0.0,-533.3333333333334,21.333333333333332
532,2.1333333333333333,-531.2,17.066666666666666
533,-6.4,-522.6666666666666,19.2
534,-2.1333333333333333,-529.0666666666666,12.8
535,-6.4,-524.8,25.6
536,-6.4,-524.8,23.466666666666665
537,0.0,-533.3333333333334,23.466666666666665
538,-2.1333333333333333,-526.9333333333333,25.6
539,2.1333333333333333,-533.3333333333334,21.333333333333332
540,0.0,-526.9333333333333,19.2
541,-4.266666666666667,-522.6666666666666,27.733333333333334
542,2.1333333333333333,-526.9333333333333,19.2
543,-2.1333333333333333,-529.0666666666666,29.866666666666667
544,-2.1333333333333333,-529.0666666666666,12.8
545,2.1333333333333333,-524.8,14.933333333333334
546,2.1333333333333333,-526.9333333333333,14.933333333333334
547,-4.266666666666667,-524.8,19.2
548,0.0,-526.9333333333333,19.2
549,4.266666666666667,-526.9333333333333,17.066666666666666
550,-2.1333333333333333,-516.2666666666667,10.666666666666666
551,-2.1333333333333333,-533.3333333333334,23.466666666666665
552,0.0,-529.0666666666666,17.066666666666666
553,4.266666666666667,-524.8,12.8
554,6.4,-526.9333333333333,12.8
555,4.266666666666667,-526.9333333333333,14.933333333333334
556,-4.266666666666667,-520.5333333333333,10.666666666666666
557,-2.1333333333333333,-518.4,6.4
558,2.1333333333333333,-524.8,8.533333333333333
559,4.266666666666667,-526.9333333333333,14.933333333333334
560,2.1333333333333333,-524.8,4.266666666666667
561,17.066666666666666,-524.8,12.8
562,2.1333333333333333,-531.2,21.333333333333332
563,-2.1333333333333333,-526.9333333333333,12.8
564,-2.1333333333333333,-526.9333333333333,8.533333333333333
565,10.666666666666666,-526.9333333333333,10.666666666666666
566,8.533333333333333,-529.0666666666666,21.333333333333332
567,-2.1333333333333333,-526.9333333333333,10.666666666666666
568,2.1333333333333333,-533.3333333333334,12.8
569,0.0,-524.8,10.666666666666666
570,4.266666666666667,-526.9333333333333,2.1333333333333333
571,-6.4,-520.5333333333333,8.533333333333333
572,0.0,-522.6666666666666,10.666666666666666
573,-2.1333333333333333,-524.8,10.666666666666666
574,4.266666666666667,-524.8,10.666666666666666
575,0.0,-529.0666666666666,10.666666666666666
576,0.0,-529.0666666666666,14.933333333333334
577,4.266666666666667,-531.2,12.8
578,4.266666666666667,-531.2,14.933333333333334
579,0.0,-526.9333333333333,4.266666666666667
580,6.4,-526.9333333333333,19.2
581,-4.266666666666667,-524.8,6.4
582,-4.266666666666667,-531.2,4.266666666666667
583,-4.266666666666667,-526.9333333333333,4.266666666666667
584,0.0,-529.0666666666666,8.533333333333333
585,2.1333333333333333,-529.0666666666666,17.066666666666666
586,-2.1333333333333333,-522.6666666666666,8.533333333333333
587,0.0,-526.9333333333333,10.666666666666666
588,-2.1333333333333333,-529.0666666666666,10.666666666666666
589,0.0,-524.8,4.266666666666667
590,-2.1333333333333333,-533.3333333333334,19.2
591,0.0,-529.0666666666666,10.666666666666666
592,-6.4,-529.0666666666666,10.666666666666666
593,-2.1333333333333333,-533.3333333333334,23.466666666666665
594,-8.533333333333333,-529.0666666666666,23.466666666666665
595,-4.266666666666667,-531.2,12.8
596,-6.4,-531.2,17.066666666666666
597,-2.1333333333333333,-537.6,12.8
598,8.533333333333333,-533.3333333333334,4.266666666666667
599,-4.266666666666667,-522.6666666666666,-4.266666666666667
600,2.1333333333333333,-522.6666666666666,8.533333333333333
601,2.1333333333333333,-526.9333333333333,-4.266666666666667
602,-4.266666666666667,-516.2666666666667,8.533333333333333
603,8.533333333333333,-541.8666666666667,10.666666666666666
604,0.0,-529.0666666666666,6.4
605,-4.266666666666667,-526.9333333333333,6.4
606,-4.266666666666667,-524.8,0.0
607,-2.1333333333333333,-535.4666666666667,12.8
608,-2.1333333333333333,-529.0666666666666,2.1333333333333333
609,4.266666666666667,-535.4666666666667,8.533333333333333
610,-2.1333333333333333,-531.2,6.4
611,2.1333333333333333,-529.0666666666666,0.0
612,2.1333333333333333,-529.0666666666666,6.4
613,6.4,-535.4666666666667,8.533333333333333
614,2.1333333333333333,-539.7333333333333,12.8
615,-2.1333333333333333,-533.3333333333334,6.4
616,-2.1333333333333333,-522.6666666666666,8.533333333333333
617,-4.266666666666667,-526.9333333333333,2.1333333333333333
618,-2.1333333333333333,-529.0666666666666,2.1333333333333333
619,0.0,-535.4666666666667,4.266666666666667
620,4.266666666666667,-522.6666666666666,4.266666666666667
621,2.1333333333333333,-533.3333333333334,12.8
622,0.0,-524.8,6.4
623,2.1333333333333333,-522.6666666666666,6.4
624,2.1333333333333333,-531.2,4.266666666666667
625,2.1333333333333333,-531.2,-10.666666666666666
626,4.266666666666667,-531.2,2.1333333333333333
627,-2.1333333333333333,-529.0666666666666,4.266666666666667
628,6.4,-524.8,4.266666666666667
629,2.1333333333333333,-531.2,0.0
630,4.266666666666667,-529.0666666666666,4.266666666666667
631,2.1333333333333333,-520.5333333333333,6.4
632,2.1333333333333333,-529.0666666666666,0.0
633,0.0,-520.5333333333333,-2.1333333333333333
634,4.266666666666667,-533.3333333333334,0.0
635,2.1333333333333333,-531.2,-2.1333333333333333
636,0.0,-537.6,4.266666666666667
637,-2.1333333333333333,-529.0666666666666,2.1333333333333333
638,0.0,-531.2,-2.1333333333333333
639,-4.266666666666667,-526.9333333333333,-6.4
640,-4.266666666666667,-533.3333333333334,4.266666666666667
641,-2.1333333333333333,-526.9333333333333,2.1333333333333333
642,-4.266666666666667,-531.2,0.0
643,-6.4,-524.8,-6.4
644,2.1333333333333333,-518.4,-4.266666666666667
645,-2.1333333333333333,-522.6666666666666,-6.4
646,6.4,-535.4666666666667,6.4
647,-8.533333333333333,-520.5333333333333,4.266666666666667
648,-4.266666666666667,-524.8,-2.1333333333333333
649,-6.4,-529.0666666666666,-2.1333333333333333
650,-4.266666666666667,-531.2,-8.533333333333333
651,-4.266666666666667,-526.9333333333333,-6.4
652,-2.1333333333333333,-531.2,-10.666666666666666
653,-8.533333333333333,-533.3333333333334,8.533333333333333
654,-4.266666666666667,-526.9333333333333,-2.1333333333333333
655,-6.4,-529.0666666666666,-4.266666666666667
656,-8.533333333333333,-529.0666666666666,-6.4
657,-6.4,-531.2,-10.666666666666666
658,-2.1333333333333333,-522.6666666666666,-6.4
659,0.0,-533.3333333333334,-8.533333333333333
660,-2.1333333333333333,-526.9333333333333,-6.4
661,-6.4,-526.9333333333333,-6.4
662,6.4,-535.4666666666667,-2.1333333333333333
663,4.266666666666667,-524.8,-4.266666666666667
664,-2.1333333333333333,-526.9333333333333,-4.266666666666667
665,0.0,-529.0666666666666,0.0
666,8.533333333333333,-524.8,-4.266666666666667
667,0.0,-533.3333333333334,-10.666666666666666
668,6.4,-526.9333333333333,-6.4
669,0.0,-529.0666666666666,-4.266666666666667
670,0.0,-531.2,-4.266666666666667
671,-4.266666666666667,-522.6666666666666,0.0
672,-2.1333333333333333,-531.2,-2.1333333333333333
673,0.0,-529.0666666666666,-4.266666666666667
674,0.0,-529.0666666666666,-4.266666666666667
675,2.1333333333333333,-522.6666666666666,4.266666666666667
676,2.1333333333333333,-529.0666666666666,0.0
677,0.0,-516.2666666666667,-12.8
678,17.066666666666666,-524.8,2.1333333333333333
679,-2.1333333333333333,-529.0666666666666,-10.666666666666666
680,-4.266666666666667,-529.0666666666666,-2.1333333333333333
681,2.1333333333333333,-524.8,2.1333333333333333
682,2.1333333333333333,-531.2,-6.4
683,6.4,-524.8,-4.266666666666667
684,-4.266666666666667,-520.5333333333333,-4.266666666666667
685,6.4,-526.9333333333333,-8.533333333333333
686,4.266666666666667,-531.2,-2.1333333333333333
687,2.1333333333333333,-526.9333333333333,-4.266666666666667
688,0.0,-531.2,2.1333333333333333
689,-4.266666666666667,-535.4666666666667,-14.933333333333334
690,0.0,-526.9333333333333,-10.666666666666666
691,-8.533333333333333,-529.0666666666666,0.0
692,-4.266666666666667,-529.0666666666666,-8.533333333333333
693,0.0,-524.8,-14.933333333333334
694,0.0,-529.0666666666666,-2.1333333333333333
695,0.0,-535.4666666666667,4.266666666666667
696,-4.266666666666667,-524.8,0.0
697,-4.266666666666667,-524.8,-6.4
698,-2.1333333333333333,-531.2,-6.4
699,-4.266666666666667,-529.0666666666666,-8.533333333333333
700,-4.266666666666667,-526.9333333333333,-12.8
701,-2.1333333333333333,-531.2,0.0
702,-8.533333333333333,-526.9333333333333,4.266666666666667
703,-2.1333333333333333,-526.9333333333333,-6.4
704,-4.266666666666667,-529.0666666666666,0.0
705,-2.1333333333333333,-524.8,-4.266666666666667
706,-2.1333333333333333,-524.8,-8.533333333333333
707,-4.266666666666667,-514.1333333333333,-4.266666666666667
708,-2.1333333333333333,-526.9333333333333,-17.066666666666666
709,-6.4,-524.8,-6.4
710,-2.1333333333333333,-524.8,-4.266666666666667
711,-4.266666666666667,-524.8,-17.066666666666666
712,-2.1333333333333333,-524.8,-8.533333333333333
713,-6.4,-524.8,-12.8
714,-2.1333333333333333,-529.0666666666666,-8.533333333333333
715,-4.266666666666667,-531.2,-10.666666666666666
716,-8.533333333333333,-520.5333333333333,-14.933333333333334
717,-4.266666666666667,-526.9333333333333,-8.533333333333333
718,-2.1333333333333333,-524.8,2.1333333333333333
719,-4.266666666666667,-520.5333333333333,-14.933333333333334
720,-2.1333333333333333,-520.5333333333333,-14.933333333333334
721,0.0,-522.6666666666666,-17.066666666666666
722,6.4,-531.2,-14.933333333333334
723,4.266666666666667,-529.0666666666666,-8.533333333333333
724,2.1333333333333333,-524.8,-14.933333333333334
725,0.0,-526.9333333333333,-6.4
726,4.266666666666667,-526.9333333333333,-12.8
727,2.1333333333333333,-531.2,-19.2
728,-8.533333333333333,-529.0666666666666,-12.8
729,2.1333333333333333,-524.8,-19.2
730,4.266666666666667,-529.0666666666666,-17.066666666666666
731,0.0,-531.2,-17.066666666666666
732,4.266666666666667,-526.9333333333333,-10.666666666666666
733,0.0,-522.6666666666666,-14.933333333333334
734,0.0,-529.0666666666666,-14.933333333333334
735,-2.1333333333333333,-524.8,-12.8
736,-2.1333333333333333,-529.0666666666666,-8.533333333333333
737,0.0,-526.9333333333333,-19.2
738,0.0,-522.6666666666666,-14.933333333333334
739,0.0,-526.9333333333333,-8.533333333333333
740,0.0,-526.9333333333333,-12.8
741,-6.4,-529.0666666666666,-12.8
742,4.266666666666667,-524.8,-10.666666666666666
743,2.1333333333333333,-539.7333333333333,-14.933333333333334
744,-6.4,-524.8,-17.066666666666666
745,-4.266666666666667,-526.9333333333333,-17.066666666666666
746,0.0,-526.9333333333333,-17.066666666666666
747,-6.4,-529.0666666666666,-17.066666666666666
748,-2.1333333333333333,-529.0666666666666,-14.933333333333334
749,-6.4,-529.0666666666666,-19.2
750,-2.1333333333333333,-522.6666666666666,-10.666666666666666
751,4.266666666666667,-531.2,-6.4
752,8.533333333333333,-526.9333333333333,-12.8
753,12.8,-524.8,-14.933333333333334
754,-2.1333333333333333,-524.8,-17.066666666666666
755,-4.266666666666667,-514.1333333333333,-21.333333333333332
756,-6.4,-514.1333333333333,-21.333333333333332
757,-8.533333333333333,-520.5333333333333,-17.066666666666666
758,-4.266666666666667,-516.2666666666667,-27.733333333333334
759,-6.4,-514.1333333333333,-19.2
760,-4.266666666666667,-520.5333333333333,-23.466666666666665
761,-10.666666666666666,-518.4,-27.733333333333334
762,-10.666666666666666,-514.1333333333333,-29.866666666666667
763,8.533333333333333,-512.0,-23.466666666666665
764,0.0,-512.0,-32.0
765,0.0,-520.5333333333333,-23.466666666666665
766,-2.1333333333333333,-512.0,-27.733333333333334
767,0.0,-509.8666666666667,-27.733333333333334
768,6.4,-512.0,-25.6
769,8.533333333333333,-514.1333333333333,-29.866666666666667
770,6.4,-514.1333333333333,-21.333333333333332
771,6.4,-514.1333333333333,-29.866666666666667
772,23.466666666666665,-514.1333333333333,-25.6
773,4.266666666666667,-509.8666666666667,-25.6
774,21.333333333333332,-526.9333333333333,-23.466666666666665
775,12.8,-516.2666666666667,-29.866666666666667
776,10.666666666666666,-522.6666666666666,-34.13333333333333
777,8.533333333333333,-514.1333333333333,-36.266666666666666
778,2.1333333333333333,-514.1333333333333,-23.466666666666665
779,8.533333333333333,-516.2666666666667,-40.53333333333333
780,2.1333333333333333,-509.8666666666667,-34.13333333333333
781,6.4,-514.1333333333333,-49.06666666666666
782,0.0,-514.1333333333333,-34.13333333333333
783,-2.1333333333333333,-514.1333333333333,-49.06666666666666
784,-6.4,-507.73333333333335,-44.8
785,0.0,-509.8666666666667,-34.13333333333333
786,-2.1333333333333333,-507.73333333333335,-46.93333333333333
787,-2.1333333333333333,-507.73333333333335,-51.2
788,-8.533333333333333,-507.73333333333335,-49.06666666666666
789,-4.266666666666667,-509.8666666666667,-51.2
790,-4.266666666666667,-512.0,-57.6
791,-2.1333333333333333,-505.59999999999997,-55.46666666666667
792,-4.266666666666667,-509.8666666666667,-42.666666666666664
793,0.0,-507.73333333333335,-53.333333333333336
794,-4.266666666666667,-503.46666666666664,-66.13333333333333
795,0.0,-499.2,-46.93333333333333
796,2.1333333333333333,-505.59999999999997,-36.266666666666666
797,0.0,-501.3333333333333,-51.2
798,0.0,-497.06666666666666,-44.8
799,-2.1333333333333333,-492.8,-61.86666666666667
800,-2.1333333333333333,-501.3333333333333,-51.2
801,6.4,-494.93333333333334,-59.733333333333334
802,-2.1333333333333333,-490.6666666666667,-61.86666666666667
803,2.1333333333333333,-492.8,-70.4
804,-6.4,-484.26666666666665,-61.86666666666667
805,4.266666666666667,-486.4,-74.66666666666667
806,2.1333333333333333,-475.73333333333335,-68.26666666666667
807,2.1333333333333333,-477.8666666666667,-59.733333333333334
808,-4.266666666666667,-473.59999999999997,-68.26666666666667
809,6.4,-473.59999999999997,-76.8
810,4.266666666666667,-467.2,-87.46666666666667
811,-2.1333333333333333,-469.3333333333333,-85.33333333333333
812,0.0,-460.8,-78.93333333333334
813,6.4,-467.2,-81.06666666666666
814,6.4,-473.59999999999997,-66.13333333333333
815,6.4,-465.06666666666666,-78.93333333333334
816,10.666666666666666,-475.73333333333335,-72.53333333333333
817,10.666666666666666,-477.8666666666667,-76.8
818,14.933333333333334,-480.0,-83.2
819,12.8,-488.5333333333333,-72.53333333333333
820,10.666666666666666,-488.5333333333333,-76.8
821,8.533333333333333,-490.6666666666667,-81.06666666666666
822,17.066666666666666,-497.06666666666666,-87.46666666666667
823,8.533333333333333,-492.8,-83.2
824,17.066666666666666,-490.6666666666667,-87.46666666666667
825,17.066666666666666,-494.93333333333334,-83.2
826,4.266666666666667,-494.93333333333334,-89.6
827,14.933333333333334,-499.2,-83.2
828,14.933333333333334,-499.2,-76.8
829,6.4,-507.73333333333335,-93.86666666666666
830,4.266666666666667,-494.93333333333334,-85.33333333333333
831,6.4,-490.6666666666667,-89.6
832,10.666666666666666,-507.73333333333335,-81.06666666666666
833,2.1333333333333333,-501.3333333333333,-100.26666666666667
834,2.1333333333333333,-503.46666666666664,-81.06666666666666
835,4.266666666666667,-516.2666666666667,-81.06666666666666
836,0.0,-509.8666666666667,-87.46666666666667
837,-6.4,-512.0,-83.2
838,-4.266666666666667,-514.1333333333333,-96.0
839,-6.4,-512.0,-96.0
840,0.0,-512.0,-102.4
841,-2.1333333333333333,-509.8666666666667,-102.4
842,0.0,-512.0,-102.4
843,-2.1333333333333333,-499.2,-98.13333333333333
844,4.266666666666667,-505.59999999999997,-98.13333333333333
845,6.4,-505.59999999999997,-104.53333333333333
846,8.533333333333333,-503.46666666666664,-108.8
847,8.533333333333333,-490.6666666666667,-119.46666666666667
848,10.666666666666666,-490.6666666666667,-115.2
849,17.066666666666666,-490.6666666666667,-113.06666666666666
850,8.533333333333333,-471.46666666666664,-110.93333333333334
851,6.4,-482.1333333333333,-102.4
852,12.8,-484.26666666666665,-117.33333333333333
853,8.533333333333333,-477.8666666666667,-115.2
854,6.4,-477.8666666666667,-115.2
855,-2.1333333333333333,-475.73333333333335,-117.33333333333333
856,4.266666666666667,-473.59999999999997,-117.33333333333333
857,-2.1333333333333333,-477.8666666666667,-119.46666666666667
858,0.0,-477.8666666666667,-125.86666666666666
859,0.0,-488.5333333333333,-128.0
860,-6.4,-484.26666666666665,-128.0
861,-6.4,-503.46666666666664,-125.86666666666666
862,0.0,-494.93333333333334,-134.4
863,-6.4,-494.93333333333334,-142.93333333333334
864,-4.266666666666667,-505.59999999999997,-136.53333333333333
865,-2.1333333333333333,-514.1333333333333,-147.2
866,4.266666666666667,-518.4,-145.06666666666666
867,6.4,-516.2666666666667,-138.66666666666666
868,4.266666666666667,-512.0,-147.2
869,2.1333333333333333,-520.5333333333333,-149.33333333333334
870,6.4,-524.8,-151.46666666666667
871,0.0,-531.2,-153.6
872,2.1333333333333333,-507.73333333333335,-160.0
873,0.0,-531.2,-157.86666666666667
874,4.266666666666667,-529.0666666666666,-166.4
875,2.1333333333333333,-524.8,-157.86666666666667
876,8.533333333333333,-535.4666666666667,-164.26666666666665
877,6.4,-533.3333333333334,-162.13333333333333
878,12.8,-539.7333333333333,-166.4
879,12.8,-537.6,-160.0
880,10.666666666666666,-541.8666666666667,-157.86666666666667
881,19.2,-546.1333333333333,-162.13333333333333
882,25.6,-550.4,-170.66666666666666
883,32.0,-561.0666666666666,-174.93333333333334
884,23.466666666666665,-550.4,-170.66666666666666
885,27.733333333333334,-552.5333333333333,-164.26666666666665
886,21.333333333333332,-548.2666666666667,-168.53333333333333
887,23.466666666666665,-550.4,-170.66666666666666
888,25.6,-546.1333333333333,-177.06666666666666
889,25.6,-546.1333333333333,-170.66666666666666
890,10.666666666666666,-533.3333333333334,-177.06666666666666
891,19.2,-535.4666666666667,-166.4
892,21.333333333333332,-535.4666666666667,-168.53333333333333
893,14.933333333333334,-524.8,-179.2
894,17.066666666666666,-524.8,-166.4
895,6.4,-522.6666666666666,-181.33333333333334
896,12.8,-520.5333333333333,-183.46666666666667
897,14.933333333333334,-522.6666666666666,-194.13333333333333
898,12.8,-509.8666666666667,-194.13333333333333
899,21.333333333333332,-516.2666666666667,-192.0
900,23.466666666666665,-514.1333333333333,-192.0
901,27.733333333333334,-520.5333333333333,-194.13333333333333
902,34.13333333333333,-512.0,-200.53333333333333
903,27.733333333333334,-516.2666666666667,-192.0
904,36.266666666666666,-516.2666666666667,-202.66666666666666
905,38.4,-522.6666666666666,-200.53333333333333
906,46.93333333333333,-514.1333333333333,-206.93333333333334
907,49.06666666666666,-507.73333333333335,-209.06666666666666
908,44.8,-505.59999999999997,-202.66666666666666
909,53.333333333333336,-503.46666666666664,-202.66666666666666
910,51.2,-503.46666666666664,-198.4
911,44.8,-499.2,-200.53333333333333
912,34.13333333333333,-492.8,-206.93333333333334
913,27.733333333333334,-497.06666666666666,-213.33333333333334
914,21.333333333333332,-486.4,-206.93333333333334
915,23.466666666666665,-497.06666666666666,-219.73333333333332
916,8.533333333333333,-490.6666666666667,-224.0
917,14.933333333333334,-497.06666666666666,-219.73333333333332
918,12.8,-492.8,-221.86666666666667
919,17.066666666666666,-501.3333333333333,-217.6
920,21.333333333333332,-503.46666666666664,-217.6
921,14.933333333333334,-497.06666666666666,-215.46666666666667
922,23.466666666666665,-505.59999999999997,-211.2
923,19.2,-501.3333333333333,-232.53333333333333
924,21.333333333333332,-501.3333333333333,-226.13333333333333
925,10.666666666666666,-488.5333333333333,-219.73333333333332
926,8.533333333333333,-499.2,-221.86666666666667
927,19.2,-492.8,-213.33333333333334
928,19.2,-492.8,-217.6
929,27.733333333333334,-490.6666666666667,-224.0
930,25.6,-482.1333333333333,-219.73333333333332
931,27.733333333333334,-484.26666666666665,-221.86666666666667
932,23.466666666666665,-473.59999999999997,-217.6
933,23.466666666666665,-473.59999999999997,-213.33333333333334
934,32.0,-475.73333333333335,-217.6
935,25.6,-467.2,-213.33333333333334
936,34.13333333333333,-469.3333333333333,-228.26666666666665
937,25.6,-469.3333333333333,-230.4
938,32.0,-460.8,-226.13333333333333
939,29.866666666666667,-471.46666666666664,-234.66666666666666
940,32.0,-469.3333333333333,-234.66666666666666
941,29.866666666666667,-471.46666666666664,-247.46666666666667
942,23.466666666666665,-477.8666666666667,-247.46666666666667
943,19.2,-486.4,-247.46666666666667
944,19.2,-488.5333333333333,-258.1333333333333
945,12.8,-488.5333333333333,-247.46666666666667
946,19.2,-492.8,-262.4
947,23.466666666666665,-497.06666666666666,-236.79999999999998
948,25.6,-501.3333333333333,-241.06666666666666
949,21.333333333333332,-494.93333333333334,-234.66666666666666
950,25.6,-488.5333333333333,-232.53333333333333
951,27.733333333333334,-488.5333333333333,-226.13333333333333
952,25.6,-484.26666666666665,-226.13333333333333
953,38.4,-482.1333333333333,-243.2
954,36.266666666666666,-473.59999999999997,-245.33333333333334
955,36.266666666666666,-475.73333333333335,-256.0
956,36.266666666666666,-477.8666666666667,-256.0
957,46.93333333333333,-473.59999999999997,-268.8
958,32.0,-475.73333333333335,-277.3333333333333
959,38.4,-477.8666666666667,-279.46666666666664
960,32.0,-488.5333333333333,-275.2
961,29.866666666666667,-484.26666666666665,-273.06666666666666
962,27.733333333333334,-490.6666666666667,-275.2
963,23.466666666666665,-488.5333333333333,-279.46666666666664
964,32.0,-501.3333333333333,-283.73333333333335
965,32.0,-503.46666666666664,-279.46666666666664
966,34.13333333333333,-512.0,-283.73333333333335
967,36.266666666666666,-509.8666666666667,-288.0
968,29.866666666666667,-509.8666666666667,-290.1333333333333
969,27.733333333333334,-516.2666666666667,-292.26666666666665
970,29.866666666666667,-531.2,-296.5333333333333
971,27.733333333333334,-516.2666666666667,-300.8
972,23.466666666666665,-512.0,-294.4
973,32.0,-505.59999999999997,-292.26666666666665
974,34.13333333333333,-512.0,-305.06666666666666
975,36.266666666666666,-503.46666666666664,-290.1333333333333
976,36.266666666666666,-505.59999999999997,-292.26666666666665
977,34.13333333333333,-503.46666666666664,-294.4
978,34.13333333333333,-492.8,-290.1333333333333
979,23.466666666666665,-490.6666666666667,-298.6666666666667
980,25.6,-486.4,-294.4
981,21.333333333333332,-477.8666666666667,-290.1333333333333
982,27.733333333333334,-475.73333333333335,-298.6666666666667
983,27.733333333333334,-477.8666666666667,-302.93333333333334
984,19.2,-473.59999999999997,-292.26666666666665
985,25.6,-473.59999999999997,-290.1333333333333
986,25.6,-467.2,-290.1333333333333
987,25.6,-465.06666666666666,-288.0
988,23.466666666666665,-454.4,-285.8666666666667
989,23.466666666666665,-450.1333333333333,-281.6
990,25.6,-454.4,-279.46666666666664
991,36.266666666666666,-445.8666666666667,-270.93333333333334
992,51.2,-452.26666666666665,-268.8
993,23.466666666666665,-445.8666666666667,-285.8666666666667
994,21.333333333333332,-439.46666666666664,-273.06666666666666
995,25.6,-433.06666666666666,-279.46666666666664
996,14.933333333333334,-418.1333333333333,-281.6
997,27.733333333333334,-426.6666666666667,-292.26666666666665
998,10.666666666666666,-411.73333333333335,-285.8666666666667
999,25.6,-426.6666666666667,-281.6
1000,21.333333333333332,-420.26666666666665,-283.73333333333335
1001,21.333333333333332,-413.8666666666667,-294.4
1002,21.333333333333332,-420.26666666666665,-277.3333333333333
1003,12.8,-428.8,-288.0
1004,19.2,-411.73333333333335,-285.8666666666667
1005,23.466666666666665,-411.73333333333335,-285.8666666666667
1006,12.8,-409.6,-283.73333333333335
1007,17.066666666666666,-409.6,-288.0
1008,19.2,-413.8666666666667,-294.4
1009,23.466666666666665,-418.1333333333333,-296.5333333333333
1010,19.2,-409.6,-296.5333333333333
1011,14.933333333333334,-413.8666666666667,-298.6666666666667
1012,14.933333333333334,-430.93333333333334,-302.93333333333334
1013,12.8,-439.46666666666664,-311.46666666666664
1014,17.066666666666666,-435.2,-309.3333333333333
1015,14.933333333333334,-430.93333333333334,-307.2
1016,14.933333333333334,-428.8,-309.3333333333333
1017,12.8,-430.93333333333334,-294.4
1018,17.066666666666666,-426.6666666666667,-296.5333333333333
1019,14.933333333333334,-424.5333333333333,-296.5333333333333
1020,23.466666666666665,-418.1333333333333,-290.1333333333333
1021,19.2,-411.73333333333335,-296.5333333333333
1022,21.333333333333332,-409.6,-292.26666666666665
1023,19.2,-405.3333333333333,-290.1333333333333
1024,32.0,-401.06666666666666,-294.4
1025,23.466666666666665,-401.06666666666666,-292.26666666666665
1026,17.066666666666666,-373.3333333333333,-315.73333333333335
1027,32.0,-379.73333333333335,-326.4
1028,36.266666666666666,-386.1333333333333,-334.93333333333334
1029,32.0,-390.4,-347.73333333333335
1030,36.266666666666666,-390.4,-354.1333333333333
1031,38.4,-398.93333333333334,-360.5333333333333
1032,27.733333333333334,-401.06666666666666,-369.06666666666666
1033,32.0,-407.46666666666664,-375.46666666666664
1034,23.466666666666665,-401.06666666666666,-371.2
1035,19.2,-405.3333333333333,-388.26666666666665
1036,17.066666666666666,-409.6,-377.6
1037,23.466666666666665,-413.8666666666667,-369.06666666666666
1038,21.333333333333332,-409.6,-371.2
1039,21.333333333333332,-411.73333333333335,-364.8
1040,14.933333333333334,-407.46666666666664,-360.5333333333333
1041,19.2,-403.2,-366.93333333333334
1042,14.933333333333334,-405.3333333333333,-341.3333333333333
1043,14.933333333333334,-392.5333333333333,-360.5333333333333
1044,17.066666666666666,-375.46666666666664,-362.6666666666667
1045,21.333333333333332,-371.2,-377.6
1046,14.933333333333334,-358.4,-371.2
1047,29.866666666666667,-352.0,-379.73333333333335
1048,36.266666666666666,-343.46666666666664,-379.73333333333335
1049,23.466666666666665,-332.8,-392.5333333333333
1050,34.13333333333333,-337.06666666666666,-394.6666666666667
1051,29.866666666666667,-334.93333333333334,-398.93333333333334
1052,25.6,-341.3333333333333,-396.8
1053,32.0,-347.73333333333335,-390.4
1054,25.6,-345.6,-390.4
1055,27.733333333333334,-343.46666666666664,-371.2
1056,32.0,-322.1333333333333,-356.26666666666665
1057,27.733333333333334,-332.8,-369.06666666666666
1058,29.866666666666667,-305.06666666666666,-366.93333333333334
1059,17.066666666666666,-232.53333333333333,-349.8666666666667
1060,14.933333333333334,-236.79999999999998,-396.8
1061,-2.1333333333333333,-251.73333333333332,-469.3333333333333
1062,-6.4,-279.46666666666664,-520.5333333333333
1063,0.0,-330.6666666666667,-505.59999999999997
1064,8.533333333333333,-366.93333333333334,-458.6666666666667
1065,12.8,-358.4,-418.1333333333333
1066,12.8,-362.6666666666667,-409.6
1067,19.2,-362.6666666666667,-381.8666666666667
1068,21.333333333333332,-354.1333333333333,-381.8666666666667
1069,27.733333333333334,-339.2,-369.06666666666666
1070,29.866666666666667,-324.26666666666665,-364.8
1071,23.466666666666665,-309.3333333333333,-341.3333333333333
1072,17.066666666666666,-330.6666666666667,-349.8666666666667
1073,19.2,-317.8666666666667,-358.4
1074,17.066666666666666,-317.8666666666667,-343.46666666666664
1075,27.733333333333334,-302.93333333333334,-352.0
1076,19.2,-283.73333333333335,-371.2
1077,10.666666666666666,-273.06666666666666,-394.6666666666667
1078,23.466666666666665,-264.5333333333333,-390.4
1079,23.466666666666665,-245.33333333333334,-416.0
1080,40.53333333333333,-251.73333333333332,-411.73333333333335
1081,40.53333333333333,-256.0,-416.0
1082,40.53333333333333,-262.4,-433.06666666666666
1083,38.4,-268.8,-433.06666666666666
1084,46.93333333333333,-296.5333333333333,-418.1333333333333
1085,27.733333333333334,-290.1333333333333,-403.2
1086,27.733333333333334,-298.6666666666667,-428.8
1087,21.333333333333332,-292.26666666666665,-413.8666666666667
1088,19.2,-277.3333333333333,-420.26666666666665
1089,10.666666666666666,-290.1333333333333,-422.4
1090,14.933333333333334,-273.06666666666666,-398.93333333333334
1091,10.666666666666666,-266.6666666666667,-403.2
1092,-4.266666666666667,-258.1333333333333,-398.93333333333334
1093,-10.666666666666666,-245.33333333333334,-401.06666666666666
1094,-19.2,-243.2,-396.8
1095,-10.666666666666666,-238.93333333333334,-390.4
1096,-10.666666666666666,-247.46666666666667,-394.6666666666667
1097,-6.4,-253.86666666666667,-422.4
1098,6.4,-251.73333333333332,-420.26666666666665
1099,21.333333333333332,-245.33333333333334,-439.46666666666664
1100,8.533333333333333,-236.79999999999998,-465.06666666666666
1101,40.53333333333333,-230.4,-469.3333333333333
1102,49.06666666666666,-224.0,-482.1333333333333
1103,59.733333333333334,-219.73333333333332,-492.8
1104,70.4,-219.73333333333332,-494.93333333333334
1105,72.53333333333333,-228.26666666666665,-484.26666666666665
1106,74.66666666666667,-230.4,-486.4
1107,72.53333333333333,-224.0,-490.6666666666667
1108,64.0,-213.33333333333334,-503.46666666666664
1109,57.6,-219.73333333333332,-484.26666666666665
1110,44.8,-226.13333333333333,-480.0
1111,44.8,-221.86666666666667,-488.5333333333333
1112,32.0,-206.93333333333334,-494.93333333333334
1113,21.333333333333332,-204.8,-490.6666666666667
1114,25.6,-206.93333333333334,-497.06666666666666
1115,32.0,-206.93333333333334,-497.06666666666666
1116,21.333333333333332,-194.13333333333333,-499.2
1117,34.13333333333333,-206.93333333333334,-488.5333333333333
1118,27.733333333333334,-224.0,-475.73333333333335
1119,32.0,-230.4,-454.4
1120,44.8,-217.6,-458.6666666666667
1121,51.2,-226.13333333333333,-448.0
1122,57.6,-230.4,-439.46666666666664
1123,53.333333333333336,-238.93333333333334,-430.93333333333334
1124,53.333333333333336,-202.66666666666666,-445.8666666666667
1125,53.333333333333336,-228.26666666666665,-413.8666666666667
1126,68.26666666666667,-243.2,-398.93333333333334
1127,59.733333333333334,-249.6,-418.1333333333333
1128,57.6,-260.26666666666665,-411.73333333333335
1129,85.33333333333333,-266.6666666666667,-413.8666666666667
1130,85.33333333333333,-270.93333333333334,-390.4
1131,85.33333333333333,-300.8,-356.26666666666665
1132,96.0,-298.6666666666667,-354.1333333333333
1133,74.66666666666667,-320.0,-315.73333333333335
1134,93.86666666666666,-326.4,-302.93333333333334
1135,85.33333333333333,-349.8666666666667,-277.3333333333333
1136,81.06666666666666,-364.8,-251.73333333333332
1137,78.93333333333334,-369.06666666666666,-209.06666666666666
1138,76.8,-379.73333333333335,-164.26666666666665
1139,61.86666666666667,-392.5333333333333,-117.33333333333333
1140,68.26666666666667,-409.6,-68.26666666666667
1141,66.13333333333333,-416.0,-46.93333333333333
1142,53.333333333333336,-454.4,2.1333333333333333
1143,36.266666666666666,-524.8,70.4
1144,64.0,-578.1333333333333,61.86666666666667
1145,55.46666666666667,-516.2666666666667,70.4
1146,55.46666666666667,-465.06666666666666,134.4
1147,55.46666666666667,-386.1333333333333,215.46666666666667
1148,66.13333333333333,-324.26666666666665,364.8
1149,83.2,-270.93333333333334,416.0
1150,72.53333333333333,-183.46666666666667,486.4
1151,49.06666666666666,-160.0,597.3333333333334
1152,6.4,-153.6,518.4
1153,10.666666666666666,-74.66666666666667,339.2
1154,-12.8,-2.1333333333333333,106.66666666666667
1155,-66.13333333333333,32.0,-10.666666666666666
1156,-153.6,21.333333333333332,-106.66666666666667
1157,-194.13333333333333,8.533333333333333,-204.8
1158,-181.33333333333334,-2.1333333333333333,-349.8666666666667
1159,-174.93333333333334,36.266666666666666,-413.8666666666667
1160,-189.86666666666667,108.8,-386.1333333333333
1161,-192.0,187.73333333333332,-290.1333333333333
1162,-179.2,277.3333333333333,-198.4
1163,-113.06666666666666,332.8,-130.13333333333333
1164,-29.866666666666667,343.46666666666664,-64.0
1165,25.6,339.2,-46.93333333333333
1166,27.733333333333334,290.1333333333333,4.266666666666667
1167,14.933333333333334,200.53333333333333,-21.333333333333332
1168,-85.33333333333333,123.73333333333333,-123.73333333333333
1169,-149.33333333333334,57.6,-236.79999999999998
1170,-256.0,108.8,-433.06666666666666
1171,-522.6666666666666,1154.1333333333332,-1405.8666666666666
1172,-1992.5333333333333,3370.6666666666665,-3246.9333333333334
1173,-151.46666666666667,1034.6666666666667,-972.8
1174,-1173.3333333333333,2210.133333333333,-2852.2666666666664
1175,-733.8666666666667,3357.866666666667,-2295.4666666666667
1176,405.3333333333333,802.1333333333333,1378.1333333333332
1177,-258.1333333333333,667.7333333333333,891.7333333333333
1178,21.333333333333332,89.6,-1030.4
1179,74.66666666666667,-1380.2666666666667,-569.6
1180,-55.46666666666667,-1213.8666666666666,-1838.9333333333334
1181,-439.46666666666664,215.46666666666667,-2163.2
1182,121.6,1600.0,-1952.0
1183,-219.73333333333332,1169.0666666666666,-2107.733333333333
1184,-1224.5333333333333,2050.133333333333,-2272.0
1185,-780.8,2519.4666666666667,-2679.4666666666667
1186,-401.06666666666666,2129.0666666666666,-2658.133333333333
1187,-494.93333333333334,1604.2666666666667,-2363.733333333333
1188,-582.4,1258.6666666666667,-2348.8
1189,-586.6666666666666,631.4666666666667,-1913.6
1190,-262.4,878.9333333333333,-1676.8
1191,-106.66666666666667,635.7333333333333,-1365.3333333333333
1192,-89.6,379.73333333333335,-1013.3333333333334
1193,-224.0,375.46666666666664,-945.0666666666666
1194,-315.73333333333335,381.8666666666667,-774.4
1195,-110.93333333333334,275.2,-571.7333333333333
1196,-34.13333333333333,110.93333333333334,-443.73333333333335
1197,46.93333333333333,113.06666666666666,-433.06666666666666
1198,-185.6,196.26666666666665,-433.06666666666666
1199,138.66666666666666,-96.0,-403.2
1200,-142.93333333333334,157.86666666666667,-450.1333333333333
1201,-172.8,192.0,-467.2
1202,38.4,-44.8,-428.8
1203,-49.06666666666666,74.66666666666667,-497.06666666666666
1204,-66.13333333333333,130.13333333333333,-548.2666666666667
1205,-200.53333333333333,219.73333333333332,-556.8
1206,-238.93333333333334,256.0,-469.3333333333333
1207,-371.2,298.6666666666667,-364.8
1208,-388.26666666666665,110.93333333333334,-181.33333333333334
1209,-352.0,128.0,-145.06666666666666
1210,-381.8666666666667,142.93333333333334,-76.8
1211,-462.93333333333334,249.6,-104.53333333333333
1212,-354.1333333333333,249.6,-57.6
1213,-305.06666666666666,302.93333333333334,-36.266666666666666
1214,-260.26666666666665,315.73333333333335,-40.53333333333333
1215,-130.13333333333333,251.73333333333332,-17.066666666666666
1216,-153.6,253.86666666666667,-40.53333333333333
1217,-215.46666666666667,264.5333333333333,-106.66666666666667
1218,-194.13333333333333,230.4,-155.73333333333332
1219,-183.46666666666667,192.0,-198.4
1220,-219.73333333333332,200.53333333333333,-234.66666666666666
1221,-273.06666666666666,204.8,-260.26666666666665
1222,-317.8666666666667,234.66666666666666,-288.0
1223,-172.8,115.2,-245.33333333333334
1224,-128.0,102.4,-300.8
1225,-200.53333333333333,81.06666666666666,-349.8666666666667
1226,-243.2,89.6,-384.0
1227,-251.73333333333332,72.53333333333333,-413.8666666666667
1228,-166.4,46.93333333333333,-366.93333333333334
1229,-138.66666666666666,132.26666666666665,-403.2
1230,-270.93333333333334,61.86666666666667,-428.8
1231,-85.33333333333333,134.4,-443.73333333333335
1232,-232.53333333333333,136.53333333333333,-379.73333333333335
1233,-311.46666666666664,140.8,-371.2
1234,-251.73333333333332,140.8,-448.0
1235,-200.53333333333333,100.26666666666667,-439.46666666666664
1236,-256.0,98.13333333333333,-520.5333333333333
1237,-270.93333333333334,130.13333333333333,-612.2666666666667
1238,-238.93333333333334,98.13333333333333,-603.7333333333333
1239,-238.93333333333334,128.0,-640.0
1240,-196.26666666666665,138.66666666666666,-657.0666666666666
1241,-217.6,117.33333333333333,-646.4
1242,-217.6,117.33333333333333,-684.8
1243,-253.86666666666667,104.53333333333333,-701.8666666666667
1244,-270.93333333333334,117.33333333333333,-704.0
1245,-273.06666666666666,136.53333333333333,-699.7333333333333
1246,-245.33333333333334,113.06666666666666,-682.6666666666666
1247,-209.06666666666666,106.66666666666667,-661.3333333333334
1248,-221.86666666666667,115.2,-667.7333333333333
1249,-215.46666666666667,98.13333333333333,-652.8
1250,-194.13333333333333,123.73333333333333,-605.8666666666667
1251,-196.26666666666665,98.13333333333333,-601.6
1252,-185.6,98.13333333333333,-588.8
1253,-194.13333333333333,91.73333333333333,-539.7333333333333
1254,-228.26666666666665,172.8,-554.6666666666666
1255,-160.0,83.2,-522.6666666666666
1256,-164.26666666666665,78.93333333333334,-533.3333333333334
1257,-209.06666666666666,115.2,-503.46666666666664
1258,-170.66666666666666,160.0,-512.0
1259,-147.2,110.93333333333334,-482.1333333333333
1260,-177.06666666666666,66.13333333333333,-497.06666666666666
1261,-162.13333333333333,68.26666666666667,-509.8666666666667
1262,-209.06666666666666,113.06666666666666,-475.73333333333335
1263,-147.2,151.46666666666667,-486.4
1264,-157.86666666666667,106.66666666666667,-484.26666666666665
1265,-149.33333333333334,64.0,-501.3333333333333
1266,-153.6,61.86666666666667,-509.8666666666667
1267,-142.93333333333334,76.8,-497.06666666666666
1268,-138.66666666666666,81.06666666666666,-484.26666666666665
1269,-155.73333333333332,76.8,-497.06666666666666
1270,-140.8,113.06666666666666,-486.4
1271,-138.66666666666666,93.86666666666666,-497.06666666666666
1272,-147.2,89.6,-501.3333333333333
1273,-151.46666666666667,89.6,-488.5333333333333
1274,-145.06666666666666,91.73333333333333,-499.2
1275,-140.8,98.13333333333333,-492.8
1276,-149.33333333333334,104.53333333333333,-494.93333333333334
1277,-147.2,106.66666666666667,-490.6666666666667
1278,-145.06666666666666,100.26666666666667,-501.3333333333333
1279,-145.06666666666666,96.0,-501.3333333333333
1280,-153.6,106.66666666666667,-509.8666666666667
1281,-142.93333333333334,100.26666666666667,-512.0
1282,-153.6,98.13333333333333,-507.73333333333335
1283,-151.46666666666667,102.4,-518.4
1284,-155.73333333333332,110.93333333333334,-526.9333333333333
1285,-145.06666666666666,106.66666666666667,-529.0666666666666
1286,-192.0,108.8,-561.0666666666666
1287,-145.06666666666666,113.06666666666666,-544.0
1288,-147.2,119.46666666666667,-518.4
1289,-149.33333333333334,130.13333333333333,-518.4
1290,-170.66666666666666,108.8,-537.6
1291,-170.66666666666666,108.8,-535.4666666666667
1292,-166.4,113.06666666666666,-535.4666666666667
1293,-157.86666666666667,106.66666666666667,-516.2666666666667
1294,-164.26666666666665,119.46666666666667,-533.3333333333334
1295,-164.26666666666665,119.46666666666667,-537.6
1296,-168.53333333333333,119.46666666666667,-544.0
1297,-166.4,110.93333333333334,-539.7333333333333
1298,-164.26666666666665,113.06666666666666,-537.6
1299,-164.26666666666665,117.33333333333333,-541.8666666666667
1300,-166.4,121.6,-537.6
1301,-168.53333333333333,119.46666666666667,-533.3333333333334
1302,-170.66666666666666,119.46666666666667,-522.6666666666666
1303,-185.6,125.86666666666666,-539.7333333333333
1304,-166.4,119.46666666666667,-520.5333333333333
1305,-170.66666666666666,121.6,-512.0
1306,-174.93333333333334,121.6,-503.46666666666664
1307,-168.53333333333333,117.33333333333333,-505.59999999999997
1308,-168.53333333333333,117.33333333333333,-503.46666666666664
1309,-166.4,123.73333333333333,-512.0
1310,-170.66666666666666,117.33333333333333,-512.0
1311,-172.8,119.46666666666667,-507.73333333333335
1312,-166.4,117.33333333333333,-518.4
1313,-166.4,119.46666666666667,-507.73333333333335
1314,-174.93333333333334,121.6,-505.59999999999997
1315,-170.66666666666666,119.46666666666667,-509.8666666666667
1316,-172.8,115.2,-499.2
1317,-172.8,117.33333333333333,-501.3333333333333
1318,-166.4,110.93333333333334,-492.8
1319,-164.26666666666665,113.06666666666666,-494.93333333333334
1320,-170.66666666666666,108.8,-497.06666666666666
1321,-172.8,121.6,-494.93333333333334
1322,-162.13333333333333,113.06666666666666,-501.3333333333333
1323,-164.26666666666665,115.2,-505.59999999999997
1324,-164.26666666666665,108.8,-507.73333333333335
1325,-168.53333333333333,110.93333333333334,-524.8
1326,-160.0,108.8,-514.1333333333333
1327,-172.8,117.33333333333333,-516.2666666666667
1328,-160.0,108.8,-507.73333333333335
1329,-168.53333333333333,117.33333333333333,-503.46666666666664
1330,-160.0,106.66666666666667,-516.2666666666667
1331,-160.0,110.93333333333334,-512.0
1332,-164.26666666666665,115.2,-514.1333333333333
1333,-168.53333333333333,104.53333333333333,-520.5333333333333
1334,-162.13333333333333,113.06666666666666,-509.8666666666667
1335,-162.13333333333333,110.93333333333334,-512.0
1336,-157.86666666666667,104.53333333333333,-529.0666666666666
1337,-164.26666666666665,113.06666666666666,-516.2666666666667
1338,-166.4,117.33333333333333,-522.6666666666666
1339,-168.53333333333333,113.06666666666666,-524.8
1340,-164.26666666666665,117.33333333333333,-514.1333333333333
1341,-155.73333333333332,108.8,-520.5333333333333
1342,-160.0,115.2,-520.5333333333333
1343,-164.26666666666665,108.8,-518.4
1344,-162.13333333333333,117.33333333333333,-524.8
1345,-164.26666666666665,108.8,-522.6666666666666
1346,-170.66666666666666,113.06666666666666,-533.3333333333334
1347,-166.4,110.93333333333334,-529.0666666666666
1348,-168.53333333333333,110.93333333333334,-529.0666666666666
1349,-166.4,119.46666666666667,-533.3333333333334
1350,-160.0,115.2,-533.3333333333334
1351,-164.26666666666665,121.6,-529.0666666666666
1352,-164.26666666666665,121.6,-539.7333333333333
1353,-157.86666666666667,113.06666666666666,-524.8
1354,-164.26666666666665,117.33333333333333,-531.2
1355,-164.26666666666665,121.6,-537.6
1356,-160.0,117.33333333333333,-531.2
1357,-164.26666666666665,115.2,-526.9333333333333
1358,-164.26666666666665,117.33333333333333,-520.5333333333333
1359,-168.53333333333333,117.33333333333333,-518.4
1360,-153.6,117.33333333333333,-520.5333333333333
1361,-155.73333333333332,117.33333333333333,-505.59999999999997
1362,-166.4,113.06666666666666,-505.59999999999997
1363,-160.0,119.46666666666667,-514.1333333333333
1364,-164.26666666666665,119.46666666666667,-512.0
1365,-164.26666666666665,115.2,-518.4
1366,-162.13333333333333,117.33333333333333,-514.1333333333333
1367,-164.26666666666665,119.46666666666667,-518.4
1368,-157.86666666666667,117.33333333333333,-503.46666666666664
1369,-162.13333333333333,123.73333333333333,-505.59999999999997
1370,-157.86666666666667,117.33333333333333,-509.8666666666667
1371,-162.13333333333333,121.6,-512.0
1372,-166.4,117.33333333333333,-503.46666666666664
1373,-168.53333333333333,119.46666666666667,-512.0
1374,-162.13333333333333,123.73333333333333,-512.0
1375,-166.4,119.46666666666667,-520.5333333333333
1376,-157.86666666666667,117.33333333333333,-514.1333333333333
1377,-162.13333333333333,115.2,-512.0
1378,-168.53333333333333,123.73333333333333,-514.1333333333333
1379,-172.8,128.0,-509.8666666666667
1380,-164.26666666666665,115.2,-499.2
1381,-164.26666666666665,123.73333333333333,-512.0
1382,-166.4,117.33333333333333,-516.2666666666667
1383,-166.4,119.46666666666667,-507.73333333333335
1384,-166.4,119.46666666666667,-509.8666666666667
1385,-170.66666666666666,117.33333333333333,-512.0
1386,-177.06666666666666,121.6,-507.73333333333335
1387,-162.13333333333333,119.46666666666667,-520.5333333333333
1388,-166.4,121.6,-512.0
1389,-162.13333333333333,123.73333333333333,-520.5333333333333
1390,-168.53333333333333,117.33333333333333,-497.06666666666666
1391,-172.8,119.46666666666667,-509.8666666666667
1392,-174.93333333333334,119.46666666666667,-514.1333333333333
1393,-170.66666666666666,119.46666666666667,-516.2666666666667
1394,-166.4,115.2,-509.8666666666667
1395,-166.4,115.2,-520.5333333333333
1396,-166.4,117.33333333333333,-509.8666666666667
1397,-166.4,115.2,-514.1333333333333
1398,-168.53333333333333,115.2,-509.8666666666667
1399,-168.53333333333333,123.73333333333333,-514.1333333333333
1400,-157.86666666666667,121.6,-512.0
1401,-166.4,113.06666666666666,-501.3333333333333
1402,-162.13333333333333,117.33333333333333,-518.4
1403,-168.53333333333333,123.73333333333333,-514.1333333333333
1404,-168.53333333333333,113.06666666666666,-512.0
1405,-172.8,121.6,-520.5333333333333
1406,-166.4,119.46666666666667,-522.6666666666666
1407,-168.53333333333333,117.33333333333333,-518.4
1408,-170.66666666666666,121.6,-520.5333333333333
1409,-174.93333333333334,121.6,-522.6666666666666
1410,-168.53333333333333,117.33333333333333,-501.3333333333333
1411,-166.4,115.2,-514.1333333333333
1412,-170.66666666666666,125.86666666666666,-509.8666666666667
1413,-168.53333333333333,117.33333333333333,-512.0
1414,-164.26666666666665,115.2,-514.1333333333333
1415,-166.4,121.6,-507.73333333333335
1416,-162.13333333333333,119.46666666666667,-512.0
1417,-164.26666666666665,121.6,-520.5333333333333
1418,-170.66666666666666,117.33333333333333,-516.2666666666667
1419,-168.53333333333333,125.86666666666666,-509.8666666666667
1420,-162.13333333333333,119.46666666666667,-507.73333333333335
1421,-168.53333333333333,119.46666666666667,-505.59999999999997
1422,-170.66666666666666,115.2,-518.4
1423,-179.2,110.93333333333334,-507.73333333333335
1424,-170.66666666666666,123.73333333333333,-514.1333333333333
1425,-168.53333333333333,123.73333333333333,-514.1333333333333
1426,-162.13333333333333,121.6,-512.0
1427,-170.66666666666666,121.6,-514.1333333333333
1428,-162.13333333333333,128.0,-514.1333333333333
1429,-168.53333333333333,119.46666666666667,-518.4
1430,-166.4,128.0,-509.8666666666667
1431,-164.26666666666665,130.13333333333333,-520.5333333333333
1432,-166.4,119.46666666666667,-516.2666666666667
1433,-179.2,121.6,-531.2
1434,-168.53333333333333,125.86666666666666,-509.8666666666667
1435,-164.26666666666665,125.86666666666666,-509.8666666666667
1436,-166.4,121.6,-505.59999999999997
1437,-164.26666666666665,125.86666666666666,-512.0
1438,-172.8,125.86666666666666,-516.2666666666667
1439,-164.26666666666665,121.6,-518.4
1440,-157.86666666666667,117.33333333333333,-514.1333333333333
1441,-162.13333333333333,121.6,-503.46666666666664
1442,-160.0,125.86666666666666,-516.2666666666667
1443,-168.53333333333333,121.6,-509.8666666666667
1444,-157.86666666666667,119.46666666666667,-516.2666666666667
1445,-164.26666666666665,125.86666666666666,-520.5333333333333
1446,-162.13333333333333,121.6,-503.46666666666664
1447,-168.53333333333333,125.86666666666666,-516.2666666666667
1448,-160.0,128.0,-507.73333333333335
1449,-170.66666666666666,130.13333333333333,-512.0
1450,-170.66666666666666,128.0,-505.59999999999997
1451,-164.26666666666665,125.86666666666666,-505.59999999999997
1452,-168.53333333333333,123.73333333333333,-507.73333333333335
1453,-164.26666666666665,121.6,-509.8666666666667
1454,-164.26666666666665,128.0,-516.2666666666667
1455,-172.8,113.06666666666666,-512.0
1456,-162.13333333333333,125.86666666666666,-512.0
1457,-168.53333333333333,132.26666666666665,-512.0
1458,-164.26666666666665,121.6,-507.73333333333335
1459,-166.4,128.0,-518.4
1460,-160.0,123.73333333333333,-516.2666666666667
1461,-157.86666666666667,125.86666666666666,-520.5333333333333
1462,-162.13333333333333,123.73333333333333,-518.4
1463,-162.13333333333333,125.86666666666666,-516.2666666666667
1464,-172.8,128.0,-509.8666666666667
1465,-168.53333333333333,128.0,-526.9333333333333
1466,-155.73333333333332,117.33333333333333,-497.06666666666666
1467,-157.86666666666667,123.73333333333333,-516.2666666666667
1468,-166.4,132.26666666666665,-526.9333333333333
1469,-162.13333333333333,125.86666666666666,-514.1333333333333
1470,-166.4,121.6,-509.8666666666667
1471,-164.26666666666665,125.86666666666666,-501.3333333333333
1472,-160.0,130.13333333333333,-509.8666666666667
1473,-160.0,119.46666666666667,-524.8
1474,-162.13333333333333,123.73333333333333,-507.73333333333335
1475,-160.0,125.86666666666666,-501.3333333333333
1476,-166.4,119.46666666666667,-503.46666666666664
1477,-170.66666666666666,123.73333333333333,-520.5333333333333
1478,-166.4,121.6,-512.0
1479,-164.26666666666665,125.86666666666666,-512.0
1480,-166.4,121.6,-509.8666666666667
1481,-168.53333333333333,130.13333333333333,-518.4
1482,-164.26666666666665,121.6,-516.2666666666667
1483,-168.53333333333333,123.73333333333333,-509.8666666666667
1484,-168.53333333333333,123.73333333333333,-503.46666666666664
1485,-162.13333333333333,128.0,-512.0
1486,-157.86666666666667,123.73333333333333,-518.4
1487,-164.26666666666665,117.33333333333333,-516.2666666666667
1488,-168.53333333333333,119.46666666666667,-516.2666666666667
1489,-164.26666666666665,128.0,-518.4
1490,-166.4,128.0,-518.4
1491,-162.13333333333333,121.6,-512.0
1492,-164.26666666666665,128.0,-507.73333333333335
1493,-160.0,125.86666666666666,-507.73333333333335
1494,-170.66666666666666,128.0,-507.73333333333335
1495,-170.66666666666666,128.0,-497.06666666666666
1496,-164.26666666666665,125.86666666666666,-509.8666666666667
1497,-164.26666666666665,125.86666666666666,-512.0
1498,-164.26666666666665,121.6,-507.73333333333335
1499,-155.73333333333332,119.46666666666667,-501.3333333333333
1500,-162.13333333333333,125.86666666666666,-524.8
1501,-162.13333333333333,128.0,-531.2
1502,-157.86666666666667,121.6,-529.0666666666666
1503,-151.46666666666667,119.46666666666667,-529.0666666666666
1504,-160.0,119.46666666666667,-531.2
1505,-162.13333333333333,121.6,-520.5333333333333
1506,-155.73333333333332,117.33333333333333,-520.5333333333333
1507,-157.86666666666667,117.33333333333333,-522.6666666666666
1508,-160.0,123.73333333333333,-509.8666666666667
1509,-160.0,108.8,-522.6666666666666
1510,-153.6,119.46666666666667,-512.0
1511,-153.6,117.33333333333333,-514.1333333333333
1512,-157.86666666666667,117.33333333333333,-507.73333333333335
1513,-157.86666666666667,123.73333333333333,-514.1333333333333
1514,-160.0,128.0,-516.2666666666667
1515,-155.73333333333332,121.6,-522.6666666666666
1516,-151.46666666666667,117.33333333333333,-509.8666666666667
1517,-153.6,113.06666666666666,-514.1333333333333
1518,-149.33333333333334,121.6,-514.1333333333333
1519,-155.73333333333332,125.86666666666666,-524.8
1520,-160.0,117.33333333333333,-518.4
1521,-160.0,128.0,-526.9333333333333
1522,-153.6,123.73333333333333,-520.5333333333333
1523,-153.6,125.86666666666666,-516.2666666666667
1524,-151.46666666666667,119.46666666666667,-518.4
1525,-149.33333333333334,119.46666666666667,-516.2666666666667
1526,-162.13333333333333,121.6,-518.4
1527,-166.4,115.2,-503.46666666666664
1528,-160.0,125.86666666666666,-518.4
1529,-160.0,123.73333333333333,-507.73333333333335
1530,-155.73333333333332,119.46666666666667,-512.0
1531,-168.53333333333333,108.8,-512.0
1532,-153.6,115.2,-518.4
1533,-162.13333333333333,121.6,-522.6666666666666
1534,-157.86666666666667,121.6,-518.4
1535,-160.0,121.6,-524.8
1536,-157.86666666666667,128.0,-514.1333333333333
1537,-151.46666666666667,121.6,-516.2666666666667
1538,-164.26666666666665,132.26666666666665,-520.5333333333333
1539,-160.0,117.33333333333333,-514.1333333333333
1540,-160.0,119.46666666666667,-509.8666666666667
1541,-162.13333333333333,121.6,-522.6666666666666
1542,-164.26666666666665,113.06666666666666,-518.4
1543,-157.86666666666667,121.6,-520.5333333333333
1544,-160.0,123.73333333333333,-522.6666666666666
1545,-155.73333333333332,119.46666666666667,-507.73333333333335
1546,-160.0,123.73333333333333,-514.1333333333333
1547,-157.86666666666667,121.6,-516.2666666666667
1548,-157.86666666666667,123.73333333333333,-522.6666666666666
1549,-164.26666666666665,121.6,-503.46666666666664
1550,-160.0,125.86666666666666,-518.4
1551,-157.86666666666667,115.2,-512.0
1552,-155.73333333333332,121.6,-514.1333333333333
1553,-155.73333333333332,108.8,-514.1333333333333
1554,-157.86666666666667,123.73333333333333,-518.4
1555,-155.73333333333332,117.33333333333333,-520.5333333333333
1556,-157.86666666666667,117.33333333333333,-514.1333333333333
1557,-160.0,119.46666666666667,-516.2666666666667
1558,-160.0,115.2,-509.8666666666667
1559,-162.13333333333333,130.13333333333333,-524.8
1560,-157.86666666666667,123.73333333333333,-520.5333333333333
1561,-155.73333333333332,119.46666666666667,-509.8666666666667
1562,-164.26666666666665,125.86666666666666,-516.2666666666667
1563,-162.13333333333333,128.0,-533.3333333333334
1564,-160.0,119.46666666666667,-526.9333333333333
1565,-160.0,119.46666666666667,-516.2666666666667
1566,-157.86666666666667,119.46666666666667,-518.4
1567,-153.6,115.2,-516.2666666666667
1568,-155.73333333333332,117.33333333333333,-509.8666666666667
1569,-157.86666666666667,119.46666666666667,-512.0
1570,-160.0,119.46666666666667,-522.6666666666666
1571,-153.6,117.33333333333333,-524.8
1572,-153.6,121.6,-512.0
1573,-151.46666666666667,119.46666666666667,-516.2666666666667
1574,-142.93333333333334,123.73333333333333,-512.0
1575,-155.73333333333332,119.46666666666667,-520.5333333333333
1576,-155.73333333333332,121.6,-509.8666666666667
1577,-160.0,125.86666666666666,-516.2666666666667
1578,-160.0,121.6,-520.5333333333333
1579,-147.2,123.73333333333333,-516.2666666666667
1580,-162.13333333333333,125.86666666666666,-509.8666666666667
1581,-162.13333333333333,119.46666666666667,-524.8
1582,-160.0,115.2,-509.8666666666667
1583,-157.86666666666667,121.6,-526.9333333333333
1584,-147.2,117.33333333333333,-518.4
1585,-166.4,123.73333333333333,-509.8666666666667
1586,-160.0,123.73333333333333,-516.2666666666667
1587,-157.86666666666667,123.73333333333333,-518.4
1588,-155.73333333333332,121.6,-520.5333333333333
1589,-155.73333333333332,121.6,-507.73333333333335
1590,-155.73333333333332,121.6,-518.4
1591,-157.86666666666667,121.6,-522.6666666666666
1592,-157.86666666666667,121.6,-518.4
1593,-160.0,119.46666666666667,-512.0
1594,-155.73333333333332,117.33333333333333,-505.59999999999997
1595,-162.13333333333333,123.73333333333333,-518.4
1596,-155.73333333333332,113.06666666666666,-524.8
1597,-155.73333333333332,119.46666666666667,-520.5333333333333
1598,-153.6,117.33333333333333,-520.5333333333333
1599,-153.6,115.2,-512.0
1600,-155.73333333333332,121.6,-512.0
1601,-155.73333333333332,119.46666666666667,-520.5333333333333
1602,-160.0,117.33333333333333,-509.8666666666667
1603,-160.0,117.33333333333333,-522.6666666666666
1604,-155.73333333333332,117.33333333333333,-516.2666666666667
1605,-162.13333333333333,113.06666666666666,-514.1333333333333
1606,-155.73333333333332,117.33333333333333,-524.8
1607,-164.26666666666665,110.93333333333334,-516.2666666666667
1608,-155.73333333333332,119.46666666666667,-514.1333333333333
1609,-147.2,117.33333333333333,-522.6666666666666
1610,-164.26666666666665,123.73333333333333,-514.1333333333333
1611,-155.73333333333332,119.46666666666667,-512.0
1612,-155.73333333333332,119.46666666666667,-512.0
1613,-153.6,117.33333333333333,-529.0666666666666
1614,-160.0,117.33333333333333,-520.5333333333333
1615,-153.6,115.2,-516.2666666666667
1616,-160.0,117.33333333333333,-507.73333333333335
1617,-160.0,106.66666666666667,-505.59999999999997
1618,-153.6,121.6,-512.0
1619,-155.73333333333332,115.2,-518.4
1620,-157.86666666666667,119.46666666666667,-514.1333333333333
1621,-153.6,117.33333333333333,-522.6666666666666
1622,-149.33333333333334,113.06666666666666,-516.2666666666667
1623,-157.86666666666667,117.33333333333333,-516.2666666666667
1624,-160.0,121.6,-520.5333333333333
1625,-160.0,117.33333333333333,-512.0
1626,-160.0,121.6,-524.8
1627,-160.0,115.2,-516.2666666666667
1628,-166.4,102.4,-509.8666666666667
1629,-157.86666666666667,117.33333333333333,-514.1333333333333
1630,-155.73333333333332,119.46666666666667,-516.2666666666667
1631,-155.73333333333332,121.6,-505.59999999999997
1632,-160.0,123.73333333333333,-518.4
1633,-162.13333333333333,128.0,-520.5333333333333
1634,-155.73333333333332,115.2,-520.5333333333333
1635,-157.86666666666667,119.46666666666667,-512.0
1636,-153.6,115.2,-507.73333333333335
1637,-157.86666666666667,115.2,-512.0
1638,-160.0,115.2,-514.1333333333333
1639,-162.13333333333333,104.53333333333333,-524.8
1640,-164.26666666666665,115.2,-520.5333333333333
1641,-157.86666666666667,121.6,-518.4
1642,-153.6,119.46666666666667,-516.2666666666667
1643,-153.6,110.93333333333334,-518.4
1644,-155.73333333333332,115.2,-516.2666666666667
1645,-157.86666666666667,123.73333333333333,-514.1333333333333
1646,-160.0,117.33333333333333,-505.59999999999997
1647,-160.0,110.93333333333334,-520.5333333333333
1648,-153.6,119.46666666666667,-516.2666666666667
1649,-153.6,113.06666666666666,-522.6666666666666
1650,-155.73333333333332,123.73333333333333,-522.6666666666666
1651,-160.0,121.6,-516.2666666666667
1652,-151.46666666666667,119.46666666666667,-516.2666666666667
1653,-151.46666666666667,121.6,-518.4
1654,-157.86666666666667,123.73333333333333,-531.2
1655,-155.73333333333332,119.46666666666667,-512.0
1656,-153.6,117.33333333333333,-518.4
1657,-155.73333333333332,115.2,-529.0666666666666
1658,-160.0,119.46666666666667,-524.8
1659,-149.33333333333334,113.06666666666666,-524.8
1660,-151.46666666666667,119.46666666666667,-509.8666666666667
1661,-153.6,115.2,-514.1333333333333
1662,-157.86666666666667,113.06666666666666,-518.4
1663,-153.6,113.06666666666666,-509.8666666666667
1664,-149.33333333333334,108.8,-524.8
1665,-160.0,123.73333333333333,-512.0
1666,-153.6,110.93333333333334,-520.5333333333333
1667,-149.33333333333334,119.46666666666667,-518.4
1668,-155.73333333333332,115.2,-516.2666666666667
1669,-149.33333333333334,110.93333333333334,-520.5333333333333
1670,-160.0,115.2,-520.5333333333333
1671,-147.2,110.93333333333334,-501.3333333333333
1672,-155.73333333333332,115.2,-512.0
1673,-149.33333333333334,117.33333333333333,-516.2666666666667
1674,-155.73333333333332,115.2,-522.6666666666666
1675,-157.86666666666667,119.46666666666667,-518.4
1676,-155.73333333333332,115.2,-516.2666666666667
1677,-153.6,123.73333333333333,-512.0
1678,-157.86666666666667,117.33333333333333,-516.2666666666667
1679,-164.26666666666665,115.2,-518.4
1680,-157.86666666666667,115.2,-522.6666666666666
1681,-153.6,117.33333333333333,-516.2666666666667
1682,-147.2,113.06666666666666,-522.6666666666666
1683,-155.73333333333332,115.2,-522.6666666666666
1684,-155.73333333333332,115.2,-520.5333333333333
1685,-160.0,123.73333333333333,-522.6666666666666
1686,-155.73333333333332,115.2,-520.5333333333333
1687,-160.0,117.33333333333333,-516.2666666666667
1688,-155.73333333333332,119.46666666666667,-524.8
1689,-153.6,115.2,-514.1333333333333
1690,-160.0,119.46666666666667,-514.1333333333333
1691,-153.6,121.6,-516.2666666666667
1692,-155.73333333333332,121.6,-518.4
1693,-153.6,108.8,-522.6666666666666
1694,-162.13333333333333,119.46666666666667,-516.2666666666667
1695,-160.0,119.46666666666667,-520.5333333333333
1696,-153.6,115.2,-524.8
1697,-153.6,115.2,-514.1333333333333
1698,-153.6,119.46666666666667,-522.6666666666666
1699,-153.6,110.93333333333334,-514.1333333333333
1700,-149.33333333333334,121.6,-516.2666666666667
1701,-155.73333333333332,115.2,-516.2666666666667
1702,-147.2,121.6,-509.8666666666667
1703,-155.73333333333332,117.33333333333333,-516.2666666666667
1704,-164.26666666666665,110.93333333333334,-505.59999999999997
1705,-155.73333333333332,121.6,-512.0
1706,-155.73333333333332,117.33333333333333,-524.8
1707,-149.33333333333334,117.33333333333333,-526.9333333333333
1708,-153.6,123.73333333333333,-522.6666666666666
1709,-155.73333333333332,121.6,-514.1333333333333
1710,-149.33333333333334,121.6,-514.1333333333333
1711,-155.73333333333332,113.06666666666666,-522.6666666666666
1712,-153.6,117.33333333333333,-518.4
1713,-153.6,113.06666666666666,-516.2666666666667
1714,-166.4,119.46666666666667,-524.8
1715,-149.33333333333334,119.46666666666667,-520.5333333333333
1716,-157.86666666666667,115.2,-518.4
1717,-157.86666666666667,123.73333333333333,-518.4
1718,-155.73333333333332,119.46666666666667,-522.6666666666666
1719,-151.46666666666667,117.33333333333333,-512.0
1720,-153.6,117.33333333333333,-518.4
1721,-164.26666666666665,119.46666666666667,-524.8
1722,-153.6,123.73333333333333,-529.0666666666666
1723,-153.6,119.46666666666667,-512.0
1724,-155.73333333333332,123.73333333333333,-516.2666666666667
1725,-157.86666666666667,113.06666666666666,-537.6
1726,-155.73333333333332,108.8,-529.0666666666666
1727,-153.6,117.33333333333333,-520.5333333333333
1728,-149.33333333333334,110.93333333333334,-522.6666666666666
1729,-155.73333333333332,115.2,-516.2666666666667
1730,-153.6,121.6,-518.4
1731,-162.13333333333333,117.33333333333333,-516.2666666666667
1732,-149.33333333333334,115.2,-509.8666666666667
1733,-155.73333333333332,117.33333333333333,-516.2666666666667
1734,-160.0,108.8,-516.2666666666667
1735,-151.46666666666667,104.53333333333333,-503.46666666666664
1736,-160.0,110.93333333333334,-503.46666666666664
1737,-147.2,125.86666666666666,-497.06666666666666
1738,-153.6,115.2,-514.1333333333333
1739,-155.73333333333332,110.93333333333334,-516.2666666666667
1740,-153.6,113.06666666666666,-518.4
1741,-151.46666666666667,119.46666666666667,-516.2666666666667
1742,-153.6,115.2,-522.6666666666666
1743,-155.73333333333332,110.93333333333334,-512.0
1744,-160.0,115.2,-509.8666666666667
1745,-147.2,115.2,-514.1333333333333
1746,-153.6,115.2,-522.6666666666666
1747,-151.46666666666667,125.86666666666666,-524.8
1748,-164.26666666666665,121.6,-514.1333333333333
1749,-157.86666666666667,121.6,-522.6666666666666
1750,-157.86666666666667,113.06666666666666,-522.6666666666666
1751,-157.86666666666667,121.6,-522.6666666666666
1752,-151.46666666666667,115.2,-512.0
1753,-149.33333333333334,117.33333333333333,-516.2666666666667
1754,-149.33333333333334,113.06666666666666,-514.1333333333333
1755,-155.73333333333332,117.33333333333333,-520.5333333333333
1756,-153.6,110.93333333333334,-518.4
1757,-162.13333333333333,119.46666666666667,-516.2666666666667
1758,-157.86666666666667,113.06666666666666,-524.8
1759,-160.0,113.06666666666666,-526.9333333333333
1760,-155.73333333333332,115.2,-516.2666666666667
1761,-157.86666666666667,115.2,-514.1333333333333
1762,-153.6,119.46666666666667,-516.2666666666667
1763,-155.73333333333332,113.06666666666666,-518.4
1764,-155.73333333333332,113.06666666666666,-524.8
1765,-155.73333333333332,119.46666666666667,-516.2666666666667
1766,-151.46666666666667,115.2,-512.0
1767,-162.13333333333333,113.06666666666666,-516.2666666666667
1768,-162.13333333333333,121.6,-516.2666666666667
1769,-147.2,104.53333333333333,-518.4
1770,-153.6,117.33333333333333,-516.2666666666667
1771,-151.46666666666667,113.06666666666666,-512.0
1772,-157.86666666666667,123.73333333333333,-516.2666666666667
1773,-155.73333333333332,117.33333333333333,-520.5333333333333
1774,-153.6,115.2,-507.73333333333335
1775,-160.0,117.33333333333333,-509.8666666666667
1776,-151.46666666666667,115.2,-520.5333333333333
1777,-155.73333333333332,117.33333333333333,-524.8
1778,-162.13333333333333,115.2,-520.5333333333333
1779,-153.6,121.6,-529.0666666666666
1780,-162.13333333333333,115.2,-509.8666666666667
1781,-160.0,121.6,-524.8
1782,-155.73333333333332,113.06666666666666,-518.4
1783,-160.0,123.73333333333333,-514.1333333333333
1784,-157.86666666666667,121.6,-512.0
1785,-162.13333333333333,119.46666666666667,-514.1333333333333
1786,-164.26666666666665,121.6,-524.8
1787,-157.86666666666667,123.73333333333333,-518.4
1788,-162.13333333333333,119.46666666666667,-522.6666666666666
1789,-164.26666666666665,119.46666666666667,-514.1333333333333
1790,-164.26666666666665,121.6,-529.0666666666666
1791,-151.46666666666667,115.2,-514.1333333333333
1792,-160.0,119.46666666666667,-516.2666666666667
1793,-166.4,121.6,-518.4
1794,-155.73333333333332,117.33333333333333,-514.1333333333333
1795,-157.86666666666667,121.6,-520.5333333333333
1796,-157.86666666666667,108.8,-514.1333333333333
1797,-164.26666666666665,121.6,-516.2666666666667
1798,-162.13333333333333,117.33333333333333,-512.0
1799,-162.13333333333333,113.06666666666666,-514.1333333333333
1800,-160.0,108.8,-507.73333333333335
1801,-151.46666666666667,119.46666666666667,-516.2666666666667
1802,-162.13333333333333,123.73333333333333,-514.1333333333333
1803,-155.73333333333332,115.2,-509.8666666666667
1804,-155.73333333333332,121.6,-512.0
1805,-157.86666666666667,117.33333333333333,-509.8666666666667
1806,-155.73333333333332,117.33333333333333,-512.0
1807,-155.73333333333332,117.33333333333333,-512.0
1808,-160.0,128.0,-516.2666666666667
1809,-160.0,125.86666666666666,-512.0
1810,-160.0,128.0,-516.2666666666667
1811,-168.53333333333333,123.73333333333333,-518.4
1812,-155.73333333333332,121.6,-520.5333333333333
1813,-153.6,117.33333333333333,-518.4
1814,-160.0,117.33333333333333,-516.2666666666667
1815,-157.86666666666667,123.73333333333333,-524.8
1816,-153.6,119.46666666666667,-514.1333333333333
1817,-157.86666666666667,119.46666666666667,-516.2666666666667
1818,-162.13333333333333,117.33333333333333,-512.0
1819,-160.0,121.6,-518.4
1820,-157.86666666666667,119.46666666666667,-518.4
1821,-160.0,123.73333333333333,-514.1333333333333
1822,-130.13333333333333,119.46666666666667,-505.59999999999997
1823,-157.86666666666667,115.2,-522.6666666666666
1824,-149.33333333333334,117.33333333333333,-516.2666666666667
1825,-153.6,108.8,-520.5333333333333
1826,-157.86666666666667,125.86666666666666,-526.9333333333333
1827,-153.6,121.6,-526.9333333333333
1828,-162.13333333333333,121.6,-514.1333333333333
1829,-160.0,113.06666666666666,-507.73333333333335
1830,-155.73333333333332,117.33333333333333,-505.59999999999997
1831,-157.86666666666667,106.66666666666667,-516.2666666666667
1832,-164.26666666666665,119.46666666666667,-522.6666666666666
1833,-151.46666666666667,117.33333333333333,-512.0
1834,-160.0,121.6,-516.2666666666667
1835,-160.0,123.73333333333333,-512.0
1836,-155.73333333333332,117.33333333333333,-507.73333333333335
1837,-155.73333333333332,117.33333333333333,-518.4
1838,-160.0,121.6,-518.4
1839,-155.73333333333332,125.86666666666666,-514.1333333333333
1840,-164.26666666666665,117.33333333333333,-524.8
1841,-155.73333333333332,121.6,-516.2666666666667
1842,-168.53333333333333,121.6,-520.5333333333333
1843,-160.0,106.66666666666667,-514.1333333333333
1844,-147.2,108.8,-499.2
1845,-160.0,115.2,-514.1333333333333
1846,-162.13333333333333,123.73333333333333,-520.5333333333333
1847,-160.0,123.73333333333333,-512.0
1848,-155.73333333333332,113.06666666666666,-518.4
1849,-162.13333333333333,117.33333333333333,-514.1333333333333
1850,-162.13333333333333,119.46666666666667,-509.8666666666667
1851,-162.13333333333333,121.6,-520.5333333333333
1852,-157.86666666666667,117.33333333333333,-516.2666666666667
1853,-160.0,119.46666666666667,-526.9333333333333
1854,-155.73333333333332,115.2,-518.4
1855,-170.66666666666666,108.8,-516.2666666666667
1856,-160.0,119.46666666666667,-518.4
1857,-162.13333333333333,119.46666666666667,-520.5333333333333
1858,-162.13333333333333,117.33333333333333,-518.4
1859,-160.0,121.6,-522.6666666666666
1860,-162.13333333333333,121.6,-529.0666666666666
1861,-157.86666666666667,117.33333333333333,-514.1333333333333
1862,-162.13333333333333,115.2,-512.0
1863,-164.26666666666665,117.33333333333333,-524.8
1864,-160.0,117.33333333333333,-514.1333333333333
1865,-162.13333333333333,117.33333333333333,-507.73333333333335
1866,-157.86666666666667,117.33333333333333,-516.2666666666667
1867,-162.13333333333333,119.46666666666667,-516.2666666666667
1868,-155.73333333333332,115.2,-518.4
1869,-157.86666666666667,121.6,-518.4
1870,-160.0,117.33333333333333,-516.2666666666667
1871,-162.13333333333333,113.06666666666666,-512.0
1872,-149.33333333333334,115.2,-512.0
1873,-162.13333333333333,121.6,-514.1333333333333
1874,-155.73333333333332,117.33333333333333,-512.0
1875,-151.46666666666667,113.06666666666666,-518.4
1876,-164.26666666666665,119.46666666666667,-518.4
1877,-160.0,119.46666666666667,-514.1333333333333
1878,-157.86666666666667,119.46666666666667,-518.4
1879,-162.13333333333333,125.86666666666666,-518.4
1880,-155.73333333333332,117.33333333333333,-518.4
1881,-155.73333333333332,119.46666666666667,-509.8666666666667
1882,-155.73333333333332,117.33333333333333,-522.6666666666666
1883,-162.13333333333333,117.33333333333333,-516.2666666666667
1884,-155.73333333333332,115.2,-518.4
1885,-155.73333333333332,119.46666666666667,-518.4
1886,-160.0,113.06666666666666,-524.8
1887,-155.73333333333332,106.66666666666667,-514.1333333333333
1888,-153.6,123.73333333333333,-516.2666666666667
1889,-151.46666666666667,121.6,-524.8
1890,-157.86666666666667,115.2,-512.0
1891,-157.86666666666667,119.46666666666667,-518.4
1892,-157.86666666666667,119.46666666666667,-509.8666666666667
1893,-153.6,117.33333333333333,-505.59999999999997
1894,-157.86666666666667,121.6,-526.9333333333333
1895,-157.86666666666667,121.6,-518.4
1896,-157.86666666666667,115.2,-512.0
1897,-155.73333333333332,115.2,-512.0
1898,-157.86666666666667,128.0,-514.1333333333333
1899,-157.86666666666667,117.33333333333333,-520.5333333333333
1900,-153.6,108.8,-514.1333333333333
1901,-157.86666666666667,121.6,-516.2666666666667
1902,-151.46666666666667,104.53333333333333,-509.8666666666667
1903,-151.46666666666667,130.13333333333333,-529.0666666666666
1904,-162.13333333333333,121.6,-520.5333333333333
1905,-166.4,108.8,-512.0
1906,-157.86666666666667,121.6,-526.9333333333333
1907,-153.6,125.86666666666666,-520.5333333333333
1908,-153.6,121.6,-526.9333333333333
1909,-160.0,119.46666666666667,-512.0
1910,-153.6,119.46666666666667,-516.2666666666667
1911,-153.6,123.73333333333333,-514.1333333333333
1912,-160.0,117.33333333333333,-514.1333333333333
1913,-151.46666666666667,108.8,-516.2666666666667
1914,-153.6,117.33333333333333,-520.5333333333333
1915,-162.13333333333333,121.6,-512.0
1916,-164.26666666666665,115.2,-516.2666666666667
1917,-157.86666666666667,121.6,-516.2666666666667
1918,-147.2,117.33333333333333,-505.59999999999997
1919,-164.26666666666665,123.73333333333333,-526.9333333333333
1920,-157.86666666666667,121.6,-520.5333333333333
1921,-151.46666666666667,115.2,-516.2666666666667
1922,-157.86666666666667,119.46666666666667,-520.5333333333333
1923,-153.6,119.46666666666667,-520.5333333333333
1924,-160.0,119.46666666666667,-516.2666666666667
1925,-157.86666666666667,125.86666666666666,-526.9333333333333
1926,-151.46666666666667,119.46666666666667,-516.2666666666667
1927,-147.2,115.2,-512.0
1928,-153.6,113.06666666666666,-509.8666666666667
1929,-153.6,121.6,-509.8666666666667
1930,-153.6,119.46666666666667,-509.8666666666667
1931,-155.73333333333332,115.2,-520.5333333333333
1932,-160.0,115.2,-512.0
1933,-153.6,113.06666666666666,-514.1333333333333
1934,-153.6,121.6,-514.1333333333333
1935,-149.33333333333334,113.06666666666666,-522.6666666666666
1936,-164.26666666666665,123.73333333333333,-516.2666666666667
1937,-153.6,115.2,-514.1333333333333
1938,-155.73333333333332,115.2,-522.6666666666666
1939,-155.73333333333332,117.33333333333333,-509.8666666666667
1940,-155.73333333333332,121.6,-520.5333333333333
1941,-153.6,119.46666666666667,-518.4
1942,-151.46666666666667,115.2,-512.0
1943,-155.73333333333332,119.46666666666667,-514.1333333333333
1944,-157.86666666666667,123.73333333333333,-518.4
1945,-153.6,113.06666666666666,-522.6666666666666
1946,-157.86666666666667,115.2,-516.2666666666667
1947,-160.0,119.46666666666667,-520.5333333333333
1948,-160.0,121.6,-518.4
1949,-153.6,121.6,-516.2666666666667
1950,-162.13333333333333,115.2,-509.8666666666667
1951,-160.0,110.93333333333334,-518.4
1952,-166.4,130.13333333333333,-522.6666666666666
1953,-162.13333333333333,121.6,-514.1333333333333
1954,-153.6,119.46666666666667,-514.1333333333333
1955,-155.73333333333332,117.33333333333333,-509.8666666666667
1956,-155.73333333333332,121.6,-507.73333333333335
1957,-160.0,123.73333333333333,-509.8666666666667
1958,-155.73333333333332,123.73333333333333,-518.4
1959,-155.73333333333332,119.46666666666667,-518.4
1960,-153.6,117.33333333333333,-522.6666666666666
1961,-160.0,121.6,-516.2666666666667
1962,-160.0,113.06666666666666,-505.59999999999997
1963,-157.86666666666667,117.33333333333333,-518.4
1964,-157.86666666666667,113.06666666666666,-518.4
1965,-155.73333333333332,108.8,-516.2666666666667
1966,-155.73333333333332,119.46666666666667,-520.5333333333333
1967,-147.2,119.46666666666667,-516.2666666666667
1968,-155.73333333333332,121.6,-516.2666666666667
1969,-160.0,119.46666666666667,-518.4
1970,-151.46666666666667,121.6,-518.4
1971,-162.13333333333333,119.46666666666667,-522.6666666666666
1972,-157.86666666666667,119.46666666666667,-522.6666666666666
1973,-155.73333333333332,110.93333333333334,-514.1333333333333
1974,-157.86666666666667,123.73333333333333,-520.5333333333333
1975,-157.86666666666667,119.46666666666667,-514.1333333333333
1976,-157.86666666666667,121.6,-516.2666666666667
1977,-155.73333333333332,121.6,-514.1333333333333
1978,-155.73333333333332,119.46666666666667,-516.2666666666667
1979,-153.6,119.46666666666667,-514.1333333333333
1980,-153.6,119.46666666666667,-505.59999999999997
1981,-157.86666666666667,125.86666666666666,-518.4
1982,-157.86666666666667,108.8,-516.2666666666667
1983,-155.73333333333332,108.8,-505.59999999999997
1984,-166.4,110.93333333333334,-518.4
1985,-160.0,119.46666666666667,-520.5333333333333
1986,-160.0,119.46666666666667,-514.1333333333333
1987,-168.53333333333333,123.73333333333333,-518.4
1988,-160.0,115.2,-522.6666666666666
1989,-153.6,123.73333333333333,-514.1333333333333
1990,-160.0,119.46666666666667,-507.73333333333335
1991,-155.73333333333332,119.46666666666667,-507.73333333333335
1992,-157.86666666666667,119.46666666666667,-512.0
1993,-153.6,119.46666666666667,-520.5333333333333
1994,-157.86666666666667,123.73333333333333,-520.5333333333333
1995,-168.53333333333333,121.6,-514.1333333333333
1996,-155.73333333333332,119.46666666666667,-520.5333333333333
1997,-151.46666666666667,110.93333333333334,-514.1333333333333
1998,-157.86666666666667,121.6,-516.2666666666667
1999,-160.0,123.73333333333333,-518.4
2000,-153.6,117.33333333333333,-516.2666666666667
2001,-151.46666666666667,121.6,-514.1333333333333
2002,-153.6,119.46666666666667,-514.1333333333333
2003,-157.86666666666667,119.46666666666667,-516.2666666666667
2004,-151.46666666666667,113.06666666666666,-516.2666666666667
2005,-166.4,123.73333333333333,-520.5333333333333
2006,-155.73333333333332,110.93333333333334,-520.5333333333333
2007,-155.73333333333332,115.2,-520.5333333333333
2008,-149.33333333333334,115.2,-509.8666666666667
2009,-162.13333333333333,119.46666666666667,-512.0
2010,-157.86666666666667,121.6,-518.4
2011,-151.46666666666667,113.06666666666666,-516.2666666666667
2012,-155.73333333333332,115.2,-507.73333333333335
2013,-160.0,119.46666666666667,-518.4
2014,-157.86666666666667,117.33333333333333,-520.5333333333333
2015,-155.73333333333332,117.33333333333333,-518.4
2016,-149.33333333333334,117.33333333333333,-512.0
2017,-160.0,125.86666666666666,-526.9333333333333
2018,-162.13333333333333,117.33333333333333,-514.1333333333333
2019,-160.0,123.73333333333333,-503.46666666666664
2020,-155.73333333333332,119.46666666666667,-514.1333333333333
2021,-153.6,113.06666666666666,-505.59999999999997
2022,-151.46666666666667,117.33333333333333,-522.6666666666666
2023,-160.0,115.2,-518.4
2024,-151.46666666666667,104.53333333333333,-505.59999999999997
2025,-157.86666666666667,119.46666666666667,-518.4
2026,-151.46666666666667,117.33333333333333,-516.2666666666667
2027,-155.73333333333332,119.46666666666667,-520.5333333333333
2028,-151.46666666666667,113.06666666666666,-509.8666666666667
2029,-155.73333333333332,108.8,-514.1333333333333
2030,-155.73333333333332,119.46666666666667,-518.4
2031,-149.33333333333334,115.2,-516.2666666666667
2032,-153.6,119.46666666666667,-522.6666666666666
2033,-155.73333333333332,117.33333333333333,-512.0
2034,-151.46666666666667,119.46666666666667,-518.4
2035,-155.73333333333332,115.2,-520.5333333333333
2036,-151.46666666666667,110.93333333333334,-526.9333333333333
2037,-151.46666666666667,100.26666666666667,-514.1333333333333
2038,-149.33333333333334,134.4,-544.0
2039,-157.86666666666667,130.13333333333333,-512.0
2040,-157.86666666666667,119.46666666666667,-509.8666666666667
2041,-162.13333333333333,117.33333333333333,-516.2666666666667
2042,-149.33333333333334,117.33333333333333,-520.5333333333333
2043,-157.86666666666667,123.73333333333333,-526.9333333333333
2044,-155.73333333333332,123.73333333333333,-524.8
2045,-149.33333333333334,119.46666666666667,-509.8666666666667
2046,-155.73333333333332,123.73333333333333,-520.5333333333333
2047,-149.33333333333334,117.33333333333333,-509.8666666666667
2048,-155.73333333333332,121.6,-522.6666666666666
2049,-153.6,110.93333333333334,-514.1333333333333
2050,-153.6,130.13333333333333,-522.6666666666666
2051,-153.6,115.2,-520.5333333333333
2052,-153.6,117.33333333333333,-514.1333333333333
2053,-155.73333333333332,121.6,-524.8
2054,-153.6,121.6,-520.5333333333333
2055,-153.6,119.46666666666667,-526.9333333333333
2056,-157.86666666666667,123.73333333333333,-529.0666666666666
2057,-153.6,121.6,-522.6666666666666
2058,-147.2,119.46666666666667,-516.2666666666667
2059,-149.33333333333334,119.46666666666667,-512.0
2060,-160.0,104.53333333333333,-522.6666666666666
2061,-153.6,128.0,-512.0
2062,-153.6,115.2,-522.6666666666666
2063,-155.73333333333332,121.6,-522.6666666666666
2064,-153.6,117.33333333333333,-514.1333333333333
2065,-155.73333333333332,128.0,-522.6666666666666
2066,-151.46666666666667,117.33333333333333,-514.1333333333333
2067,-151.46666666666667,115.2,-512.0
2068,-155.73333333333332,121.6,-512.0
2069,-151.46666666666667,115.2,-516.2666666666667
2070,-149.33333333333334,117.33333333333333,-516.2666666666667
2071,-164.26666666666665,106.66666666666667,-514.1333333333333
2072,-153.6,121.6,-512.0
2073,-147.2,115.2,-514.1333333333333
2074,-147.2,115.2,-522.6666666666666
2075,-155.73333333333332,117.33333333333333,-526.9333333333333
2076,-147.2,125.86666666666666,-520.5333333333333
2077,-151.46666666666667,113.06666666666666,-516.2666666666667
2078,-151.46666666666667,115.2,-516.2666666666667
2079,-153.6,115.2,-531.2
2080,-155.73333333333332,115.2,-514.1333333333333
2081,-149.33333333333334,100.26666666666667,-516.2666666666667
2082,-147.2,113.06666666666666,-524.8
2083,-149.33333333333334,115.2,-514.1333333333333
2084,-149.33333333333334,119.46666666666667,-522.6666666666666
2085,-151.46666666666667,119.46666666666667,-512.0
2086,-151.46666666666667,119.46666666666667,-518.4
2087,-153.6,115.2,-516.2666666666667
2088,-155.73333333333332,119.46666666666667,-518.4
2089,-149.33333333333334,117.33333333333333,-524.8
2090,-151.46666666666667,108.8,-516.2666666666667
2091,-155.73333333333332,119.46666666666667,-529.0666666666666
2092,-149.33333333333334,117.33333333333333,-524.8
2093,-153.6,117.33333333333333,-514.1333333333333
2094,-153.6,117.33333333333333,-518.4
2095,-149.33333333333334,119.46666666666667,-522.6666666666666
2096,-157.86666666666667,117.33333333333333,-516.2666666666667
2097,-151.46666666666667,115.2,-524.8
2098,-155.73333333333332,119.46666666666667,-520.5333333333333
2099,-151.46666666666667,113.06666666666666,-524.8
2100,-151.46666666666667,110.93333333333334,-522.6666666666666
2101,-153.6,115.2,-516.2666666666667
2102,-160.0,119.46666666666667,-514.1333333333333
2103,-153.6,115.2,-512.0
2104,-151.46666666666667,117.33333333333333,-518.4
2105,-155.73333333333332,121.6,-518.4
2106,-147.2,113.06666666666666,-518.4
2107,-147.2,115.2,-520.5333333333333
2108,-151.46666666666667,121.6,-518.4
2109,-155.73333333333332,115.2,-520.5333333333333
2110,-153.6,123.73333333333333,-514.1333333333333
2111,-155.73333333333332,113.06666666666666,-522.6666666666666
2112,-149.33333333333334,115.2,-522.6666666666666
2113,-153.6,106.66666666666667,-518.4
2114,-151.46666666666667,119.46666666666667,-497.06666666666666
2115,-157.86666666666667,106.66666666666667,-520.5333333333333
2116,-149.33333333333334,110.93333333333334,-522.6666666666666
2117,-149.33333333333334,115.2,-518.4
2118,-151.46666666666667,113.06666666666666,-522.6666666666666
2119,-153.6,117.33333333333333,-518.4
2120,-149.33333333333334,108.8,-512.0
2121,-155.73333333333332,110.93333333333334,-524.8
2122,-151.46666666666667,117.33333333333333,-507.73333333333335
2123,-155.73333333333332,125.86666666666666,-531.2
2124,-153.6,106.66666666666667,-529.0666666666666
2125,-153.6,108.8,-522.6666666666666
2126,-149.33333333333334,117.33333333333333,-518.4
2127,-151.46666666666667,117.33333333333333,-526.9333333333333
2128,-151.46666666666667,117.33333333333333,-520.5333333333333
2129,-157.86666666666667,117.33333333333333,-524.8
2130,-151.46666666666667,117.33333333333333,-518.4
2131,-142.93333333333334,119.46666666666667,-524.8
2132,-153.6,115.2,-516.2666666666667
2133,-151.46666666666667,110.93333333333334,-514.1333333333333
2134,-147.2,108.8,-520.5333333333333
2135,-157.86666666666667,108.8,-518.4
2136,-149.33333333333334,113.06666666666666,-514.1333333333333
2137,-147.2,108.8,-522.6666666666666
2138,-155.73333333333332,115.2,-522.6666666666666
2139,-153.6,115.2,-516.2666666666667
2140,-149.33333333333334,110.93333333333334,-520.5333333333333
2141,-151.46666666666667,113.06666666666666,-516.2666666666667
2142,-151.46666666666667,106.66666666666667,-522.6666666666666
2143,-149.33333333333334,106.66666666666667,-520.5333333333333
2144,-155.73333333333332,121.6,-526.9333333333333
2145,-155.73333333333332,119.46666666666667,-524.8
2146,-160.0,128.0,-524.8
2147,-149.33333333333334,113.06666666666666,-518.4
2148,-149.33333333333334,121.6,-526.9333333333333
2149,-155.73333333333332,115.2,-509.8666666666667
2150,-157.86666666666667,117.33333333333333,-524.8
2151,-155.73333333333332,115.2,-520.5333333333333
2152,-155.73333333333332,119.46666666666667,-524.8
2153,-155.73333333333332,119.46666666666667,-524.8
2154,-149.33333333333334,108.8,-520.5333333333333
2155,-149.33333333333334,117.33333333333333,-518.4
2156,-164.26666666666665,113.06666666666666,-533.3333333333334
2157,-151.46666666666667,113.06666666666666,-524.8
2158,-157.86666666666667,119.46666666666667,-512.0
2159,-149.33333333333334,117.33333333333333,-516.2666666666667
2160,-151.46666666666667,115.2,-520.5333333333333
2161,-147.2,108.8,-514.1333333333333
2162,-149.33333333333334,115.2,-522.6666666666666
2163,-147.2,115.2,-514.1333333333333
2164,-153.6,121.6,-520.5333333333333
2165,-153.6,115.2,-529.0666666666666
2166,-147.2,108.8,-512.0
2167,-132.26666666666665,119.46666666666667,-522.6666666666666
2168,-147.2,110.93333333333334,-518.4
2169,-153.6,113.06666666666666,-522.6666666666666
2170,-155.73333333333332,117.33333333333333,-520.5333333333333
2171,-151.46666666666667,117.33333333333333,-520.5333333333333
2172,-153.6,108.8,-520.5333333333333
2173,-147.2,117.33333333333333,-524.8
2174,-153.6,115.2,-518.4
2175,-149.33333333333334,108.8,-522.6666666666666
2176,-145.06666666666666,110.93333333333334,-520.5333333333333
2177,-149.33333333333334,119.46666666666667,-520.5333333333333
2178,-138.66666666666666,104.53333333333333,-501.3333333333333
2179,-155.73333333333332,121.6,-516.2666666666667
2180,-155.73333333333332,115.2,-516.2666666666667
2181,-149.33333333333334,119.46666666666667,-518.4
2182,-147.2,106.66666666666667,-518.4
2183,-160.0,119.46666666666667,-516.2666666666667
2184,-151.46666666666667,110.93333333333334,-520.5333333333333
2185,-149.33333333333334,115.2,-516.2666666666667
2186,-151.46666666666667,121.6,-516.2666666666667
2187,-160.0,119.46666666666667,-522.6666666666666
2188,-147.2,113.06666666666666,-526.9333333333333
2189,-155.73333333333332,121.6,-520.5333333333333
2190,-151.46666666666667,117.33333333333333,-507.73333333333335
2191,-147.2,110.93333333333334,-520.5333333333333
2192,-153.6,117.33333333333333,-518.4
2193,-151.46666666666667,115.2,-518.4
2194,-153.6,119.46666666666667,-520.5333333333333
2195,-149.33333333333334,115.2,-516.2666666666667
2196,-149.33333333333334,115.2,-509.8666666666667
2197,-151.46666666666667,110.93333333333334,-518.4
2198,-151.46666666666667,115.2,-522.6666666666666
2199,-160.0,115.2,-526.9333333333333
2200,-157.86666666666667,113.06666666666666,-518.4
2201,-147.2,106.66666666666667,-514.1333333333333
2202,-149.33333333333334,110.93333333333334,-516.2666666666667
2203,-149.33333333333334,110.93333333333334,-520.5333333333333
2204,-155.73333333333332,119.46666666666667,-514.1333333333333
2205,-151.46666666666667,113.06666666666666,-522.6666666666666
2206,-160.0,117.33333333333333,-526.9333333333333
2207,-149.33333333333334,117.33333333333333,-526.9333333333333
2208,-145.06666666666666,110.93333333333334,-512.0
2209,-149.33333333333334,110.93333333333334,-518.4
2210,-153.6,113.06666666666666,-514.1333333333333
2211,-153.6,113.06666666666666,-520.5333333333333
2212,-149.33333333333334,115.2,-520.5333333333333
2213,-151.46666666666667,113.06666666666666,-514.1333333333333
2214,-151.46666666666667,106.66666666666667,-514.1333333333333
2215,-149.33333333333334,115.2,-509.8666666666667
2216,-151.46666666666667,106.66666666666667,-509.8666666666667
2217,-155.73333333333332,121.6,-518.4
2218,-147.2,110.93333333333334,-520.5333333333333
2219,-162.13333333333333,121.6,-522.6666666666666
2220,-151.46666666666667,117.33333333333333,-526.9333333333333
2221,-145.06666666666666,110.93333333333334,-512.0
2222,-147.2,115.2,-516.2666666666667
2223,-155.73333333333332,113.06666666666666,-520.5333333333333
2224,-153.6,108.8,-518.4
2225,-149.33333333333334,113.06666666666666,-514.1333333333333
2226,-155.73333333333332,117.33333333333333,-516.2666666666667
2227,-149.33333333333334,108.8,-516.2666666666667
2228,-151.46666666666667,115.2,-516.2666666666667
2229,-157.86666666666667,115.2,-516.2666666666667
2230,-151.46666666666667,106.66666666666667,-529.0666666666666
2231,-157.86666666666667,115.2,-518.4
2232,-149.33333333333334,113.06666666666666,-518.4
2233,-155.73333333333332,113.06666666666666,-520.5333333333333
2234,-155.73333333333332,117.33333333333333,-524.8
2235,-153.6,115.2,-516.2666666666667
2236,-160.0,115.2,-520.5333333333333
2237,-153.6,119.46666666666667,-516.2666666666667
2238,-149.33333333333334,115.2,-520.5333333333333
2239,-153.6,110.93333333333334,-514.1333333333333
2240,-151.46666666666667,110.93333333333334,-518.4
2241,-160.0,106.66666666666667,-516.2666666666667
2242,-149.33333333333334,110.93333333333334,-507.73333333333335
2243,-149.33333333333334,115.2,-522.6666666666666
2244,-147.2,113.06666666666666,-520.5333333333333
2245,-155.73333333333332,110.93333333333334,-522.6666666666666
2246,-151.46666666666667,115.2,-518.4
2247,-151.46666666666667,119.46666666666667,-524.8
2248,-151.46666666666667,115.2,-522.6666666666666
2249,-151.46666666666667,113.06666666666666,-524.8
2250,-149.33333333333334,110.93333333333334,-520.5333333333333
2251,-147.2,113.06666666666666,-509.8666666666667
2252,-157.86666666666667,119.46666666666667,-507.73333333333335
2253,-160.0,128.0,-535.4666666666667
2254,-151.46666666666667,117.33333333333333,-520.5333333333333
2255,-149.33333333333334,115.2,-514.1333333333333
2256,-151.46666666666667,113.06666666666666,-516.2666666666667
2257,-151.46666666666667,110.93333333333334,-516.2666666666667
2258,-147.2,117.33333333333333,-512.0
2259,-149.33333333333334,106.66666666666667,-520.5333333333333
2260,-149.33333333333334,115.2,-512.0
2261,-155.73333333333332,113.06666666666666,-520.5333333333333
2262,-162.13333333333333,125.86666666666666,-526.9333333333333
2263,-151.46666666666667,113.06666666666666,-520.5333333333333
2264,-155.73333333333332,106.66666666666667,-539.7333333333333
2265,-151.46666666666667,117.33333333333333,-518.4
2266,-155.73333333333332,117.33333333333333,-520.5333333333333
2267,-155.73333333333332,115.2,-507.73333333333335
2268,-153.6,117.33333333333333,-514.1333333333333
2269,-155.73333333333332,121.6,-516.2666666666667
2270,-153.6,104.53333333333333,-520.5333333333333
2271,-155.73333333333332,115.2,-520.5333333333333
2272,-155.73333333333332,115.2,-518.4
2273,-145.06666666666666,119.46666666666667,-512.0
2274,-149.33333333333334,113.06666666666666,-526.9333333333333
2275,-151.46666666666667,117.33333333333333,-522.6666666666666
2276,-149.33333333333334,104.53333333333333,-518.4
2277,-149.33333333333334,106.66666666666667,-522.6666666666666
2278,-153.6,108.8,-516.2666666666667
2279,-155.73333333333332,108.8,-516.2666666666667
2280,-155.73333333333332,121.6,-514.1333333333333
2281,-149.33333333333334,117.33333333333333,-512.0
2282,-145.06666666666666,106.66666666666667,-516.2666666666667
2283,-155.73333333333332,117.33333333333333,-524.8
2284,-157.86666666666667,117.33333333333333,-516.2666666666667
2285,-149.33333333333334,108.8,-522.6666666666666
2286,-153.6,115.2,-514.1333333333333
2287,-149.33333333333334,115.2,-520.5333333333333
2288,-153.6,115.2,-522.6666666666666
2289,-153.6,117.33333333333333,-520.5333333333333
2290,-149.33333333333334,113.06666666666666,-518.4
2291,-155.73333333333332,119.46666666666667,-520.5333333333333
2292,-149.33333333333334,108.8,-514.1333333333333
2293,-151.46666666666667,110.93333333333334,-524.8
2294,-147.2,113.06666666666666,-514.1333333333333
2295,-151.46666666666667,113.06666666666666,-518.4
2296,-155.73333333333332,121.6,-520.5333333333333
2297,-149.33333333333334,113.06666666666666,-522.6666666666666
2298,-151.46666666666667,113.06666666666666,-524.8
2299,-149.33333333333334,113.06666666666666,-520.5333333333333
2300,-157.86666666666667,115.2,-518.4
2301,-153.6,117.33333333333333,-516.2666666666667
2302,-147.2,113.06666666666666,-514.1333333333333
2303,-151.46666666666667,102.4,-520.5333333333333
2304,-151.46666666666667,113.06666666666666,-512.0
2305,-157.86666666666667,115.2,-518.4
2306,-164.26666666666665,106.66666666666667,-518.4
2307,-153.6,119.46666666666667,-518.4
2308,-151.46666666666667,110.93333333333334,-524.8
2309,-155.73333333333332,110.93333333333334,-512.0
2310,-151.46666666666667,110.93333333333334,-518.4
2311,-151.46666666666667,108.8,-522.6666666666666
2312,-155.73333333333332,115.2,-516.2666666666667
2313,-155.73333333333332,108.8,-518.4
2314,-157.86666666666667,108.8,-514.1333333333333
2315,-155.73333333333332,110.93333333333334,-520.5333333333333
2316,-149.33333333333334,108.8,-516.2666666666667
2317,-147.2,110.93333333333334,-509.8666666666667
2318,-153.6,108.8,-522.6666666666666
2319,-153.6,117.33333333333333,-518.4
2320,-149.33333333333334,104.53333333333333,-520.5333333333333
2321,-153.6,115.2,-512.0
2322,-153.6,119.46666666666667,-522.6666666666666
2323,-151.46666666666667,117.33333333333333,-509.8666666666667
2324,-151.46666666666667,106.66666666666667,-507.73333333333335
2325,-160.0,113.06666666666666,-518.4
2326,-147.2,113.06666666666666,-522.6666666666666
2327,-149.33333333333334,117.33333333333333,-520.5333333333333
2328,-155.73333333333332,113.06666666666666,-537.6
2329,-155.73333333333332,117.33333333333333,-516.2666666666667
2330,-151.46666666666667,110.93333333333334,-524.8
2331,-153.6,119.46666666666667,-526.9333333333333
2332,-157.86666666666667,113.06666666666666,-518.4
2333,-153.6,119.46666666666667,-516.2666666666667
2334,-155.73333333333332,115.2,-524.8
2335,-160.0,117.33333333333333,-516.2666666666667
2336,-151.46666666666667,113.06666666666666,-526.9333333333333
2337,-162.13333333333333,115.2,-526.9333333333333
2338,-151.46666666666667,113.06666666666666,-518.4
2339,-151.46666666666667,115.2,-522.6666666666666
2340,-151.46666666666667,110.93333333333334,-518.4
2341,-160.0,117.33333333333333,-509.8666666666667
2342,-153.6,117.33333333333333,-516.2666666666667
2343,-155.73333333333332,115.2,-514.1333333333333
2344,-151.46666666666667,108.8,-518.4
2345,-151.46666666666667,110.93333333333334,-516.2666666666667
2346,-157.86666666666667,110.93333333333334,-509.8666666666667
2347,-155.73333333333332,115.2,-518.4
2348,-145.06666666666666,117.33333333333333,-529.0666666666666
2349,-153.6,108.8,-516.2666666666667
2350,-147.2,108.8,-514.1333333333333
2351,-157.86666666666667,115.2,-526.9333333333333
2352,-151.46666666666667,108.8,-518.4
2353,-149.33333333333334,108.8,-524.8
2354,-153.6,110.93333333333334,-512.0
2355,-151.46666666666667,115.2,-520.5333333333333
2356,-153.6,115.2,-520.5333333333333
2357,-155.73333333333332,115.2,-522.6666666666666
2358,-153.6,110.93333333333334,-522.6666666666666
2359,-153.6,104.53333333333333,-516.2666666666667
2360,-153.6,115.2,-518.4
2361,-157.86666666666667,108.8,-512.0
2362,-149.33333333333334,117.33333333333333,-518.4
2363,-149.33333333333334,115.2,-509.8666666666667
2364,-153.6,108.8,-514.1333333333333
2365,-157.86666666666667,113.06666666666666,-526.9333333333333
2366,-155.73333333333332,115.2,-522.6666666666666
2367,-151.46666666666667,113.06666666666666,-520.5333333333333
2368,-155.73333333333332,110.93333333333334,-509.8666666666667
2369,-149.33333333333334,117.33333333333333,-524.8
2370,-149.33333333333334,113.06666666666666,-514.1333333333333
2371,-153.6,100.26666666666667,-516.2666666666667
2372,-153.6,110.93333333333334,-516.2666666666667
2373,-151.46666666666667,115.2,-516.2666666666667
2374,-149.33333333333334,113.06666666666666,-516.2666666666667
2375,-157.86666666666667,110.93333333333334,-516.2666666666667
2376,-151.46666666666667,110.93333333333334,-526.9333333333333
2377,-149.33333333333334,106.66666666666667,-516.2666666666667
2378,-155.73333333333332,108.8,-520.5333333333333
2379,-153.6,104.53333333333333,-524.8
2380,-149.33333333333334,115.2,-522.6666666666666
2381,-151.46666666666667,110.93333333333334,-516.2666666666667
2382,-149.33333333333334,115.2,-518.4
2383,-153.6,115.2,-526.9333333333333
2384,-147.2,106.66666666666667,-516.2666666666667
2385,-149.33333333333334,113.06666666666666,-520.5333333333333
2386,-153.6,115.2,-518.4
2387,-160.0,115.2,-520.5333333333333
2388,-153.6,121.6,-514.1333333333333
2389,-162.13333333333333,117.33333333333333,-516.2666666666667
2390,-160.0,110.93333333333334,-512.0
2391,-155.73333333333332,115.2,-524.8
2392,-166.4,134.4,-526.9333333333333
2393,-155.73333333333332,119.46666666666667,-518.4
2394,-149.33333333333334,113.06666666666666,-518.4
2395,-151.46666666666667,113.06666666666666,-512.0
2396,-151.46666666666667,110.93333333333334,-514.1333333333333
2397,-151.46666666666667,110.93333333333334,-524.8
2398,-153.6,117.33333333333333,-524.8
2399,-145.06666666666666,106.66666666666667,-514.1333333333333
2400,-153.6,106.66666666666667,-522.6666666666666
2401,-155.73333333333332,113.06666666666666,-520.5333333333333
2402,-155.73333333333332,110.93333333333334,-520.5333333333333
2403,-151.46666666666667,117.33333333333333,-516.2666666666667
2404,-153.6,115.2,-522.6666666666666
2405,-147.2,110.93333333333334,-518.4
2406,-155.73333333333332,110.93333333333334,-516.2666666666667
2407,-157.86666666666667,110.93333333333334,-520.5333333333333
2408,-153.6,113.06666666666666,-516.2666666666667
2409,-149.33333333333334,115.2,-522.6666666666666
2410,-153.6,113.06666666666666,-520.5333333333333
2411,-149.33333333333334,106.66666666666667,-526.9333333333333
2412,-155.73333333333332,113.06666666666666,-516.2666666666667
2413,-166.4,113.06666666666666,-524.8
2414,-153.6,115.2,-512.0
2415,-151.46666666666667,110.93333333333334,-522.6666666666666
2416,-157.86666666666667,110.93333333333334,-529.0666666666666
2417,-155.73333333333332,117.33333333333333,-518.4
2418,-149.33333333333334,102.4,-520.5333333333333
2419,-151.46666666666667,113.06666666666666,-522.6666666666666
2420,-151.46666666666667,108.8,-514.1333333333333
2421,-155.73333333333332,113.06666666666666,-524.8
2422,-153.6,117.33333333333333,-514.1333333333333
2423,-153.6,102.4,-516.2666666666667
2424,-160.0,121.6,-522.6666666666666
2425,-151.46666666666667,110.93333333333334,-520.5333333333333
2426,-147.2,110.93333333333334,-524.8
2427,-151.46666666666667,110.93333333333334,-509.8666666666667
2428,-153.6,117.33333333333333,-516.2666666666667
2429,-157.86666666666667,121.6,-524.8
2430,-155.73333333333332,115.2,-524.8
2431,-153.6,119.46666666666667,-520.5333333333333
2432,-151.46666666666667,115.2,-518.4
2433,-149.33333333333334,108.8,-522.6666666666666
2434,-147.2,117.33333333333333,-518.4
2435,-160.0,115.2,-518.4
2436,-151.46666666666667,108.8,-516.2666666666667
2437,-151.46666666666667,106.66666666666667,-529.0666666666666
2438,-155.73333333333332,113.06666666666666,-514.1333333333333
2439,-155.73333333333332,119.46666666666667,-520.5333333333333
2440,-157.86666666666667,113.06666666666666,-514.1333333333333
2441,-151.46666666666667,110.93333333333334,-520.5333333333333
2442,-155.73333333333332,108.8,-524.8
2443,-155.73333333333332,106.66666666666667,-518.4
2444,-157.86666666666667,110.93333333333334,-518.4
2445,-155.73333333333332,108.8,-524.8
2446,-155.73333333333332,115.2,-520.5333333333333
2447,-149.33333333333334,113.06666666666666,-520.5333333333333
2448,-153.6,115.2,-518.4
2449,-151.46666666666667,110.93333333333334,-509.8666666666667
2450,-155.73333333333332,113.06666666666666,-524.8
2451,-147.2,110.93333333333334,-522.6666666666666
2452,-153.6,117.33333333333333,-524.8
2453,-155.73333333333332,108.8,-524.8
2454,-149.33333333333334,113.06666666666666,-520.5333333333333
2455,-147.2,117.33333333333333,-516.2666666666667
2456,-151.46666666666667,115.2,-522.6666666666666
2457,-164.26666666666665,115.2,-520.5333333333333
2458,-153.6,115.2,-520.5333333333333
2459,-151.46666666666667,115.2,-520.5333333333333
2460,-160.0,119.46666666666667,-518.4
2461,-151.46666666666667,113.06666666666666,-520.5333333333333
2462,-153.6,113.06666666666666,-520.5333333333333
2463,-157.86666666666667,108.8,-507.73333333333335
2464,-151.46666666666667,108.8,-509.8666666666667
2465,-155.73333333333332,110.93333333333334,-512.0
2466,-147.2,113.06666666666666,-514.1333333333333
2467,-157.86666666666667,113.06666666666666,-518.4
2468,-147.2,115.2,-518.4
2469,-153.6,110.93333333333334,-514.1333333333333
2470,-151.46666666666667,110.93333333333334,-512.0
2471,-149.33333333333334,108.8,-518.4
2472,-149.33333333333334,108.8,-516.2666666666667
2473,-151.46666666666667,115.2,-516.2666666666667
2474,-153.6,117.33333333333333,-514.1333333333333
2475,-151.46666666666667,113.06666666666666,-509.8666666666667
2476,-157.86666666666667,113.06666666666666,-520.5333333333333
2477,-151.46666666666667,110.93333333333334,-531.2
2478,-155.73333333333332,110.93333333333334,-509.8666666666667
2479,-147.2,113.06666666666666,-518.4
2480,-149.33333333333334,106.66666666666667,-516.2666666666667
2481,-149.33333333333334,113.06666666666666,-514.1333333333333
2482,-149.33333333333334,110.93333333333334,-516.2666666666667
2483,-151.46666666666667,110.93333333333334,-520.5333333333333
2484,-155.73333333333332,115.2,-520.5333333333333
2485,-151.46666666666667,113.06666666666666,-529.0666666666666
2486,-153.6,106.66666666666667,-524.8
2487,-149.33333333333334,106.66666666666667,-526.9333333333333
2488,-160.0,106.66666666666667,-524.8
2489,-151.46666666666667,113.06666666666666,-531.2
2490,-149.33333333333334,113.06666666666666,-520.5333333333333
2491,-151.46666666666667,113.06666666666666,-514.1333333333333
2492,-151.46666666666667,113.06666666666666,-516.2666666666667
2493,-153.6,113.06666666666666,-520.5333333333333
2494,-153.6,115.2,-522.6666666666666
2495,-153.6,115.2,-514.1333333333333
2496,-160.0,115.2,-531.2
2497,-147.2,110.93333333333334,-520.5333333333333
2498,-153.6,106.66666666666667,-526.9333333333333
2499,-153.6,108.8,-535.4666666666667
2500,-153.6,117.33333333333333,-518.4
2501,-149.33333333333334,113.06666666666666,-520.5333333333333
2502,-149.33333333333334,117.33333333333333,-516.2666666666667
2503,-157.86666666666667,115.2,-522.6666666666666
2504,-149.33333333333334,115.2,-516.2666666666667
2505,-151.46666666666667,108.8,-522.6666666666666
2506,-149.33333333333334,110.93333333333334,-520.5333333333333
2507,-157.86666666666667,119.46666666666667,-516.2666666666667
2508,-153.6,110.93333333333334,-522.6666666666666
2509,-153.6,113.06666666666666,-520.5333333333333
2510,-153.6,121.6,-522.6666666666666
2511,-153.6,108.8,-520.5333333333333
2512,-149.33333333333334,117.33333333333333,-529.0666666666666
2513,-149.33333333333334,108.8,-518.4
2514,-145.06666666666666,102.4,-516.2666666666667
2515,-149.33333333333334,110.93333333333334,-518.4
2516,-153.6,108.8,-512.0
2517,-147.2,119.46666666666667,-520.5333333333333
2518,-147.2,113.06666666666666,-531.2
2519,-157.86666666666667,113.06666666666666,-520.5333333333333
2520,-151.46666666666667,102.4,-516.2666666666667
2521,-151.46666666666667,110.93333333333334,-518.4
2522,-157.86666666666667,113.06666666666666,-520.5333333333333
2523,-153.6,115.2,-520.5333333333333
2524,-149.33333333333334,115.2,-518.4
2525,-147.2,108.8,-522.6666666666666
2526,-151.46666666666667,113.06666666666666,-516.2666666666667
2527,-149.33333333333334,117.33333333333333,-518.4
2528,-155.73333333333332,106.66666666666667,-518.4
2529,-153.6,110.93333333333334,-516.2666666666667
2530,-147.2,110.93333333333334,-509.8666666666667
2531,-153.6,100.26666666666667,-522.6666666666666
2532,-155.73333333333332,110.93333333333334,-520.5333333333333
2533,-151.46666666666667,108.8,-520.5333333333333
2534,-147.2,108.8,-516.2666666666667
2535,-153.6,108.8,-520.5333333333333
2536,-157.86666666666667,113.06666666666666,-516.2666666666667
2537,-149.33333333333334,106.66666666666667,-520.5333333333333
2538,-155.73333333333332,121.6,-529.0666666666666
2539,-155.73333333333332,108.8,-516.2666666666667
2540,-147.2,108.8,-526.9333333333333
2541,-155.73333333333332,104.53333333333333,-509.8666666666667
2542,-153.6,104.53333333333333,-520.5333333333333
2543,-151.46666666666667,110.93333333333334,-526.9333333333333
2544,-153.6,110.93333333333334,-509.8666666666667
2545,-151.46666666666667,113.06666666666666,-518.4
2546,-151.46666666666667,113.06666666666666,-514.1333333333333
2547,-147.2,113.06666666666666,-520.5333333333333
2548,-151.46666666666667,123.73333333333333,-514.1333333333333
2549,-145.06666666666666,106.66666666666667,-518.4
2550,-149.33333333333334,102.4,-518.4
2551,-157.86666666666667,106.66666666666667,-514.1333333333333
2552,-149.33333333333334,108.8,-520.5333333333333
2553,-153.6,91.73333333333333,-512.0
2554,-151.46666666666667,113.06666666666666,-518.4
2555,-149.33333333333334,110.93333333333334,-524.8
2556,-151.46666666666667,110.93333333333334,-524.8
2557,-153.6,108.8,-514.1333333333333
2558,-151.46666666666667,113.06666666666666,-522.6666666666666
2559,-151.46666666666667,110.93333333333334,-526.9333333333333
2560,-155.73333333333332,110.93333333333334,-529.0666666666666
2561,-155.73333333333332,108.8,-524.8
2562,-153.6,110.93333333333334,-516.2666666666667
2563,-153.6,110.93333333333334,-514.1333333333333
2564,-153.6,119.46666666666667,-509.8666666666667
2565,-149.33333333333334,108.8,-518.4
2566,-155.73333333333332,110.93333333333334,-526.9333333333333
2567,-160.0,113.06666666666666,-522.6666666666666
2568,-153.6,115.2,-514.1333333333333
2569,-149.33333333333334,110.93333333333334,-520.5333333333333
2570,-153.6,113.06666666666666,-507.73333333333335
2571,-160.0,113.06666666666666,-514.1333333333333
2572,-147.2,106.66666666666667,-518.4
2573,-160.0,110.93333333333334,-526.9333333333333
2574,-151.46666666666667,115.2,-526.9333333333333
2575,-149.33333333333334,113.06666666666666,-516.2666666666667
2576,-151.46666666666667,108.8,-516.2666666666667
2577,-155.73333333333332,115.2,-512.0
2578,-157.86666666666667,115.2,-520.5333333333333
2579,-155.73333333333332,115.2,-520.5333333333333
2580,-157.86666666666667,108.8,-516.2666666666667
2581,-153.6,119.46666666666667,-518.4
2582,-151.46666666666667,115.2,-516.2666666666667
2583,-149.33333333333334,104.53333333333333,-520.5333333333333
2584,-153.6,110.93333333333334,-531.2
2585,-147.2,96.0,-512.0
2586,-155.73333333333332,115.2,-518.4
2587,-147.2,104.53333333333333,-514.1333333333333
2588,-160.0,113.06666666666666,-514.1333333333333
2589,-151.46666666666667,108.8,-518.4
2590,-155.73333333333332,110.93333333333334,-516.2666666666667
2591,-153.6,113.06666666666666,-516.2666666666667
2592,-153.6,113.06666666666666,-512.0
2593,-149.33333333333334,108.8,-518.4
2594,-149.33333333333334,110.93333333333334,-509.8666666666667
2595,-162.13333333333333,119.46666666666667,-514.1333333333333
2596,-157.86666666666667,108.8,-535.4666666666667
2597,-149.33333333333334,113.06666666666666,-516.2666666666667
2598,-151.46666666666667,108.8,-518.4
2599,-153.6,117.33333333333333,-524.8
2600,-157.86666666666667,113.06666666666666,-516.2666666666667
2601,-157.86666666666667,113.06666666666666,-531.2
2602,-149.33333333333334,110.93333333333334,-522.6666666666666
2603,-160.0,110.93333333333334,-512.0
2604,-155.73333333333332,110.93333333333334,-518.4
2605,-149.33333333333334,102.4,-509.8666666666667
2606,-157.86666666666667,104.53333333333333,-516.2666666666667
2607,-162.13333333333333,113.06666666666666,-520.5333333333333
2608,-147.2,110.93333333333334,-514.1333333333333
2609,-151.46666666666667,106.66666666666667,-518.4
2610,-155.73333333333332,117.33333333333333,-516.2666666666667
2611,-155.73333333333332,113.06666666666666,-529.0666666666666
2612,-151.46666666666667,108.8,-516.2666666666667
2613,-153.6,117.33333333333333,-514.1333333333333
2614,-149.33333333333334,104.53333333333333,-518.4
2615,-155.73333333333332,117.33333333333333,-514.1333333333333
2616,-157.86666666666667,119.46666666666667,-518.4
2617,-153.6,98.13333333333333,-499.2
2618,-151.46666666666667,113.06666666666666,-522.6666666666666
2619,-157.86666666666667,110.93333333333334,-512.0
2620,-153.6,117.33333333333333,-514.1333333333333
2621,-164.26666666666665,117.33333333333333,-516.2666666666667
2622,-155.73333333333332,110.93333333333334,-514.1333333333333
2623,-147.2,104.53333333333333,-518.4
2624,-160.0,117.33333333333333,-520.5333333333333
2625,-149.33333333333334,117.33333333333333,-524.8
2626,-151.46666666666667,113.06666666666666,-518.4
2627,-157.86666666666667,113.06666666666666,-509.8666666666667
2628,-153.6,108.8,-518.4
2629,-151.46666666666667,110.93333333333334,-520.5333333333333
2630,-151.46666666666667,108.8,-516.2666666666667
2631,-153.6,110.93333333333334,-520.5333333333333
2632,-155.73333333333332,110.93333333333334,-520.5333333333333
2633,-157.86666666666667,117.33333333333333,-526.9333333333333
2634,-155.73333333333332,115.2,-526.9333333333333
2635,-149.33333333333334,110.93333333333334,-524.8
2636,-145.06666666666666,113.06666666666666,-516.2666666666667
2637,-157.86666666666667,100.26666666666667,-522.6666666666666
2638,-142.93333333333334,108.8,-490.6666666666667
2639,-157.86666666666667,117.33333333333333,-518.4
2640,-155.73333333333332,117.33333333333333,-518.4
2641,-149.33333333333334,113.06666666666666,-524.8
2642,-153.6,113.06666666666666,-516.2666666666667
2643,-155.73333333333332,108.8,-516.2666666666667
2644,-153.6,110.93333333333334,-522.6666666666666
2645,-153.6,104.53333333333333,-518.4
2646,-155.73333333333332,100.26666666666667,-522.6666666666666
2647,-151.46666666666667,108.8,-514.1333333333333
2648,-151.46666666666667,106.66666666666667,-520.5333333333333
2649,-145.06666666666666,123.73333333333333,-537.6
2650,-157.86666666666667,110.93333333333334,-522.6666666666666
2651,-153.6,113.06666666666666,-526.9333333333333
2652,-153.6,108.8,-516.2666666666667
2653,-149.33333333333334,108.8,-516.2666666666667
2654,-157.86666666666667,110.93333333333334,-518.4
2655,-157.86666666666667,121.6,-516.2666666666667
2656,-162.13333333333333,119.46666666666667,-514.1333333333333
2657,-157.86666666666667,108.8,-524.8
2658,-162.13333333333333,106.66666666666667,-516.2666666666667
2659,-151.46666666666667,104.53333333333333,-509.8666666666667
2660,-155.73333333333332,102.4,-518.4
2661,-155.73333333333332,115.2,-518.4
2662,-160.0,113.06666666666666,-518.4
2663,-149.33333333333334,108.8,-526.9333333333333
2664,-153.6,106.66666666666667,-520.5333333333333
2665,-147.2,113.06666666666666,-522.6666666666666
2666,-151.46666666666667,108.8,-518.4
2667,-151.46666666666667,102.4,-514.1333333333333
2668,-157.86666666666667,104.53333333333333,-518.4
2669,-157.86666666666667,110.93333333333334,-516.2666666666667
2670,-153.6,108.8,-518.4
2671,-162.13333333333333,113.06666666666666,-518.4
2672,-153.6,113.06666666666666,-509.8666666666667
2673,-155.73333333333332,115.2,-520.5333333333333
2674,-151.46666666666667,110.93333333333334,-518.4
2675,-155.73333333333332,113.06666666666666,-520.5333333333333
2676,-157.86666666666667,113.06666666666666,-516.2666666666667
2677,-155.73333333333332,113.06666666666666,-516.2666666666667
2678,-151.46666666666667,110.93333333333334,-514.1333333333333
2679,-151.46666666666667,115.2,-512.0
2680,-157.86666666666667,110.93333333333334,-514.1333333333333
2681,-157.86666666666667,130.13333333333333,-524.8
2682,-160.0,115.2,-514.1333333333333
2683,-155.73333333333332,113.06666666666666,-522.6666666666666
2684,-155.73333333333332,106.66666666666667,-518.4
2685,-157.86666666666667,115.2,-526.9333333333333
2686,-155.73333333333332,113.06666666666666,-516.2666666666667
2687,-153.6,108.8,-512.0
2688,-153.6,117.33333333333333,-518.4
2689,-157.86666666666667,115.2,-516.2666666666667
2690,-153.6,113.06666666666666,-518.4
2691,-153.6,113.06666666666666,-514.1333333333333
2692,-170.66666666666666,115.2,-526.9333333333333
2693,-160.0,117.33333333333333,-516.2666666666667
2694,-153.6,110.93333333333334,-512.0
2695,-153.6,119.46666666666667,-520.5333333333333
2696,-162.13333333333333,113.06666666666666,-512.0
2697,-157.86666666666667,115.2,-520.5333333333333
2698,-153.6,115.2,-529.0666666666666
2699,-155.73333333333332,108.8,-516.2666666666667
2700,-160.0,110.93333333333334,-529.0666666666666
2701,-153.6,110.93333333333334,-520.5333333333333
2702,-151.46666666666667,110.93333333333334,-529.0666666666666
2703,-160.0,110.93333333333334,-518.4
2704,-157.86666666666667,117.33333333333333,-509.8666666666667
2705,-155.73333333333332,110.93333333333334,-514.1333333333333
2706,-153.6,110.93333333333334,-512.0
2707,-149.33333333333334,117.33333333333333,-518.4
2708,-157.86666666666667,113.06666666666666,-514.1333333333333
2709,-153.6,117.33333333333333,-514.1333333333333
2710,-147.2,104.53333333333333,-516.2666666666667
2711,-162.13333333333333,106.66666666666667,-509.8666666666667
2712,-153.6,106.66666666666667,-512.0
2713,-142.93333333333334,106.66666666666667,-514.1333333333333
2714,-162.13333333333333,113.06666666666666,-516.2666666666667
2715,-153.6,104.53333333333333,-514.1333333333333
2716,-157.86666666666667,115.2,-512.0
2717,-155.73333333333332,108.8,-512.0
2718,-151.46666666666667,104.53333333333333,-516.2666666666667
2719,-157.86666666666667,113.06666666666666,-520.5333333333333
2720,-151.46666666666667,108.8,-518.4
2721,-157.86666666666667,104.53333333333333,-518.4
2722,-147.2,106.66666666666667,-509.8666666666667
2723,-157.86666666666667,115.2,-514.1333333333333
2724,-155.73333333333332,110.93333333333334,-512.0
2725,-155.73333333333332,113.06666666666666,-522.6666666666666
2726,-162.13333333333333,108.8,-512.0
2727,-155.73333333333332,108.8,-524.8
2728,-155.73333333333332,110.93333333333334,-529.0666666666666
2729,-157.86666666666667,102.4,-520.5333333333333
2730,-155.73333333333332,115.2,-518.4
2731,-155.73333333333332,113.06666666666666,-520.5333333333333
2732,-155.73333333333332,113.06666666666666,-520.5333333333333
2733,-157.86666666666667,117.33333333333333,-529.0666666666666
2734,-153.6,115.2,-512.0
2735,-155.73333333333332,106.66666666666667,-529.0666666666666
2736,-160.0,117.33333333333333,-522.6666666666666
2737,-157.86666666666667,119.46666666666667,-522.6666666666666
2738,-157.86666666666667,110.93333333333334,-516.2666666666667
2739,-157.86666666666667,119.46666666666667,-522.6666666666666
2740,-153.6,110.93333333333334,-516.2666666666667
2741,-157.86666666666667,108.8,-512.0
2742,-155.73333333333332,121.6,-520.5333333333333
2743,-153.6,119.46666666666667,-512.0
2744,-155.73333333333332,104.53333333333333,-516.2666666666667
2745,-157.86666666666667,115.2,-524.8
2746,-160.0,115.2,-518.4
2747,-153.6,106.66666666666667,-520.5333333333333
2748,-153.6,113.06666666666666,-516.2666666666667
2749,-153.6,104.53333333333333,-514.1333333333333
2750,-157.86666666666667,113.06666666666666,-516.2666666666667
2751,-153.6,108.8,-518.4
2752,-151.46666666666667,115.2,-516.2666666666667
2753,-157.86666666666667,108.8,-520.5333333333333
2754,-157.86666666666667,117.33333333333333,-526.9333333333333
2755,-164.26666666666665,119.46666666666667,-514.1333333333333
2756,-162.13333333333333,110.93333333333334,-522.6666666666666
2757,-168.53333333333333,100.26666666666667,-531.2
2758,-157.86666666666667,106.66666666666667,-512.0
2759,-155.73333333333332,113.06666666666666,-516.2666666666667
2760,-160.0,117.33333333333333,-512.0
2761,-164.26666666666665,113.06666666666666,-518.4
2762,-151.46666666666667,113.06666666666666,-516.2666666666667
2763,-153.6,110.93333333333334,-516.2666666666667
2764,-162.13333333333333,119.46666666666667,-518.4
2765,-155.73333333333332,115.2,-518.4
2766,-153.6,104.53333333333333,-520.5333333333333
2767,-160.0,110.93333333333334,-512.0
2768,-162.13333333333333,113.06666666666666,-524.8
2769,-157.86666666666667,115.2,-526.9333333333333
2770,-157.86666666666667,110.93333333333334,-524.8
2771,-160.0,113.06666666666666,-516.2666666666667
2772,-160.0,115.2,-512.0
2773,-162.13333333333333,121.6,-522.6666666666666
2774,-160.0,115.2,-518.4
2775,-160.0,115.2,-518.4
2776,-157.86666666666667,104.53333333333333,-522.6666666666666
2777,-160.0,115.2,-520.5333333333333
2778,-151.46666666666667,100.26666666666667,-514.1333333333333
2779,-155.73333333333332,115.2,-509.8666666666667
2780,-153.6,110.93333333333334,-512.0
2781,-162.13333333333333,115.2,-509.8666666666667
2782,-157.86666666666667,106.66666666666667,-520.5333333333333
2783,-164.26666666666665,115.2,-514.1333333333333
2784,-157.86666666666667,106.66666666666667,-520.5333333333333
2785,-160.0,115.2,-512.0
2786,-164.26666666666665,117.33333333333333,-516.2666666666667
2787,-166.4,115.2,-514.1333333333333
2788,-153.6,117.33333333333333,-522.6666666666666
2789,-160.0,110.93333333333334,-514.1333333333333
2790,-160.0,113.06666666666666,-512.0
2791,-157.86666666666667,119.46666666666667,-520.5333333333333
2792,-160.0,121.6,-516.2666666666667
2793,-160.0,117.33333333333333,-514.1333333333333
2794,-160.0,115.2,-514.1333333333333
2795,-160.0,110.93333333333334,-514.1333333333333
2796,-162.13333333333333,115.2,-526.9333333333333
2797,-162.13333333333333,115.2,-512.0
2798,-162.13333333333333,119.46666666666667,-518.4
2799,-153.6,108.8,-520.5333333333333
2800,-162.13333333333333,108.8,-529.0666666666666
2801,-162.13333333333333,121.6,-507.73333333333335
2802,-155.73333333333332,110.93333333333334,-516.2666666666667
2803,-162.13333333333333,117.33333333333333,-509.8666666666667
2804,-157.86666666666667,119.46666666666667,-512.0
2805,-155.73333333333332,110.93333333333334,-512.0
2806,-160.0,119.46666666666667,-512.0
2807,-153.6,115.2,-516.2666666666667
2808,-160.0,117.33333333333333,-516.2666666666667
2809,-155.73333333333332,117.33333333333333,-516.2666666666667
2810,-157.86666666666667,115.2,-507.73333333333335
2811,-172.8,113.06666666666666,-509.8666666666667
2812,-162.13333333333333,123.73333333333333,-520.5333333333333
2813,-162.13333333333333,115.2,-514.1333333333333
2814,-160.0,115.2,-518.4
2815,-160.0,121.6,-514.1333333333333
2816,-160.0,115.2,-518.4
2817,-164.26666666666665,119.46666666666667,-520.5333333333333
2818,-160.0,113.06666666666666,-518.4
2819,-162.13333333333333,115.2,-509.8666666666667
2820,-160.0,113.06666666666666,-509.8666666666667
2821,-162.13333333333333,110.93333333333334,-499.2
2822,-160.0,113.06666666666666,-524.8
2823,-155.73333333333332,115.2,-514.1333333333333
2824,-160.0,117.33333333333333,-516.2666666666667
2825,-162.13333333333333,115.2,-516.2666666666667
2826,-160.0,113.06666666666666,-512.0
2827,-164.26666666666665,113.06666666666666,-516.2666666666667
2828,-164.26666666666665,121.6,-520.5333333333333
2829,-147.2,113.06666666666666,-512.0
2830,-162.13333333333333,121.6,-524.8
2831,-157.86666666666667,119.46666666666667,-516.2666666666667
2832,-166.4,121.6,-516.2666666666667
2833,-157.86666666666667,117.33333333333333,-514.1333333333333
2834,-164.26666666666665,117.33333333333333,-514.1333333333333
2835,-166.4,121.6,-514.1333333333333
2836,-157.86666666666667,121.6,-518.4
2837,-164.26666666666665,113.06666666666666,-526.9333333333333
2838,-160.0,115.2,-509.8666666666667
2839,-160.0,123.73333333333333,-522.6666666666666
2840,-164.26666666666665,117.33333333333333,-514.1333333333333
2841,-153.6,108.8,-526.9333333333333
2842,-162.13333333333333,119.46666666666667,-522.6666666666666
2843,-164.26666666666665,113.06666666666666,-509.8666666666667
2844,-157.86666666666667,113.06666666666666,-518.4
2845,-155.73333333333332,110.93333333333334,-520.5333333333333
2846,-160.0,115.2,-522.6666666666666
2847,-160.0,119.46666666666667,-514.1333333333333
2848,-157.86666666666667,117.33333333333333,-512.0
2849,-160.0,110.93333333333334,-509.8666666666667
2850,-162.13333333333333,115.2,-512.0
2851,-157.86666666666667,115.2,-518.4
2852,-157.86666666666667,117.33333333333333,-512.0
2853,-157.86666666666667,125.86666666666666,-507.73333333333335
2854,-153.6,113.06666666666666,-507.73333333333335
2855,-164.26666666666665,117.33333333333333,-516.2666666666667
2856,-157.86666666666667,115.2,-514.1333333333333
2857,-162.13333333333333,119.46666666666667,-518.4
2858,-155.73333333333332,115.2,-518.4
2859,-155.73333333333332,110.93333333333334,-518.4
2860,-160.0,117.33333333333333,-526.9333333333333
2861,-160.0,115.2,-524.8
2862,-162.13333333333333,119.46666666666667,-514.1333333333333
2863,-164.26666666666665,121.6,-514.1333333333333
2864,-155.73333333333332,115.2,-503.46666666666664
2865,-157.86666666666667,113.06666666666666,-501.3333333333333
2866,-157.86666666666667,115.2,-514.1333333333333
2867,-166.4,119.46666666666667,-518.4
2868,-157.86666666666667,115.2,-509.8666666666667
2869,-160.0,113.06666666666666,-509.8666666666667
2870,-153.6,121.6,-520.5333333333333
2871,-157.86666666666667,117.33333333333333,-514.1333333333333
2872,-157.86666666666667,119.46666666666667,-518.4
2873,-160.0,117.33333333333333,-507.73333333333335
2874,-155.73333333333332,119.46666666666667,-518.4
2875,-153.6,115.2,-524.8
2876,-164.26666666666665,125.86666666666666,-520.5333333333333
2877,-170.66666666666666,125.86666666666666,-520.5333333333333
2878,-162.13333333333333,115.2,-516.2666666666667
2879,-157.86666666666667,117.33333333333333,-514.1333333333333
2880,-153.6,117.33333333333333,-512.0
2881,-157.86666666666667,115.2,-516.2666666666667
2882,-162.13333333333333,119.46666666666667,-520.5333333333333
2883,-155.73333333333332,117.33333333333333,-505.59999999999997
2884,-157.86666666666667,121.6,-518.4
2885,-155.73333333333332,117.33333333333333,-503.46666666666664
2886,-160.0,123.73333333333333,-520.5333333333333
2887,-160.0,117.33333333333333,-505.59999999999997
2888,-157.86666666666667,117.33333333333333,-509.8666666666667
2889,-162.13333333333333,115.2,-524.8
2890,-160.0,115.2,-518.4
2891,-160.0,115.2,-518.4
2892,-162.13333333333333,121.6,-516.2666666666667
2893,-157.86666666666667,113.06666666666666,-512.0
2894,-166.4,119.46666666666667,-522.6666666666666
2895,-162.13333333333333,123.73333333333333,-516.2666666666667
2896,-157.86666666666667,113.06666666666666,-507.73333333333335
2897,-155.73333333333332,119.46666666666667,-520.5333333333333
2898,-164.26666666666665,119.46666666666667,-507.73333333333335
2899,-155.73333333333332,119.46666666666667,-516.2666666666667
2900,-160.0,113.06666666666666,-516.2666666666667
2901,-160.0,119.46666666666667,-518.4
2902,-153.6,119.46666666666667,-518.4
2903,-160.0,117.33333333333333,-524.8
2904,-153.6,121.6,-509.8666666666667
2905,-160.0,123.73333333333333,-512.0
2906,-157.86666666666667,117.33333333333333,-516.2666666666667
2907,-155.73333333333332,115.2,-516.2666666666667
2908,-151.46666666666667,119.46666666666667,-509.8666666666667
2909,-157.86666666666667,121.6,-518.4
2910,-155.73333333333332,119.46666666666667,-509.8666666666667
2911,-160.0,119.46666666666667,-509.8666666666667
2912,-160.0,123.73333333333333,-520.5333333333333
2913,-160.0,119.46666666666667,-518.4
2914,-164.26666666666665,115.2,-516.2666666666667
2915,-164.26666666666665,121.6,-512.0
2916,-160.0,117.33333333333333,-514.1333333333333
2917,-151.46666666666667,108.8,-516.2666666666667
2918,-168.53333333333333,128.0,-514.1333333333333
2919,-153.6,113.06666666666666,-514.1333333333333
2920,-162.13333333333333,123.73333333333333,-512.0
2921,-162.13333333333333,119.46666666666667,-520.5333333333333
2922,-155.73333333333332,115.2,-514.1333333333333
2923,-160.0,117.33333333333333,-512.0
2924,-157.86666666666667,119.46666666666667,-514.1333333333333
2925,-160.0,121.6,-520.5333333333333
2926,-162.13333333333333,123.73333333333333,-509.8666666666667
2927,-162.13333333333333,119.46666666666667,-516.2666666666667
2928,-160.0,115.2,-516.2666666666667
2929,-157.86666666666667,117.33333333333333,-512.0
2930,-160.0,117.33333333333333,-512.0
2931,-166.4,121.6,-516.2666666666667
2932,-157.86666666666667,125.86666666666666,-520.5333333333333
2933,-155.73333333333332,115.2,-522.6666666666666
2934,-155.73333333333332,119.46666666666667,-509.8666666666667
2935,-157.86666666666667,113.06666666666666,-512.0
2936,-160.0,119.46666666666667,-516.2666666666667
2937,-153.6,119.46666666666667,-522.6666666666666
2938,-166.4,119.46666666666667,-518.4
2939,-151.46666666666667,119.46666666666667,-503.46666666666664
2940,-162.13333333333333,125.86666666666666,-514.1333333333333
2941,-162.13333333333333,123.73333333333333,-520.5333333333333
2942,-153.6,119.46666666666667,-516.2666666666667
2943,-155.73333333333332,123.73333333333333,-520.5333333333333
2944,-160.0,121.6,-509.8666666666667
2945,-160.0,125.86666666666666,-522.6666666666666
2946,-155.73333333333332,115.2,-518.4
2947,-160.0,117.33333333333333,-522.6666666666666
2948,-157.86666666666667,121.6,-507.73333333333335
2949,-157.86666666666667,115.2,-514.1333333333333
2950,-155.73333333333332,117.33333333333333,-520.5333333333333
2951,-149.33333333333334,117.33333333333333,-501.3333333333333
2952,-155.73333333333332,115.2,-518.4
2953,-160.0,121.6,-520.5333333333333
2954,-155.73333333333332,119.46666666666667,-520.5333333333333
2955,-157.86666666666667,117.33333333333333,-518.4
2956,-155.73333333333332,119.46666666666667,-514.1333333333333
2957,-153.6,113.06666666666666,-518.4
2958,-160.0,115.2,-516.2666666666667
2959,-166.4,117.33333333333333,-516.2666666666667
2960,-153.6,123.73333333333333,-526.9333333333333
2961,-160.0,119.46666666666667,-516.2666666666667
2962,-170.66666666666666,117.33333333333333,-526.9333333333333
2963,-151.46666666666667,113.06666666666666,-522.6666666666666
2964,-155.73333333333332,119.46666666666667,-514.1333333333333
2965,-157.86666666666667,128.0,-520.5333333333333
2966,-155.73333333333332,115.2,-512.0
2967,-157.86666666666667,117.33333333333333,-512.0
2968,-155.73333333333332,117.33333333333333,-516.2666666666667
2969,-160.0,113.06666666666666,-522.6666666666666
2970,-155.73333333333332,117.33333333333333,-520.5333333333333
2971,-157.86666666666667,115.2,-520.5333333333333
2972,-155.73333333333332,119.46666666666667,-518.4
2973,-162.13333333333333,123.73333333333333,-539.7333333333333
2974,-162.13333333333333,117.33333333333333,-518.4
2975,-157.86666666666667,115.2,-522.6666666666666
2976,-153.6,117.33333333333333,-522.6666666666666
2977,-155.73333333333332,110.93333333333334,-524.8
2978,-155.73333333333332,119.46666666666667,-518.4
2979,-155.73333333333332,117.33333333333333,-512.0
2980,-157.86666666666667,115.2,-514.1333333333333
2981,-155.73333333333332,113.06666666666666,-512.0
2982,-160.0,123.73333333333333,-520.5333333333333
2983,-162.13333333333333,121.6,-522.6666666666666
2984,-155.73333333333332,108.8,-507.73333333333335
2985,-155.73333333333332,117.33333333333333,-518.4
2986,-157.86666666666667,110.93333333333334,-514.1333333333333
2987,-151.46666666666667,117.33333333333333,-526.9333333333333
2988,-153.6,117.33333333333333,-516.2666666666667
2989,-155.73333333333332,121.6,-520.5333333333333
2990,-157.86666666666667,117.33333333333333,-520.5333333333333
2991,-151.46666666666667,119.46666666666667,-509.8666666666667
2992,-155.73333333333332,115.2,-516.2666666666667
2993,-157.86666666666667,128.0,-518.4
2994,-157.86666666666667,117.33333333333333,-522.6666666666666
2995,-166.4,115.2,-516.2666666666667
2996,-160.0,115.2,-509.8666666666667
2997,-151.46666666666667,115.2,-526.9333333333333
2998,-153.6,115.2,-514.1333333333333
2999,-157.86666666666667,119.46666666666667,-518.4
