,accelerometerAccelerationX(G),accelerometerAccelerationY(G),accelerometerAccelerationZ(G),Label
0,-1.0234375,-0.09765625,0.09765625,1
1,-1.01953125,-0.12109375,0.08203125,1
2,-1.0234375,-0.1171875,0.078125,1
3,-1.01171875,-0.109375,0.08203125,1
4,-1.01171875,-0.09375,0.08984375,1
5,-1.01953125,-0.12109375,0.09375,1
6,-1.01953125,-0.09375,0.0859375,1
7,-1.0078125,-0.08203125,0.0859375,1
8,-1.0234375,-0.09375,0.0859375,1
9,-1.0078125,-0.10546875,0.08203125,1
10,-1.0234375,-0.09765625,0.08984375,1
11,-1.02734375,-0.12109375,0.0859375,1
12,-1.015625,-0.109375,0.1015625,1
13,-1.015625,-0.1015625,0.08203125,1
14,-1.03125,-0.11328125,0.08203125,1
15,-1.0,-0.08984375,0.1015625,1
16,-1.0546875,-0.0859375,0.08984375,1
17,-1.0234375,-0.1015625,0.08203125,1
18,-1.0234375,-0.1171875,0.08984375,1
19,-1.01171875,-0.09765625,0.08203125,1
20,-1.0234375,-0.09375,0.0859375,1
21,-1.0234375,-0.09765625,0.0859375,1
22,-1.0234375,-0.109375,0.09765625,1
23,-1.0234375,-0.09765625,0.08984375,1
24,-1.015625,-0.109375,0.0859375,1
25,-1.015625,-0.10546875,0.07421875,1
26,-1.0234375,-0.1171875,0.08203125,1
27,-1.0234375,-0.0859375,0.1015625,1
28,-1.0078125,-0.10546875,0.09375,1
29,-1.015625,-0.10546875,0.0859375,1
30,-1.015625,-0.10546875,0.09765625,1
31,-1.01953125,-0.1015625,0.08984375,1
32,-1.03125,-0.11328125,0.09375,1
33,-1.01953125,-0.11328125,0.09375,1
34,-1.01953125,-0.09765625,0.08984375,1
35,-1.0234375,-0.11328125,0.08984375,1
36,-1.0234375,-0.09765625,0.1015625,1
37,-1.02734375,-0.109375,0.1015625,1
38,-1.015625,-0.11328125,0.08984375,1
39,-1.01171875,-0.1015625,0.08984375,1
40,-1.01953125,-0.09375,0.0859375,1
41,-1.01953125,-0.10546875,0.09375,1
42,-1.02734375,-0.10546875,0.1015625,1
43,-1.01171875,-0.10546875,0.08984375,1
44,-1.0234375,-0.109375,0.08984375,1
45,-1.0234375,-0.09765625,0.08203125,1
46,-1.015625,-0.08984375,0.07421875,1
47,-1.03125,-0.10546875,0.08203125,1
48,-1.02734375,-0.09765625,0.09375,1
49,-1.02734375,-0.09375,0.09765625,1
50,-1.0078125,-0.10546875,0.08984375,1
51,-1.01171875,-0.109375,0.08203125,1
52,-1.0234375,-0.1015625,0.09765625,1
53,-1.00390625,-0.09765625,0.078125,1
54,-1.01953125,-0.09765625,0.09765625,1
55,-1.02734375,-0.0859375,0.09765625,1
56,-1.015625,-0.1015625,0.09765625,1
57,-1.02734375,-0.10546875,0.09375,1
58,-1.0,-0.1015625,0.08984375,1
59,-1.01953125,-0.109375,0.08984375,1
60,-1.015625,-0.10546875,0.09765625,1
61,-1.0078125,-0.08984375,0.09375,1
62,-1.01953125,-0.109375,0.078125,1
63,-1.01953125,-0.109375,0.08984375,1
64,-1.015625,-0.09375,0.0859375,1
65,-1.015625,-0.10546875,0.0703125,1
66,-1.03125,-0.10546875,0.08984375,1
67,-1.0234375,-0.11328125,0.08984375,1
68,-1.01171875,-0.09765625,0.09375,1
69,-1.03515625,-0.1171875,0.08984375,1
70,-1.015625,-0.1015625,0.09765625,1
71,-1.01171875,-0.10546875,0.078125,1
72,-1.02734375,-0.09375,0.0859375,1
73,-1.01953125,-0.1015625,0.0859375,1
74,-1.015625,-0.11328125,0.09375,1
75,-1.01953125,-0.1171875,0.09375,1
76,-1.00390625,-0.1015625,0.09375,1
77,-1.01953125,-0.1015625,0.10546875,1
78,-1.01171875,-0.10546875,0.0859375,1
79,-1.02734375,-0.09765625,0.07421875,1
80,-1.0234375,-0.1171875,0.0703125,1
81,-1.0234375,-0.1015625,0.078125,1
82,-1.01171875,-0.09765625,0.07421875,1
83,-1.01171875,-0.11328125,0.0859375,1
84,-1.01953125,-0.109375,0.078125,1
85,-1.0234375,-0.09765625,0.078125,1
86,-1.03125,-0.09765625,0.09765625,1
87,-1.015625,-0.09765625,0.08203125,1
88,-1.0234375,-0.1015625,0.09375,1
89,-1.02734375,-0.12109375,0.07421875,1
90,-1.0078125,-0.10546875,0.0703125,1
91,-1.00390625,-0.1015625,0.0859375,1
92,-1.01171875,-0.10546875,0.08203125,1
93,-1.01953125,-0.09375,0.07421875,1
94,-1.01171875,-0.09375,0.08203125,1
95,-1.01953125,-0.109375,0.0703125,1
96,-1.0234375,-0.11328125,0.078125,1
97,-1.01953125,-0.109375,0.08203125,1
98,-1.01953125,-0.1015625,0.0859375,1
99,-1.01953125,-0.11328125,0.078125,1
100,-1.03125,-0.12890625,0.0703125,1
101,-1.01953125,-0.1015625,0.07421875,1
102,-1.015625,-0.109375,0.07421875,1
103,-1.02734375,-0.1171875,0.078125,1
104,-1.015625,-0.125,0.08203125,1
105,-1.03125,-0.12890625,0.09375,1
106,-1.01171875,-0.125,0.08203125,1
107,-1.01171875,-0.10546875,0.08203125,1
108,-1.01953125,-0.125,0.08203125,1
109,-1.03515625,-0.109375,0.09375,1
110,-1.01953125,-0.1015625,0.08984375,1
111,-1.02734375,-0.1171875,0.07421875,1
112,-1.02734375,-0.09375,0.1171875,1
113,-1.015625,-0.11328125,0.08203125,1
114,-1.02734375,-0.11328125,0.09375,1
115,-1.01953125,-0.1171875,0.08203125,1
116,-1.02734375,-0.12109375,0.0859375,1
117,-1.02734375,-0.1171875,0.08203125,1
118,-1.02734375,-0.125,0.078125,1
119,-1.02734375,-0.14453125,0.078125,1
120,-1.015625,-0.10546875,0.08203125,1
121,-1.0234375,-0.1328125,0.07421875,1
122,-1.03515625,-0.12109375,0.09765625,1
123,-1.01953125,-0.109375,0.08203125,1
124,-1.02734375,-0.1015625,0.09375,1
125,-1.015625,-0.1015625,0.0859375,1
126,-1.01953125,-0.12109375,0.078125,1
127,-1.0078125,-0.1171875,0.08203125,1
128,-1.01953125,-0.109375,0.0859375,1
129,-1.03515625,-0.1171875,0.09375,1
130,-1.03515625,-0.109375,0.09765625,1
131,-1.01953125,-0.12109375,0.0859375,1
132,-1.02734375,-0.1171875,0.078125,1
133,-1.04296875,-0.109375,0.09765625,1
134,-1.015625,-0.1328125,0.08984375,1
135,-1.01953125,-0.10546875,0.08984375,1
136,-1.0234375,-0.10546875,0.0859375,1
137,-1.01953125,-0.11328125,0.0859375,1
138,-1.01953125,-0.10546875,0.078125,1
139,-1.02734375,-0.125,0.09375,1
140,-1.015625,-0.12109375,0.0859375,1
141,-1.01171875,-0.11328125,0.08984375,1
142,-1.0234375,-0.11328125,0.0703125,1
143,-1.0234375,-0.125,0.0859375,1
144,-1.0234375,-0.12109375,0.0703125,1
145,-1.015625,-0.12890625,0.1015625,1
146,-1.0234375,-0.125,0.078125,1
147,-1.0234375,-0.1171875,0.08203125,1
148,-1.0234375,-0.109375,0.0859375,1
149,-1.01953125,-0.125,0.0859375,1
150,-1.02734375,-0.10546875,0.0859375,1
151,-1.015625,-0.1015625,0.07421875,1
152,-1.00390625,-0.109375,0.08203125,1
153,-1.01953125,-0.12109375,0.0859375,1
154,-1.015625,-0.11328125,0.08203125,1
155,-1.03515625,-0.12109375,0.078125,1
156,-1.0234375,-0.11328125,0.0859375,1
157,-1.01171875,-0.11328125,0.078125,1
158,-1.01171875,-0.11328125,0.078125,1
159,-1.015625,-0.12109375,0.08984375,1
160,-1.02734375,-0.10546875,0.08203125,1
161,-1.01953125,-0.11328125,0.08203125,1
162,-1.01171875,-0.12890625,0.078125,1
163,-1.01953125,-0.13671875,0.0859375,1
164,-1.0234375,-0.09375,0.0859375,1
165,-1.01953125,-0.11328125,0.08984375,1
166,-1.01953125,-0.1015625,0.09765625,1
167,-1.01953125,-0.10546875,0.08984375,1
168,-1.015625,-0.10546875,0.08984375,1
169,-1.015625,-0.109375,0.08203125,1
170,-1.02734375,-0.109375,0.078125,1
171,-1.03125,-0.109375,0.08203125,1
172,-1.01171875,-0.1171875,0.07421875,1
173,-1.03515625,-0.109375,0.08984375,1
174,-1.02734375,-0.1171875,0.08984375,1
175,-1.015625,-0.109375,0.07421875,1
176,-1.02734375,-0.12890625,0.08984375,1
177,-1.0234375,-0.1015625,0.0859375,1
178,-1.00390625,-0.109375,0.07421875,1
179,-1.015625,-0.09765625,0.078125,1
180,-1.01953125,-0.1171875,0.078125,1
181,-1.015625,-0.1015625,0.078125,1
182,-1.02734375,-0.10546875,0.08203125,1
183,-1.015625,-0.1328125,0.0859375,1
184,-1.02734375,-0.11328125,0.08203125,1
185,-1.02734375,-0.12109375,0.07421875,1
186,-1.0234375,-0.109375,0.09375,1
187,-1.01953125,-0.109375,0.0859375,1
188,-1.0234375,-0.1171875,0.0859375,1
189,-1.02734375,-0.10546875,0.0859375,1
190,-1.01953125,-0.10546875,0.078125,1
191,-1.01953125,-0.11328125,0.078125,1
192,-1.02734375,-0.10546875,0.07421875,1
193,-1.01953125,-0.11328125,0.08203125,1
194,-1.01953125,-0.1015625,0.0859375,1
195,-1.01953125,-0.109375,0.08984375,1
196,-1.03125,-0.11328125,0.08203125,1
197,-1.01953125,-0.10546875,0.08984375,1
198,-1.01171875,-0.109375,0.1171875,1
199,-1.0078125,-0.11328125,0.078125,1
200,-1.01953125,-0.109375,0.08203125,1
201,-1.02734375,-0.10546875,0.078125,1
202,-1.0234375,-0.10546875,0.078125,1
203,-1.02734375,-0.109375,0.0859375,1
204,-1.04296875,-0.12109375,0.07421875,1
205,-1.0234375,-0.1171875,0.07421875,1
206,-1.01953125,-0.09765625,0.08984375,1
207,-1.02734375,-0.109375,0.078125,1
208,-1.01953125,-0.08984375,0.0859375,1
209,-1.02734375,-0.12109375,0.05859375,1
210,-1.0234375,-0.09765625,0.08984375,1
211,-1.03125,-0.09765625,0.078125,1
212,-1.01953125,-0.10546875,0.08203125,1
213,-1.0234375,-0.109375,0.08984375,1
214,-1.015625,-0.109375,0.0859375,1
215,-1.02734375,-0.11328125,0.08984375,1
216,-1.02734375,-0.1015625,0.09375,1
217,-1.03515625,-0.11328125,0.0859375,1
218,-1.02734375,-0.11328125,0.08984375,1
219,-1.0234375,-0.109375,0.0859375,1
220,-1.046875,-0.08984375,0.08984375,1
221,-1.01953125,-0.09765625,0.07421875,1
222,-1.0234375,-0.1015625,0.08203125,1
223,-1.02734375,-0.11328125,0.0859375,1
224,-1.01953125,-0.10546875,0.08984375,1
225,-1.0078125,-0.1015625,0.08203125,1
226,-1.01171875,-0.09765625,0.08203125,1
227,-1.01953125,-0.0859375,0.0703125,1
228,-1.01171875,-0.109375,0.07421875,1
229,-1.0078125,-0.109375,0.06640625,1
230,-1.01171875,-0.10546875,0.0703125,1
231,-1.0234375,-0.0859375,0.0625,1
232,-1.02734375,-0.09765625,0.08984375,1
233,-1.015625,-0.10546875,0.08203125,1
234,-1.01953125,-0.109375,0.078125,1
235,-1.015625,-0.09375,0.08203125,1
236,-1.03125,-0.08984375,0.0859375,1
237,-1.01953125,-0.1015625,0.08984375,1
238,-1.0234375,-0.10546875,0.0859375,1
239,-1.015625,-0.10546875,0.078125,1
240,-1.0234375,-0.1015625,0.08984375,1
241,-1.015625,-0.078125,0.09375,1
242,-1.01953125,-0.1015625,0.08984375,1
243,-1.02734375,-0.109375,0.0859375,1
244,-1.015625,-0.10546875,0.0859375,1
245,-1.03125,-0.1015625,0.08203125,1
246,-1.015625,-0.11328125,0.07421875,1
247,-1.015625,-0.10546875,0.0859375,1
248,-1.0234375,-0.1015625,0.0859375,1
249,-1.02734375,-0.09765625,0.0703125,1
250,-1.0234375,-0.1015625,0.09765625,1
251,-1.015625,-0.11328125,0.0703125,1
252,-1.0078125,-0.09765625,0.078125,1
253,-1.0078125,-0.09765625,0.07421875,1
254,-1.01171875,-0.10546875,0.078125,1
255,-1.01953125,-0.1015625,0.0703125,1
256,-1.01171875,-0.10546875,0.0703125,1
257,-1.0234375,-0.09765625,0.08203125,1
258,-1.015625,-0.1015625,0.08203125,1
259,-1.02734375,-0.09765625,0.0859375,1
260,-1.01953125,-0.109375,0.08203125,1
261,-1.01953125,-0.09375,0.08984375,1
262,-1.0234375,-0.1015625,0.078125,1
263,-1.0234375,-0.09765625,0.0859375,1
264,-1.02734375,-0.09765625,0.08984375,1
265,-1.01953125,-0.09375,0.08984375,1
266,-1.015625,-0.1015625,0.078125,1
267,-1.015625,-0.109375,0.07421875,1
268,-1.01953125,-0.10546875,0.07421875,1
269,-1.0234375,-0.09375,0.08984375,1
270,-1.03125,-0.0859375,0.078125,1
271,-1.0234375,-0.09765625,0.09375,1
272,-1.01953125,-0.08984375,0.07421875,1
273,-1.0234375,-0.09765625,0.0859375,1
274,-1.01953125,-0.0625,0.09375,1
275,-1.015625,-0.109375,0.07421875,1
276,-1.0234375,-0.10546875,0.08984375,1
277,-1.015625,-0.10546875,0.08203125,1
278,-1.015625,-0.109375,0.08203125,1
279,-1.01953125,-0.1171875,0.08203125,1
280,-1.015625,-0.1015625,0.0859375,1
281,-1.015625,-0.109375,0.07421875,1
282,-1.01171875,-0.1015625,0.08203125,1
283,-1.0234375,-0.0859375,0.08203125,1
284,-1.0234375,-0.1015625,0.08203125,1
285,-1.05078125,-0.078125,0.078125,1
286,-1.02734375,-0.1015625,0.08203125,1
287,-1.01953125,-0.10546875,0.08203125,1
288,-1.0234375,-0.08984375,0.08984375,1
289,-1.0078125,-0.10546875,0.078125,1
290,-1.01953125,-0.09765625,0.08203125,1
291,-1.01953125,-0.109375,0.07421875,1
292,-1.0234375,-0.0859375,0.08984375,1
293,-1.01953125,-0.1171875,0.078125,1
294,-1.02734375,-0.09765625,0.07421875,1
295,-1.03125,-0.09765625,0.07421875,1
296,-1.03125,-0.1015625,0.08984375,1
297,-1.015625,-0.09375,0.078125,1
298,-1.0078125,-0.09765625,0.08203125,1
299,-1.01953125,-0.09375,0.07421875,1
300,-1.01953125,-0.1015625,0.08203125,1
301,-1.01171875,-0.09765625,0.0703125,1
302,-1.01953125,-0.1015625,0.0703125,1
303,-1.01953125,-0.09765625,0.0859375,1
304,-1.01171875,-0.10546875,0.08984375,1
305,-1.01953125,-0.11328125,0.09375,1
306,-1.03515625,-0.11328125,0.0703125,1
307,-1.02734375,-0.09765625,0.08984375,1
308,-1.0234375,-0.09765625,0.0859375,1
309,-1.01953125,-0.09375,0.09375,1
310,-1.01953125,-0.1015625,0.08203125,1
311,-1.0234375,-0.09765625,0.078125,1
312,-1.01953125,-0.10546875,0.07421875,1
313,-1.01171875,-0.09375,0.078125,1
314,-1.01953125,-0.09765625,0.08203125,1
315,-1.0234375,-0.09765625,0.0859375,1
316,-1.02734375,-0.11328125,0.08984375,1
317,-1.0078125,-0.09765625,0.10546875,1
318,-1.03125,-0.10546875,0.0859375,1
319,-1.01953125,-0.109375,0.0625,1
320,-1.0234375,-0.109375,0.0859375,1
321,-1.0234375,-0.10546875,0.0859375,1
322,-1.015625,-0.09765625,0.078125,1
323,-1.0234375,-0.09375,0.0859375,1
324,-1.015625,-0.11328125,0.078125,1
325,-1.01953125,-0.0859375,0.09375,1
326,-1.03515625,-0.1015625,0.08984375,1
327,-1.015625,-0.09375,0.078125,1
328,-1.0390625,-0.1171875,0.06640625,1
329,-1.015625,-0.10546875,0.08203125,1
330,-1.015625,-0.10546875,0.0703125,1
331,-1.01953125,-0.1015625,0.0703125,1
332,-1.015625,-0.0859375,0.078125,1
333,-1.015625,-0.08203125,0.0703125,1
334,-1.015625,-0.0859375,0.08984375,1
335,-1.00390625,-0.10546875,0.078125,1
336,-1.01171875,-0.08984375,0.0703125,1
337,-1.01953125,-0.08984375,0.0859375,1
338,-1.046875,-0.109375,0.08203125,1
339,-1.015625,-0.08984375,0.078125,1
340,-1.015625,-0.0859375,0.078125,1
341,-1.01953125,-0.09765625,0.08203125,1
342,-1.01953125,-0.109375,0.078125,1
343,-1.02734375,-0.1015625,0.08203125,1
344,-1.01171875,-0.09765625,0.08203125,1
345,-1.01171875,-0.12109375,0.0703125,1
346,-1.0078125,-0.0859375,0.09375,1
347,-1.015625,-0.10546875,0.07421875,1
348,-1.01953125,-0.109375,0.07421875,1
349,-1.01171875,-0.109375,0.078125,1
350,-1.03125,-0.1015625,0.078125,1
351,-1.01953125,-0.10546875,0.078125,1
352,-1.01171875,-0.09375,0.0703125,1
353,-1.0234375,-0.1171875,0.07421875,1
354,-1.0234375,-0.08984375,0.0703125,1
355,-1.015625,-0.1015625,0.08203125,1
356,-1.0078125,-0.11328125,0.0703125,1
357,-1.02734375,-0.0859375,0.09375,1
358,-1.0234375,-0.109375,0.08984375,1
359,-1.03515625,-0.1015625,0.09765625,1
360,-1.015625,-0.12890625,0.0703125,1
361,-1.01171875,-0.1015625,0.08203125,1
362,-1.02734375,-0.09375,0.08984375,1
363,-1.01171875,-0.09375,0.08203125,1
364,-1.03515625,-0.09765625,0.09375,1
365,-1.0234375,-0.0859375,0.09765625,1
366,-1.01953125,-0.1015625,0.08203125,1
367,-1.015625,-0.0859375,0.08203125,1
368,-1.0078125,-0.08984375,0.07421875,1
369,-1.01953125,-0.109375,0.08984375,1
370,-1.0390625,-0.078125,0.09375,1
371,-1.03515625,-0.10546875,0.07421875,1
372,-1.01953125,-0.12109375,0.09375,1
373,-1.015625,-0.0859375,0.08203125,1
374,-1.02734375,-0.1015625,0.08984375,1
375,-1.0234375,-0.08984375,0.0859375,1
376,-1.01953125,-0.11328125,0.0859375,1
377,-1.0234375,-0.0859375,0.0859375,1
378,-1.01953125,-0.09375,0.08984375,1
379,-1.015625,-0.08984375,0.09375,1
380,-1.0234375,-0.0859375,0.078125,1
381,-1.01171875,-0.08203125,0.08203125,1
382,-0.99609375,-0.1015625,0.0859375,1
383,-1.01953125,-0.1015625,0.0859375,1
384,-1.01171875,-0.109375,0.07421875,1
385,-1.0234375,-0.09375,0.08203125,1
386,-1.01953125,-0.09375,0.09765625,1
387,-1.01953125,-0.09375,0.0859375,1
388,-1.0234375,-0.0859375,0.0859375,1
389,-1.01171875,-0.10546875,0.07421875,1
390,-1.01171875,-0.09765625,0.078125,1
391,-1.0234375,-0.1015625,0.0859375,1
392,-1.04296875,-0.109375,0.08984375,1
393,-1.01953125,-0.09375,0.09765625,1
394,-1.01953125,-0.1015625,0.08984375,1
395,-1.0234375,-0.08203125,0.09375,1
396,-1.01171875,-0.10546875,0.08984375,1
397,-1.0234375,-0.09375,0.0859375,1
398,-1.015625,-0.09375,0.08203125,1
399,-1.015625,-0.09375,0.09765625,1
400,-1.0078125,-0.09375,0.09375,1
401,-1.03515625,-0.09375,0.09375,1
402,-1.0234375,-0.109375,0.1015625,1
403,-1.03125,-0.12109375,0.078125,1
404,-1.0234375,-0.1015625,0.08203125,1
405,-1.015625,-0.1015625,0.0859375,1
406,-1.01953125,-0.09765625,0.08203125,1
407,-1.02734375,-0.1015625,0.078125,1
408,-1.015625,-0.109375,0.08984375,1
409,-1.01953125,-0.109375,0.09765625,1
410,-1.01953125,-0.09765625,0.09375,1
411,-1.0234375,-0.0859375,0.0859375,1
412,-1.0234375,-0.11328125,0.09375,1
413,-1.01953125,-0.09765625,0.08203125,1
414,-1.0234375,-0.09375,0.06640625,1
415,-1.015625,-0.1015625,0.0859375,1
416,-1.0234375,-0.09765625,0.09765625,1
417,-1.02734375,-0.08984375,0.10546875,1
418,-1.03515625,-0.1015625,0.09375,1
419,-1.0234375,-0.09765625,0.08984375,1
420,-1.01953125,-0.08984375,0.09765625,1
421,-1.01953125,-0.08203125,0.0859375,1
422,-1.03125,-0.09765625,0.09765625,1
423,-1.01953125,-0.109375,0.078125,1
424,-1.03125,-0.109375,0.09375,1
425,-1.0234375,-0.0625,0.10546875,1
426,-1.01953125,-0.1015625,0.09375,1
427,-1.015625,-0.09375,0.08203125,1
428,-1.03125,-0.1015625,0.09765625,1
429,-1.03125,-0.1015625,0.08203125,1
430,-1.0234375,-0.1015625,0.08984375,1
431,-1.015625,-0.109375,0.0859375,1
432,-1.01171875,-0.09765625,0.09765625,1
433,-1.01171875,-0.10546875,0.08984375,1
434,-1.015625,-0.09765625,0.09375,1
435,-1.01953125,-0.11328125,0.0859375,1
436,-1.02734375,-0.0859375,0.109375,1
437,-1.015625,-0.11328125,0.0859375,1
438,-1.03125,-0.109375,0.08203125,1
439,-1.01171875,-0.1015625,0.09375,1
440,-1.01953125,-0.1171875,0.1015625,1
441,-1.015625,-0.09765625,0.078125,1
442,-1.0234375,-0.08984375,0.0859375,1
443,-1.0078125,-0.1015625,0.078125,1
444,-1.02734375,-0.1171875,0.09765625,1
445,-1.0078125,-0.1015625,0.08984375,1
446,-1.02734375,-0.10546875,0.09375,1
447,-1.0234375,-0.1015625,0.09375,1
448,-1.015625,-0.09765625,0.0859375,1
449,-1.015625,-0.1015625,0.0859375,1
450,-1.01953125,-0.11328125,0.09375,1
451,-1.01171875,-0.09765625,0.07421875,1
452,-1.015625,-0.09765625,0.078125,1
453,-1.01953125,-0.10546875,0.0859375,1
454,-1.0234375,-0.07421875,0.0859375,1
455,-1.01171875,-0.10546875,0.078125,1
456,-1.01953125,-0.08984375,0.0859375,1
457,-1.0390625,-0.08203125,0.078125,1
458,-1.02734375,-0.10546875,0.08984375,1
459,-1.01953125,-0.09765625,0.08984375,1
460,-1.0234375,-0.09765625,0.08984375,1
461,-1.02734375,-0.10546875,0.0859375,1
462,-1.015625,-0.1015625,0.08984375,1
463,-1.03125,-0.09375,0.078125,1
464,-1.00390625,-0.10546875,0.07421875,1
465,-1.01953125,-0.1015625,0.08203125,1
466,-1.015625,-0.1015625,0.0703125,1
467,-1.01171875,-0.09765625,0.078125,1
468,-1.01171875,-0.0859375,0.078125,1
469,-1.01953125,-0.09375,0.08984375,1
470,-1.01953125,-0.1015625,0.08203125,1
471,-1.01953125,-0.09765625,0.08984375,1
472,-1.01171875,-0.10546875,0.07421875,1
473,-1.02734375,-0.10546875,0.08203125,1
474,-1.0234375,-0.1015625,0.08203125,1
475,-1.015625,-0.1171875,0.078125,1
476,-1.02734375,-0.09375,0.078125,1
477,-1.03125,-0.1015625,0.08984375,1
478,-1.01171875,-0.109375,0.0859375,1
479,-1.0,-0.09375,0.0703125,1
480,-1.0234375,-0.08203125,0.08203125,1
481,-1.03125,-0.10546875,0.08203125,1
482,-1.01953125,-0.11328125,0.09375,1
483,-1.015625,-0.09375,0.0859375,1
484,-1.0234375,-0.1015625,0.0859375,1
485,-1.01953125,-0.09375,0.08203125,1
486,-1.01953125,-0.1015625,0.0859375,1
487,-1.01953125,-0.1015625,0.078125,1
488,-1.0234375,-0.109375,0.0703125,1
489,-1.01171875,-0.1171875,0.0859375,1
490,-1.0,-0.08984375,0.0625,1
491,-1.01171875,-0.1015625,0.0859375,1
492,-1.0078125,-0.1015625,0.078125,1
493,-1.015625,-0.09765625,0.0859375,1
494,-1.0234375,-0.1015625,0.0859375,1
495,-1.00390625,-0.08984375,0.07421875,1
496,-1.01171875,-0.09375,0.0703125,1
497,-1.0,-0.109375,0.07421875,1
498,-1.01171875,-0.1015625,0.08203125,1
499,-1.01171875,-0.1015625,0.0859375,1
500,-1.03125,-0.109375,0.07421875,1
501,-1.01171875,-0.10546875,0.07421875,1
502,-1.015625,-0.10546875,0.09375,1
503,-1.02734375,-0.09375,0.0859375,1
504,-1.01953125,-0.10546875,0.078125,1
505,-1.02734375,-0.1171875,0.0859375,1
506,-1.015625,-0.125,0.0703125,1
507,-1.01171875,-0.11328125,0.07421875,1
508,-1.0234375,-0.12109375,0.08203125,1
509,-1.02734375,-0.1171875,0.07421875,1
510,-1.01953125,-0.109375,0.08984375,1
511,-1.00390625,-0.109375,0.078125,1
512,-1.015625,-0.11328125,0.08203125,1
513,-1.0234375,-0.109375,0.0859375,1
514,-1.0234375,-0.109375,0.08203125,1
515,-1.015625,-0.10546875,0.07421875,1
516,-1.03125,-0.1171875,0.078125,1
517,-1.015625,-0.1015625,0.078125,1
518,-1.0078125,-0.10546875,0.08203125,1
519,-1.0234375,-0.09375,0.0859375,1
520,-1.015625,-0.1015625,0.0703125,1
521,-1.03125,-0.1171875,0.0859375,1
522,-1.03515625,-0.1015625,0.08984375,1
523,-1.0234375,-0.11328125,0.0859375,1
524,-1.01953125,-0.109375,0.0859375,1
525,-1.01953125,-0.12109375,0.0859375,1
526,-1.0234375,-0.10546875,0.0703125,1
527,-1.0234375,-0.10546875,0.08203125,1
528,-1.01953125,-0.10546875,0.0703125,1
529,-1.03125,-0.12109375,0.0703125,1
530,-1.03125,-0.12109375,0.08984375,1
531,-1.01953125,-0.09765625,0.08203125,1
532,-1.02734375,-0.11328125,0.06640625,1
533,-1.0,-0.109375,0.09765625,1
534,-1.015625,-0.12109375,0.0859375,1
535,-1.01953125,-0.109375,0.0859375,1
536,-1.02734375,-0.1171875,0.0859375,1
537,-1.01171875,-0.109375,0.07421875,1
538,-1.03125,-0.1171875,0.0859375,1
539,-1.0234375,-0.12890625,0.078125,1
540,-1.01953125,-0.125,0.08984375,1
541,-1.01171875,-0.1015625,0.08203125,1
542,-1.015625,-0.1171875,0.08203125,1
543,-1.0390625,-0.11328125,0.0859375,1
544,-1.02734375,-0.1171875,0.09375,1
545,-1.01953125,-0.1015625,0.0859375,1
546,-1.02734375,-0.125,0.08984375,1
547,-1.02734375,-0.12109375,0.078125,1
548,-1.015625,-0.11328125,0.08984375,1
549,-1.01171875,-0.1171875,0.0859375,1
550,-1.01953125,-0.10546875,0.0703125,1
551,-1.01171875,-0.10546875,0.0859375,1
552,-1.02734375,-0.10546875,0.08984375,1
553,-1.03515625,-0.12109375,0.0859375,1
554,-1.0234375,-0.1328125,0.08203125,1
555,-1.015625,-0.10546875,0.08984375,1
556,-1.01953125,-0.11328125,0.08203125,1
557,-1.0234375,-0.11328125,0.09765625,1
558,-1.015625,-0.109375,0.08203125,1
559,-1.0234375,-0.109375,0.0859375,1
560,-1.015625,-0.11328125,0.078125,1
561,-1.01953125,-0.10546875,0.08984375,1
562,-1.0234375,-0.11328125,0.0859375,1
563,-1.02734375,-0.10546875,0.0859375,1
564,-1.0234375,-0.125,0.08984375,1
565,-1.0078125,-0.125,0.08984375,1
566,-1.015625,-0.11328125,0.08203125,1
567,-1.015625,-0.12890625,0.08203125,1
568,-1.01953125,-0.1171875,0.08984375,1
569,-1.02734375,-0.109375,0.08984375,1
570,-1.01953125,-0.1328125,0.07421875,1
571,-1.01953125,-0.1171875,0.078125,1
572,-1.01953125,-0.125,0.078125,1
573,-1.03515625,-0.14453125,0.08203125,1
574,-1.0390625,-0.12109375,0.08203125,1
575,-1.03515625,-0.1328125,0.08984375,1
576,-1.0234375,-0.1328125,0.08203125,1
577,-1.0234375,-0.125,0.08203125,1
578,-1.03125,-0.12890625,0.078125,1
579,-1.03515625,-0.11328125,0.078125,1
580,-1.02734375,-0.1171875,0.08203125,1
581,-1.01171875,-0.125,0.078125,1
582,-1.01953125,-0.1171875,0.0859375,1
583,-1.02734375,-0.11328125,0.06640625,1
584,-1.015625,-0.12109375,0.0703125,1
585,-1.01171875,-0.1015625,0.07421875,1
586,-1.0234375,-0.1328125,0.09375,1
587,-1.01953125,-0.125,0.09765625,1
588,-1.00390625,-0.09765625,0.046875,1
589,-1.02734375,-0.10546875,0.07421875,1
590,-1.0,-0.1171875,0.07421875,1
591,-1.046875,-0.1328125,0.0859375,1
592,-1.0234375,-0.12109375,0.07421875,1
593,-1.01171875,-0.125,0.046875,1
594,-1.04296875,-0.1171875,0.06640625,1
595,-1.02734375,-0.13671875,0.07421875,1
596,-1.02734375,-0.12109375,0.09375,1
597,-1.01171875,-0.08203125,0.078125,1
598,-1.015625,-0.140625,0.08984375,1
599,-1.0078125,-0.125,0.07421875,1
600,-1.0234375,-0.1015625,0.1015625,1
601,-1.05078125,-0.1171875,0.0625,1
602,-1.015625,-0.125,0.06640625,1
603,-1.01953125,-0.10546875,0.08984375,1
604,-1.01171875,-0.12890625,0.078125,1
605,-1.0078125,-0.109375,0.09765625,1
606,-1.0390625,-0.1171875,0.08203125,1
607,-1.01953125,-0.1015625,0.06640625,1
608,-1.015625,-0.125,0.0703125,1
609,-1.03125,-0.12109375,0.0859375,1
610,-1.0703125,-0.140625,0.1015625,1
611,-1.046875,-0.1328125,0.08984375,1
612,-1.0390625,-0.10546875,0.08984375,1
613,-1.02734375,-0.08984375,0.1015625,1
614,-1.0078125,-0.140625,0.08203125,1
615,-1.02734375,-0.12109375,0.07421875,1
616,-1.02734375,-0.1171875,0.0859375,1
617,-1.01171875,-0.11328125,0.08203125,1
618,-1.03515625,-0.1171875,0.078125,1
619,-1.0234375,-0.12890625,0.08984375,1
620,-1.01953125,-0.125,0.078125,1
621,-1.02734375,-0.109375,0.0625,1
622,-1.01171875,-0.12890625,0.078125,1
623,-1.01171875,-0.08203125,0.07421875,1
624,-1.015625,-0.10546875,0.07421875,1
625,-1.015625,-0.09375,0.06640625,1
626,-1.015625,-0.10546875,0.08203125,1
627,-1.01953125,-0.12109375,0.08203125,1
628,-1.015625,-0.1171875,0.09375,1
629,-1.02734375,-0.109375,0.07421875,1
630,-1.02734375,-0.1015625,0.08203125,1
631,-1.0234375,-0.1015625,0.08984375,1
632,-1.01953125,-0.10546875,0.08203125,1
633,-1.01171875,-0.109375,0.0546875,1
634,-1.0234375,-0.109375,0.0859375,1
635,-1.02734375,-0.1015625,0.07421875,1
636,-1.0078125,-0.10546875,0.08203125,1
637,-1.01171875,-0.10546875,0.078125,1
638,-1.01953125,-0.09375,0.08984375,1
639,-1.01171875,-0.09375,0.07421875,1
640,-1.0078125,-0.12109375,0.06640625,1
641,-1.015625,-0.12109375,0.08984375,1
642,-1.02734375,-0.11328125,0.0859375,1
643,-1.01171875,-0.1171875,0.08984375,1
644,-1.03125,-0.11328125,0.08984375,1
645,-1.01953125,-0.10546875,0.08984375,1
646,-1.02734375,-0.1015625,0.08984375,1
647,-1.02734375,-0.125,0.078125,1
648,-1.0078125,-0.1171875,0.0859375,1
649,-1.02734375,-0.10546875,0.0703125,1
650,-1.0234375,-0.09765625,0.08984375,1
651,-1.02734375,-0.125,0.0625,1
652,-1.01953125,-0.11328125,0.08203125,1
653,-1.02734375,-0.10546875,0.09765625,1
654,-1.015625,-0.1015625,0.078125,1
655,-1.0234375,-0.11328125,0.08203125,1
656,-1.02734375,-0.1171875,0.08203125,1
657,-1.015625,-0.11328125,0.078125,1
658,-1.02734375,-0.13671875,0.08203125,1
659,-1.03125,-0.12109375,0.09765625,1
660,-1.0234375,-0.09765625,0.08203125,1
661,-1.0078125,-0.109375,0.08203125,1
662,-1.03515625,-0.109375,0.09375,1
663,-1.03125,-0.11328125,0.0859375,1
664,-1.015625,-0.1171875,0.0859375,1
665,-1.015625,-0.1171875,0.0859375,1
666,-1.01953125,-0.1015625,0.08984375,1
667,-1.01171875,-0.11328125,0.08203125,1
668,-1.01953125,-0.109375,0.078125,1
669,-1.01953125,-0.1171875,0.078125,1
670,-1.0234375,-0.1171875,0.0703125,1
671,-1.015625,-0.11328125,0.0859375,1
672,-1.0234375,-0.109375,0.08203125,1
673,-1.01953125,-0.11328125,0.08203125,1
674,-1.01953125,-0.109375,0.08984375,1
675,-1.015625,-0.109375,0.07421875,1
676,-1.0390625,-0.09375,0.0859375,1
677,-1.015625,-0.1015625,0.08203125,1
678,-1.01953125,-0.1171875,0.08203125,1
679,-1.01171875,-0.11328125,0.078125,1
680,-1.01171875,-0.1015625,0.0703125,1
681,-1.01171875,-0.11328125,0.06640625,1
682,-1.01953125,-0.12109375,0.09375,1
683,-1.02734375,-0.10546875,0.078125,1
684,-1.0234375,-0.109375,0.08203125,1
685,-1.01953125,-0.125,0.0859375,1
686,-1.01171875,-0.109375,0.0703125,1
687,-1.015625,-0.1171875,0.078125,1
688,-1.01953125,-0.11328125,0.0859375,1
689,-1.0234375,-0.11328125,0.08203125,1
690,-1.0234375,-0.12890625,0.08203125,1
691,-1.01953125,-0.09375,0.0859375,1
692,-1.01953125,-0.11328125,0.08203125,1
693,-1.0234375,-0.109375,0.09765625,1
694,-1.0078125,-0.12109375,0.08203125,1
695,-1.02734375,-0.109375,0.08203125,1
696,-1.01953125,-0.11328125,0.08203125,1
697,-1.02734375,-0.1171875,0.078125,1
698,-1.01953125,-0.109375,0.078125,1
699,-1.01953125,-0.1328125,0.078125,1
700,-1.02734375,-0.11328125,0.08984375,1
701,-1.015625,-0.09765625,0.078125,1
702,-1.0078125,-0.1171875,0.08203125,1
703,-1.02734375,-0.12890625,0.078125,1
704,-1.015625,-0.125,0.08203125,1
705,-1.015625,-0.1328125,0.08203125,1
706,-1.01953125,-0.1171875,0.08984375,1
707,-1.02734375,-0.1171875,0.08203125,1
708,-1.0234375,-0.12890625,0.078125,1
709,-1.02734375,-0.125,0.09375,1
710,-1.01171875,-0.1328125,0.07421875,1
711,-1.03515625,-0.12109375,0.09375,1
712,-1.01953125,-0.1328125,0.08203125,1
713,-1.0234375,-0.140625,0.08203125,1
714,-1.03125,-0.1328125,0.08984375,1
715,-1.01953125,-0.12890625,0.09375,1
716,-1.0234375,-0.1328125,0.09765625,1
717,-1.03515625,-0.12109375,0.09765625,1
718,-1.02734375,-0.12890625,0.08984375,1
719,-1.0234375,-0.1328125,0.09765625,1
720,-1.02734375,-0.1328125,0.078125,1
721,-1.03125,-0.13671875,0.08984375,1
722,-1.03125,-0.14453125,0.09375,1
723,-1.03125,-0.13671875,0.0859375,1
724,-1.015625,-0.12890625,0.0859375,1
725,-1.0234375,-0.12890625,0.1015625,1
726,-1.02734375,-0.12890625,0.08984375,1
727,-1.015625,-0.1328125,0.08203125,1
728,-1.015625,-0.1171875,0.0859375,1
729,-1.015625,-0.12890625,0.0859375,1
730,-1.0234375,-0.1328125,0.0859375,1
731,-1.01953125,-0.11328125,0.09375,1
732,-1.015625,-0.11328125,0.08203125,1
733,-1.015625,-0.125,0.08203125,1
734,-1.01171875,-0.12109375,0.08203125,1
735,-1.015625,-0.109375,0.0703125,1
736,-1.01171875,-0.11328125,0.07421875,1
737,-1.01171875,-0.12890625,0.08984375,1
738,-1.0234375,-0.1171875,0.09375,1
739,-1.015625,-0.12109375,0.0859375,1
740,-1.0234375,-0.125,0.0859375,1
741,-1.02734375,-0.125,0.078125,1
742,-1.03125,-0.109375,0.08984375,1
743,-1.015625,-0.1015625,0.08203125,1
744,-1.02734375,-0.12890625,0.08203125,1
745,-1.01953125,-0.125,0.07421875,1
746,-1.03515625,-0.12109375,0.0859375,1
747,-1.01953125,-0.12109375,0.09765625,1
748,-0.99609375,-0.12109375,0.08203125,1
749,-1.0078125,-0.125,0.07421875,1
750,-1.0078125,-0.12109375,0.07421875,1
751,-1.0234375,-0.125,0.078125,1
752,-1.01953125,-0.11328125,0.07421875,1
753,-1.015625,-0.12890625,0.07421875,1
754,-1.01171875,-0.1171875,0.06640625,1
755,-1.01953125,-0.125,0.06640625,1
756,-1.02734375,-0.109375,0.0859375,1
757,-1.02734375,-0.1171875,0.06640625,1
758,-1.015625,-0.12890625,0.0625,1
759,-1.01171875,-0.125,0.09375,1
760,-1.0234375,-0.109375,0.06640625,1
761,-1.0078125,-0.11328125,0.078125,1
762,-1.0234375,-0.109375,0.07421875,1
763,-1.0234375,-0.10546875,0.06640625,1
764,-1.01953125,-0.1171875,0.07421875,1
765,-1.0234375,-0.11328125,0.07421875,1
766,-1.01953125,-0.1328125,0.06640625,1
767,-1.01953125,-0.12109375,0.06640625,1
768,-1.0234375,-0.11328125,0.08203125,1
769,-1.03515625,-0.13671875,0.06640625,1
770,-1.0234375,-0.11328125,0.08203125,1
771,-1.0234375,-0.12890625,0.0703125,1
772,-1.015625,-0.1171875,0.0703125,1
773,-1.02734375,-0.10546875,0.078125,1
774,-1.01953125,-0.1015625,0.0703125,1
775,-1.02734375,-0.1015625,0.09375,1
776,-1.01953125,-0.09765625,0.0859375,1
777,-1.01953125,-0.11328125,0.07421875,1
778,-1.03125,-0.109375,0.08203125,1
779,-1.01171875,-0.109375,0.08203125,1
780,-0.9921875,-0.125,0.06640625,1
781,-1.01953125,-0.10546875,0.07421875,1
782,-1.01953125,-0.08203125,0.06640625,1
783,-1.0234375,-0.11328125,0.078125,1
784,-1.02734375,-0.09765625,0.09765625,1
785,-1.0078125,-0.11328125,0.0703125,1
786,-1.01171875,-0.09765625,0.0703125,1
787,-1.03515625,-0.1015625,0.0859375,1
788,-1.015625,-0.125,0.07421875,1
789,-1.02734375,-0.1015625,0.0859375,1
790,-1.01953125,-0.1015625,0.08203125,1
791,-1.01953125,-0.1171875,0.08984375,1
792,-1.015625,-0.1171875,0.07421875,1
793,-1.0078125,-0.109375,0.078125,1
794,-1.0234375,-0.10546875,0.07421875,1
795,-1.01171875,-0.1328125,0.0703125,1
796,-1.01171875,-0.08984375,0.0703125,1
797,-1.015625,-0.10546875,0.08203125,1
798,-1.015625,-0.12109375,0.07421875,1
799,-1.015625,-0.109375,0.06640625,1
800,-1.01171875,-0.1015625,0.078125,1
801,-1.0,-0.1171875,0.0625,1
802,-1.00390625,-0.12109375,0.046875,1
803,-1.015625,-0.12109375,0.06640625,1
804,-1.0234375,-0.10546875,0.0703125,1
805,-1.01171875,-0.1171875,0.0703125,1
806,-1.015625,-0.1015625,0.06640625,1
807,-1.015625,-0.11328125,0.06640625,1
808,-1.02734375,-0.11328125,0.06640625,1
809,-1.01171875,-0.10546875,0.05859375,1
810,-1.0234375,-0.109375,0.05859375,1
811,-1.015625,-0.12109375,0.07421875,1
812,-1.01171875,-0.13671875,0.04296875,1
813,-1.03515625,-0.109375,0.06640625,1
814,-1.03125,-0.10546875,0.0625,1
815,-1.01953125,-0.1015625,0.046875,1
816,-1.03125,-0.10546875,0.07421875,1
817,-1.03125,-0.1015625,0.06640625,1
818,-1.01171875,-0.11328125,0.0703125,1
819,-1.02734375,-0.1171875,0.0625,1
820,-1.01953125,-0.1015625,0.05859375,1
821,-1.03125,-0.1015625,0.0625,1
822,-1.0078125,-0.09375,0.05859375,1
823,-1.046875,-0.11328125,0.06640625,1
824,-1.03125,-0.109375,0.0703125,1
825,-1.015625,-0.11328125,0.08203125,1
826,-1.02734375,-0.10546875,0.06640625,1
827,-1.015625,-0.11328125,0.07421875,1
828,-1.015625,-0.10546875,0.0703125,1
829,-1.0234375,-0.109375,0.0703125,1
830,-1.015625,-0.11328125,0.0625,1
831,-1.015625,-0.125,0.07421875,1
832,-1.01171875,-0.10546875,0.08203125,1
833,-1.0078125,-0.1015625,0.05859375,1
834,-1.015625,-0.11328125,0.07421875,1
835,-1.02734375,-0.11328125,0.08203125,1
836,-1.0078125,-0.11328125,0.0625,1
837,-1.0234375,-0.125,0.06640625,1
838,-1.01171875,-0.11328125,0.07421875,1
839,-1.0078125,-0.10546875,0.0703125,1
840,-1.0234375,-0.125,0.078125,1
841,-1.03515625,-0.1171875,0.0703125,1
842,-1.01171875,-0.1171875,0.0625,1
843,-1.0078125,-0.12890625,0.0703125,1
844,-1.015625,-0.11328125,0.0859375,1
845,-1.0,-0.109375,0.0703125,1
846,-1.02734375,-0.109375,0.08203125,1
847,-1.0234375,-0.10546875,0.0703125,1
848,-1.015625,-0.1171875,0.06640625,1
849,-1.02734375,-0.12109375,0.0703125,1
850,-1.01171875,-0.11328125,0.0703125,1
851,-1.015625,-0.1015625,0.078125,1
852,-1.0234375,-0.09765625,0.07421875,1
853,-1.01953125,-0.10546875,0.078125,1
854,-1.015625,-0.125,0.06640625,1
855,-1.0234375,-0.11328125,0.0703125,1
856,-1.0234375,-0.1171875,0.06640625,1
857,-1.015625,-0.09375,0.0703125,1
858,-1.03125,-0.1171875,0.08203125,1
859,-1.015625,-0.11328125,0.0703125,1
860,-1.015625,-0.109375,0.078125,1
861,-1.01171875,-0.10546875,0.0546875,1
862,-1.03125,-0.109375,0.08203125,1
863,-1.0234375,-0.109375,0.07421875,1
864,-1.0234375,-0.12890625,0.0625,1
865,-1.01953125,-0.109375,0.0625,1
866,-1.01953125,-0.11328125,0.05859375,1
867,-1.0234375,-0.10546875,0.06640625,1
868,-1.01171875,-0.109375,0.0703125,1
869,-1.01171875,-0.1015625,0.07421875,1
870,-1.01171875,-0.109375,0.07421875,1
871,-1.015625,-0.11328125,0.0625,1
872,-1.01953125,-0.109375,0.0703125,1
873,-1.02734375,-0.1171875,0.0703125,1
874,-1.01953125,-0.12109375,0.07421875,1
875,-1.01171875,-0.1171875,0.08203125,1
876,-1.015625,-0.109375,0.0703125,1
877,-1.03125,-0.11328125,0.08203125,1
878,-1.015625,-0.11328125,0.06640625,1
879,-1.01171875,-0.109375,0.0625,1
880,-1.01171875,-0.1171875,0.07421875,1
881,-1.0234375,-0.109375,0.06640625,1
882,-1.015625,-0.109375,0.05859375,1
883,-1.0078125,-0.11328125,0.07421875,1
884,-1.015625,-0.11328125,0.0625,1
885,-1.01953125,-0.10546875,0.078125,1
886,-1.01953125,-0.11328125,0.078125,1
887,-1.02734375,-0.1328125,0.08203125,1
888,-1.03125,-0.10546875,0.07421875,1
889,-1.0234375,-0.12109375,0.07421875,1
890,-1.01953125,-0.1171875,0.08984375,1
891,-1.0078125,-0.1171875,0.06640625,1
892,-1.01171875,-0.1171875,0.07421875,1
893,-1.03515625,-0.12109375,0.078125,1
894,-1.015625,-0.12890625,0.078125,1
895,-1.0234375,-0.12109375,0.08203125,1
896,-1.0234375,-0.11328125,0.06640625,1
897,-1.015625,-0.1171875,0.0625,1
898,-1.0234375,-0.12109375,0.07421875,1
899,-1.0546875,-0.12890625,0.06640625,1
900,-1.0234375,-0.12109375,0.08203125,1
901,-1.0234375,-0.11328125,0.07421875,1
902,-1.01953125,-0.1171875,0.07421875,1
903,-1.02734375,-0.1171875,0.08203125,1
904,-1.02734375,-0.109375,0.07421875,1
905,-1.01171875,-0.09765625,0.07421875,1
906,-1.02734375,-0.11328125,0.0703125,1
907,-1.03515625,-0.1171875,0.0625,1
908,-1.01171875,-0.125,0.05859375,1
909,-1.04296875,-0.10546875,0.08203125,1
910,-1.03125,-0.125,0.078125,1
911,-1.0234375,-0.1171875,0.06640625,1
912,-1.02734375,-0.109375,0.07421875,1
913,-1.0078125,-0.109375,0.06640625,1
914,-1.01171875,-0.1171875,0.0703125,1
915,-1.015625,-0.10546875,0.06640625,1
916,-1.03515625,-0.125,0.078125,1
917,-1.03125,-0.125,0.08203125,1
918,-1.02734375,-0.09375,0.078125,1
919,-1.03125,-0.10546875,0.0625,1
920,-1.0,-0.12109375,0.0703125,1
921,-1.03125,-0.11328125,0.0703125,1
922,-1.03515625,-0.125,0.0703125,1
923,-1.01953125,-0.12890625,0.06640625,1
924,-1.02734375,-0.1171875,0.07421875,1
925,-1.03125,-0.125,0.07421875,1
926,-1.0234375,-0.1328125,0.08203125,1
927,-1.02734375,-0.1171875,0.05859375,1
928,-1.02734375,-0.12890625,0.0703125,1
929,-1.02734375,-0.109375,0.07421875,1
930,-1.015625,-0.109375,0.07421875,1
931,-1.015625,-0.1328125,0.0703125,1
932,-1.01953125,-0.125,0.0703125,1
933,-1.01953125,-0.12109375,0.0703125,1
934,-1.03125,-0.109375,0.07421875,1
935,-1.02734375,-0.1171875,0.08203125,1
936,-1.01953125,-0.11328125,0.0703125,1
937,-1.0234375,-0.12109375,0.078125,1
938,-1.0234375,-0.1171875,0.0703125,1
939,-1.01953125,-0.12109375,0.06640625,1
940,-1.0234375,-0.12109375,0.0546875,1
941,-1.0234375,-0.125,0.0703125,1
942,-1.05078125,-0.13671875,0.0859375,1
943,-1.01953125,-0.12109375,0.06640625,1
944,-1.01171875,-0.13671875,0.0625,1
945,-1.0234375,-0.12890625,0.05859375,1
946,-1.015625,-0.125,0.07421875,1
947,-1.015625,-0.1328125,0.0703125,1
948,-1.0078125,-0.13671875,0.0625,1
949,-1.015625,-0.13671875,0.06640625,1
950,-1.02734375,-0.125,0.07421875,1
951,-1.02734375,-0.140625,0.0703125,1
952,-1.02734375,-0.13671875,0.0625,1
953,-1.046875,-0.13671875,0.0625,1
954,-1.03125,-0.13671875,0.06640625,1
955,-1.0234375,-0.125,0.0625,1
956,-1.02734375,-0.12109375,0.0625,1
957,-1.02734375,-0.12890625,0.06640625,1
958,-1.0234375,-0.12890625,0.05859375,1
959,-1.0234375,-0.140625,0.0703125,1
960,-1.02734375,-0.140625,0.0703125,1
961,-1.0234375,-0.1484375,0.0625,1
962,-1.0234375,-0.12890625,0.0625,1
963,-1.03125,-0.140625,0.06640625,1
964,-1.03125,-0.1328125,0.05859375,1
965,-1.01953125,-0.125,0.0703125,1
966,-1.0234375,-0.13671875,0.06640625,1
967,-1.0234375,-0.140625,0.06640625,1
968,-1.01953125,-0.13671875,0.06640625,1
969,-1.0390625,-0.13671875,0.05859375,1
970,-1.03515625,-0.14453125,0.05859375,1
971,-1.02734375,-0.12109375,0.0703125,1
972,-1.03515625,-0.13671875,0.05859375,1
973,-1.03125,-0.140625,0.05859375,1
974,-1.03125,-0.1484375,0.05859375,1
975,-1.0390625,-0.125,0.05078125,1
976,-1.03515625,-0.12890625,0.0546875,1
977,-1.03515625,-0.12890625,0.05078125,1
978,-1.0546875,-0.13671875,0.02734375,1
979,-1.0390625,-0.140625,0.05078125,1
980,-1.046875,-0.14453125,0.046875,1
981,-1.03125,-0.1484375,0.0546875,1
982,-1.046875,-0.16015625,0.0546875,1
983,-1.04296875,-0.140625,0.0390625,1
984,-1.02734375,-0.13671875,0.03125,1
985,-1.04296875,-0.15234375,0.03125,1
986,-1.046875,-0.1484375,0.0390625,1
987,-1.046875,-0.15625,0.046875,1
988,-1.05078125,-0.15234375,0.04296875,1
989,-1.03515625,-0.15625,0.046875,1
990,-1.0546875,-0.15234375,0.046875,1
991,-1.0390625,-0.15234375,0.03125,1
992,-1.046875,-0.1484375,0.04296875,1
993,-1.02734375,-0.15234375,0.046875,1
994,-1.01953125,-0.14453125,0.04296875,1
995,-1.03515625,-0.125,0.0625,1
996,-1.02734375,-0.140625,0.0390625,1
997,-1.0078125,-0.14453125,0.03515625,1
998,-1.015625,-0.13671875,0.03515625,1
999,-1.01171875,-0.125,0.04296875,1
1000,-1.00390625,-0.1328125,0.0234375,1
1001,-0.98828125,-0.1328125,0.02734375,1
1002,-0.99609375,-0.125,0.03125,1
1003,-0.9921875,-0.1171875,0.01953125,1
1004,-0.99609375,-0.125,0.02734375,1
1005,-0.99609375,-0.13671875,0.0234375,1
1006,-0.984375,-0.125,0.02734375,1
1007,-1.0,-0.12109375,0.015625,1
1008,-0.99609375,-0.1015625,0.0234375,1
1009,-1.0,-0.1171875,0.01953125,1
1010,-0.99609375,-0.1015625,0.02734375,1
1011,-0.99609375,-0.10546875,0.03515625,1
1012,-1.0,-0.08203125,0.0390625,1
1013,-1.0,-0.0859375,0.046875,1
1014,-0.98828125,-0.09765625,0.03515625,1
1015,-0.9921875,-0.08984375,0.03515625,1
1016,-0.984375,-0.08984375,0.05078125,1
1017,-0.98046875,-0.09375,0.078125,1
1018,-0.99609375,-0.09375,0.05859375,1
1019,-0.984375,-0.09765625,0.05859375,1
1020,-0.98828125,-0.0859375,0.0625,1
1021,-0.9921875,-0.09375,0.0625,1
1022,-0.98828125,-0.0859375,0.05859375,1
1023,-1.0,-0.08203125,0.0625,1
1024,-1.0234375,-0.0703125,0.05859375,1
1025,-1.0,-0.06640625,0.05078125,1
1026,-1.0,-0.0703125,0.0546875,1
1027,-1.0,-0.07421875,0.04296875,1
1028,-1.015625,-0.07421875,0.06640625,1
1029,-1.01171875,-0.08203125,0.05859375,1
1030,-1.0078125,-0.08203125,0.05078125,1
1031,-1.0,-0.09375,0.06640625,1
1032,-1.0078125,-0.08203125,0.0546875,1
1033,-1.01953125,-0.0703125,0.0625,1
1034,-1.03125,-0.07421875,0.0546875,1
1035,-1.0390625,-0.0703125,0.078125,1
1036,-1.0390625,-0.08203125,0.0859375,1
1037,-1.046875,-0.0859375,0.078125,1
1038,-1.046875,-0.0703125,0.0703125,1
1039,-1.04296875,-0.06640625,0.07421875,1
1040,-1.0390625,-0.07421875,0.07421875,1
1041,-1.02734375,-0.09765625,0.0859375,1
1042,-1.03125,-0.09765625,0.09765625,1
1043,-1.02734375,-0.09765625,0.0859375,1
1044,-1.02734375,-0.10546875,0.08203125,1
1045,-1.015625,-0.10546875,0.08984375,1
1046,-1.0078125,-0.10546875,0.07421875,1
1047,-1.01953125,-0.09765625,0.08203125,1
1048,-1.0,-0.09375,0.07421875,1
1049,-1.0234375,-0.10546875,0.05078125,1
1050,-1.01171875,-0.078125,0.06640625,1
1051,-1.00390625,-0.08984375,0.05859375,1
1052,-1.015625,-0.09765625,0.0546875,1
1053,-1.0078125,-0.0703125,0.05078125,1
1054,-1.0,-0.09765625,0.0390625,1
1055,-1.0,-0.08984375,0.02734375,1
1056,-1.00390625,-0.08984375,0.0390625,1
1057,-1.00390625,-0.08203125,0.01953125,1
1058,-0.99609375,-0.08203125,0.0234375,1
1059,-1.01171875,-0.05078125,0.015625,1
1060,-1.015625,-0.06640625,0.015625,1
1061,-1.0078125,-0.05859375,0.0234375,1
1062,-1.0234375,-0.046875,0.03125,1
1063,-1.01953125,-0.06640625,0.015625,1
1064,-1.03125,-0.0703125,0.03515625,1
1065,-1.0390625,-0.05078125,0.02734375,1
1066,-1.03515625,-0.046875,0.04296875,1
1067,-1.03515625,-0.05078125,0.04296875,1
1068,-1.05859375,-0.0546875,0.046875,1
1069,-1.05859375,-0.0546875,0.0625,1
1070,-1.046875,-0.03515625,0.05859375,1
1071,-1.0703125,-0.03515625,0.0390625,1
1072,-1.0546875,-0.05859375,0.08203125,1
1073,-1.0625,-0.04296875,0.08203125,1
1074,-1.07421875,-0.05078125,0.10546875,1
1075,-1.0546875,-0.0390625,0.1015625,1
1076,-1.05078125,-0.05859375,0.10546875,1
1077,-1.0390625,-0.046875,0.09765625,1
1078,-1.04296875,-0.04296875,0.10546875,1
1079,-1.03125,-0.06640625,0.09765625,1
1080,-1.03515625,-0.06640625,0.109375,1
1081,-1.0234375,-0.05859375,0.08984375,1
1082,-1.0234375,-0.0546875,0.078125,1
1083,-1.01953125,-0.08203125,0.07421875,1
1084,-1.02734375,-0.0859375,0.05859375,1
1085,-1.0234375,-0.09765625,0.046875,1
1086,-1.015625,-0.09375,0.04296875,1
1087,-1.015625,-0.1015625,0.01953125,1
1088,-1.0078125,-0.10546875,0.0234375,1
1089,-1.0,-0.09765625,0.0078125,1
1090,-1.01171875,-0.109375,0.00390625,1
1091,-1.0078125,-0.09765625,-0.0078125,1
1092,-1.00390625,-0.10546875,-0.00390625,1
1093,-0.99609375,-0.11328125,-0.00390625,1
1094,-0.99609375,-0.10546875,-0.0078125,1
1095,-1.0,-0.10546875,0.0,1
1096,-0.9921875,-0.11328125,-0.0234375,1
1097,-1.0,-0.09375,-0.03125,1
1098,-1.0,-0.10546875,-0.015625,1
1099,-1.0,-0.09375,-0.015625,1
1100,-1.00390625,-0.08984375,-0.03515625,1
1101,-0.99609375,-0.1015625,-0.03125,1
1102,-1.0078125,-0.10546875,-0.03515625,1
1103,-1.00390625,-0.09375,-0.04296875,1
1104,-1.01171875,-0.08984375,-0.01953125,1
1105,-1.015625,-0.09375,-0.01953125,1
1106,-1.015625,-0.09375,-0.00390625,1
1107,-1.01171875,-0.109375,-0.00390625,1
1108,-1.0078125,-0.10546875,-0.01171875,1
1109,-1.015625,-0.09765625,-0.00390625,1
1110,-1.0078125,-0.109375,-0.015625,1
1111,-1.0234375,-0.1171875,0.0,1
1112,-1.01953125,-0.1015625,0.0078125,1
1113,-1.01171875,-0.10546875,0.0,1
1114,-1.02734375,-0.078125,0.015625,1
1115,-1.01953125,-0.1171875,0.00390625,1
1116,-1.0078125,-0.11328125,0.0,1
1117,-1.0234375,-0.11328125,0.015625,1
1118,-1.01171875,-0.1171875,0.01171875,1
1119,-1.01171875,-0.10546875,0.01953125,1
1120,-1.015625,-0.109375,0.01953125,1
1121,-1.02734375,-0.11328125,0.03125,1
1122,-1.01171875,-0.11328125,0.015625,1
1123,-1.03125,-0.12890625,0.03125,1
1124,-1.01953125,-0.11328125,0.0234375,1
1125,-1.04296875,-0.109375,0.0234375,1
1126,-1.02734375,-0.12109375,0.0234375,1
1127,-1.0234375,-0.109375,0.02734375,1
1128,-1.02734375,-0.10546875,0.03125,1
1129,-1.0234375,-0.10546875,0.0234375,1
1130,-1.01171875,-0.1015625,0.015625,1
1131,-1.015625,-0.109375,0.01171875,1
1132,-1.03515625,-0.09375,0.015625,1
1133,-1.03125,-0.10546875,0.0234375,1
1134,-1.0390625,-0.1171875,0.0234375,1
1135,-1.0390625,-0.1171875,0.01953125,1
1136,-1.03515625,-0.109375,0.015625,1
1137,-1.05078125,-0.1171875,0.01953125,1
1138,-1.0546875,-0.125,0.03125,1
1139,-1.0390625,-0.12109375,0.0234375,1
1140,-1.046875,-0.1328125,0.03515625,1
1141,-1.0546875,-0.125,0.04296875,1
1142,-1.03515625,-0.13671875,0.04296875,1
1143,-1.03515625,-0.13671875,0.0390625,1
1144,-1.03515625,-0.140625,0.05078125,1
1145,-1.03125,-0.13671875,0.0546875,1
1146,-1.046875,-0.13671875,0.0625,1
1147,-1.01171875,-0.17578125,0.05859375,1
1148,-1.046875,-0.15625,0.06640625,1
1149,-1.03515625,-0.15234375,0.0625,1
1150,-1.046875,-0.16015625,0.078125,1
1151,-1.0546875,-0.1484375,0.08203125,1
1152,-1.0546875,-0.15625,0.09375,1
1153,-1.0390625,-0.16015625,0.09765625,1
1154,-1.0390625,-0.1953125,0.09375,1
1155,-1.03125,-0.1796875,0.109375,1
1156,-1.03125,-0.17578125,0.09765625,1
1157,-1.03125,-0.18359375,0.10546875,1
1158,-1.02734375,-0.1875,0.1171875,1
1159,-1.015625,-0.16796875,0.11328125,1
1160,-1.0078125,-0.17578125,0.10546875,1
1161,-1.0078125,-0.1640625,0.11328125,1
1162,-1.00390625,-0.171875,0.10546875,1
1163,-1.0,-0.15625,0.08203125,1
1164,-0.99609375,-0.171875,0.0625,1
1165,-1.0,-0.17578125,0.08203125,1
1166,-1.0,-0.16015625,0.0703125,1
1167,-0.99609375,-0.1484375,0.05859375,1
1168,-1.00390625,-0.18359375,0.0390625,1
1169,-0.99609375,-0.15625,0.05078125,1
1170,-0.9921875,-0.171875,0.04296875,1
1171,-0.9921875,-0.16015625,0.046875,1
1172,-0.9921875,-0.1640625,0.04296875,1
1173,-0.99609375,-0.16796875,0.03515625,1
1174,-0.99609375,-0.15625,0.04296875,1
1175,-0.9921875,-0.16015625,0.046875,1
1176,-1.0,-0.16796875,0.0546875,1
1177,-0.99609375,-0.17578125,0.05078125,1
1178,-0.99609375,-0.2109375,0.05859375,1
1179,-0.9921875,-0.15234375,0.08203125,1
1180,-0.99609375,-0.1796875,0.0703125,1
1181,-1.0,-0.1875,0.08203125,1
1182,-0.9921875,-0.18359375,0.08203125,1
1183,-0.99609375,-0.19140625,0.109375,1
1184,-0.9921875,-0.19921875,0.09375,1
1185,-1.0,-0.203125,0.1171875,1
1186,-1.0,-0.1875,0.12109375,1
1187,-1.00390625,-0.1875,0.12109375,1
1188,-1.015625,-0.1953125,0.140625,1
1189,-1.01953125,-0.20703125,0.1484375,1
1190,-1.0234375,-0.2109375,0.1640625,1
1191,-1.015625,-0.21484375,0.16796875,1
1192,-1.02734375,-0.2109375,0.1796875,1
1193,-1.03125,-0.19921875,0.18359375,1
1194,-1.02734375,-0.21875,0.18359375,1
1195,-1.015625,-0.2109375,0.1875,1
1196,-1.03125,-0.21875,0.203125,1
1197,-1.0234375,-0.203125,0.2109375,1
1198,-1.015625,-0.22265625,0.20703125,1
1199,-1.01953125,-0.21484375,0.2109375,1
1200,-1.0,-0.19921875,0.203125,1
1201,-1.01171875,-0.20703125,0.19921875,1
1202,-1.00390625,-0.19921875,0.19921875,1
1203,-1.00390625,-0.2265625,0.1953125,1
1204,-1.0,-0.22265625,0.19140625,1
1205,-1.0078125,-0.22265625,0.18359375,1
1206,-1.00390625,-0.22265625,0.1875,1
1207,-1.0078125,-0.23046875,0.19921875,1
1208,-1.00390625,-0.2265625,0.18359375,1
1209,-1.0078125,-0.23828125,0.1796875,1
1210,-1.0,-0.2265625,0.18359375,1
1211,-1.00390625,-0.234375,0.18359375,1
1212,-0.98828125,-0.234375,0.1796875,1
1213,-1.0078125,-0.23828125,0.18359375,1
1214,-0.99609375,-0.23046875,0.1796875,1
1215,-0.99609375,-0.23828125,0.17578125,1
1216,-0.9921875,-0.2421875,0.171875,1
1217,-0.984375,-0.2421875,0.16015625,1
1218,-0.984375,-0.234375,0.15625,1
1219,-0.98046875,-0.2421875,0.15625,1
1220,-0.98828125,-0.2421875,0.171875,1
1221,-0.99609375,-0.23828125,0.1640625,1
1222,-0.97265625,-0.2578125,0.171875,1
1223,-0.97265625,-0.25,0.16015625,1
1224,-0.9609375,-0.24609375,0.15625,1
1225,-0.96875,-0.25390625,0.16015625,1
1226,-0.96484375,-0.25,0.1484375,1
1227,-0.9765625,-0.24609375,0.1640625,1
1228,-0.96484375,-0.24609375,0.15234375,1
1229,-0.9609375,-0.25,0.15625,1
1230,-0.94921875,-0.23828125,0.14453125,1
1231,-0.9375,-0.25,0.14453125,1
1232,-0.93359375,-0.23046875,0.1484375,1
1233,-0.92578125,-0.23828125,0.12109375,1
1234,-0.921875,-0.234375,0.13671875,1
1235,-0.92578125,-0.22265625,0.125,1
1236,-0.91015625,-0.2265625,0.09765625,1
1237,-0.9140625,-0.234375,0.1015625,1
1238,-0.921875,-0.23828125,0.10546875,1
1239,-0.92578125,-0.24609375,0.09375,1
1240,-0.9375,-0.25,0.0859375,1
1241,-0.953125,-0.25390625,0.08203125,1
1242,-0.953125,-0.265625,0.0703125,1
1243,-0.98046875,-0.2578125,0.08984375,1
1244,-0.98828125,-0.2578125,0.1015625,1
1245,-1.0,-0.26953125,0.078125,1
1246,-1.0234375,-0.2734375,0.08984375,1
1247,-1.04296875,-0.27734375,0.08984375,1
1248,-1.06640625,-0.26953125,0.09375,1
1249,-1.0859375,-0.27734375,0.1015625,1
1250,-1.09765625,-0.29296875,0.12109375,1
1251,-1.09765625,-0.29296875,0.12890625,1
1252,-1.11328125,-0.30078125,0.14453125,1
1253,-1.12890625,-0.3046875,0.16015625,1
1254,-1.13671875,-0.3359375,0.16796875,1
1255,-1.14453125,-0.328125,0.1875,1
1256,-1.13671875,-0.328125,0.18359375,1
1257,-1.1328125,-0.33203125,0.1875,1
1258,-1.13671875,-0.3359375,0.19140625,1
1259,-1.12109375,-0.33984375,0.19140625,1
1260,-1.12890625,-0.3515625,0.1953125,1
1261,-1.109375,-0.32421875,0.1953125,1
1262,-1.0859375,-0.30859375,0.1796875,1
1263,-1.07421875,-0.3125,0.1875,1
1264,-1.06640625,-0.30859375,0.17578125,1
1265,-1.0625,-0.296875,0.19140625,1
1266,-1.046875,-0.31640625,0.1953125,1
1267,-1.05078125,-0.3125,0.1953125,1
1268,-1.01953125,-0.2890625,0.1796875,1
1269,-1.01953125,-0.3046875,0.19921875,1
1270,-1.01953125,-0.296875,0.1953125,1
1271,-1.01953125,-0.296875,0.1953125,1
1272,-1.00390625,-0.28515625,0.203125,1
1273,-1.015625,-0.30859375,0.203125,1
1274,-1.01171875,-0.29296875,0.203125,1
1275,-1.00390625,-0.28515625,0.19921875,1
1276,-1.0234375,-0.29296875,0.2109375,1
1277,-1.015625,-0.30078125,0.19921875,1
1278,-1.01171875,-0.3046875,0.20703125,1
1279,-1.03125,-0.31640625,0.19921875,1
1280,-1.0234375,-0.3125,0.1875,1
1281,-1.0234375,-0.296875,0.1953125,1
1282,-1.015625,-0.33203125,0.1796875,1
1283,-1.01171875,-0.3125,0.18359375,1
1284,-1.01171875,-0.3203125,0.17578125,1
1285,-1.01171875,-0.32421875,0.18359375,1
1286,-1.0,-0.33984375,0.1640625,1
1287,-0.98046875,-0.33984375,0.16796875,1
1288,-0.97265625,-0.33984375,0.1796875,1
1289,-0.97265625,-0.34765625,0.1796875,1
1290,-0.9609375,-0.3359375,0.17578125,1
1291,-0.953125,-0.33203125,0.1796875,1
1292,-0.94921875,-0.30859375,0.171875,1
1293,-0.9453125,-0.328125,0.18359375,1
1294,-0.9375,-0.32421875,0.18359375,1
1295,-0.9296875,-0.3359375,0.18359375,1
1296,-0.93359375,-0.3671875,0.18359375,1
1297,-0.92578125,-0.375,0.1796875,1
1298,-0.92578125,-0.34765625,0.1640625,1
1299,-0.91015625,-0.36328125,0.18359375,1
1300,-0.90625,-0.37109375,0.17578125,1
1301,-0.90625,-0.37109375,0.1796875,1
1302,-0.8984375,-0.36328125,0.19921875,1
1303,-0.890625,-0.375,0.203125,1
1304,-0.90625,-0.37109375,0.203125,1
1305,-0.8984375,-0.37109375,0.20703125,1
1306,-0.91015625,-0.35546875,0.21875,1
1307,-0.9296875,-0.39453125,0.21875,1
1308,-0.9453125,-0.37890625,0.21875,1
1309,-0.9453125,-0.37890625,0.20703125,1
1310,-0.95703125,-0.37890625,0.22265625,1
1311,-0.96875,-0.40625,0.22265625,1
1312,-0.9609375,-0.40234375,0.21484375,1
1313,-0.9609375,-0.41015625,0.19921875,1
1314,-0.984375,-0.390625,0.18359375,1
1315,-0.98828125,-0.41796875,0.1796875,1
1316,-0.984375,-0.4140625,0.17578125,1
1317,-0.98046875,-0.390625,0.16015625,1
1318,-1.00390625,-0.41796875,0.15234375,1
1319,-0.9921875,-0.41015625,0.15234375,1
1320,-1.0,-0.41796875,0.1640625,1
1321,-1.0,-0.42578125,0.1484375,1
1322,-1.0,-0.44140625,0.14453125,1
1323,-0.99609375,-0.44140625,0.15234375,1
1324,-0.9921875,-0.4453125,0.15625,1
1325,-1.0,-0.46484375,0.15625,1
1326,-1.0078125,-0.453125,0.15625,1
1327,-1.0078125,-0.44140625,0.18359375,1
1328,-1.0078125,-0.4375,0.1875,1
1329,-1.02734375,-0.4375,0.16796875,1
1330,-1.015625,-0.43359375,0.1796875,1
1331,-0.9921875,-0.421875,0.15625,1
1332,-1.0,-0.4140625,0.16015625,1
1333,-1.0,-0.40625,0.1484375,1
1334,-1.0,-0.40625,0.13671875,1
1335,-0.99609375,-0.390625,0.12109375,1
1336,-1.00390625,-0.40234375,0.12890625,1
1337,-1.00390625,-0.390625,0.1171875,1
1338,-1.00390625,-0.4140625,0.10546875,1
1339,-1.0,-0.41796875,0.09765625,1
1340,-1.01171875,-0.40234375,0.1015625,1
1341,-1.0078125,-0.41796875,0.109375,1
1342,-1.0078125,-0.44140625,0.10546875,1
1343,-1.00390625,-0.4296875,0.10546875,1
1344,-1.0,-0.41796875,0.11328125,1
1345,-1.00390625,-0.4296875,0.11328125,1
1346,-1.015625,-0.43359375,0.10546875,1
1347,-1.00390625,-0.43359375,0.1015625,1
1348,-1.0,-0.4296875,0.10546875,1
1349,-0.984375,-0.4375,0.10546875,1
1350,-0.98046875,-0.44140625,0.1015625,1
1351,-0.98828125,-0.44140625,0.109375,1
1352,-0.98046875,-0.44140625,0.1015625,1
1353,-0.96484375,-0.46875,0.10546875,1
1354,-0.95703125,-0.4453125,0.1015625,1
1355,-0.94921875,-0.4375,0.08984375,1
1356,-0.94140625,-0.44140625,0.1015625,1
1357,-0.9453125,-0.44921875,0.109375,1
1358,-0.9453125,-0.4609375,0.109375,1
1359,-0.94140625,-0.46484375,0.125,1
1360,-0.94140625,-0.453125,0.13671875,1
1361,-0.9453125,-0.46875,0.1171875,1
1362,-0.9375,-0.4453125,0.140625,1
1363,-0.95703125,-0.45703125,0.125,1
1364,-0.96875,-0.4921875,0.1328125,1
1365,-0.96484375,-0.484375,0.13671875,1
1366,-0.96484375,-0.48828125,0.125,1
1367,-0.95703125,-0.484375,0.1171875,1
1368,-0.95703125,-0.48046875,0.1171875,1
1369,-0.96875,-0.4921875,0.1015625,1
1370,-0.9453125,-0.4765625,0.09375,1
1371,-0.94140625,-0.484375,0.08984375,1
1372,-0.9453125,-0.49609375,0.0859375,1
1373,-0.93359375,-0.46875,0.0703125,1
1374,-0.96484375,-0.48828125,0.09375,1
1375,-0.953125,-0.48828125,0.078125,1
1376,-0.94921875,-0.49609375,0.078125,1
1377,-0.9765625,-0.49609375,0.0703125,1
1378,-0.984375,-0.4921875,0.0625,1
1379,-0.97265625,-0.48828125,0.07421875,1
1380,-0.9765625,-0.484375,0.0703125,1
1381,-0.9765625,-0.48828125,0.0625,1
1382,-0.95703125,-0.49609375,0.0546875,1
1383,-0.97265625,-0.484375,0.06640625,1
1384,-0.96484375,-0.49609375,0.0625,1
1385,-0.96875,-0.48828125,0.0546875,1
1386,-0.9765625,-0.51171875,0.0703125,1
1387,-0.98046875,-0.50390625,0.06640625,1
1388,-0.98046875,-0.515625,0.05859375,1
1389,-0.96875,-0.50390625,0.05078125,1
1390,-0.98046875,-0.515625,0.07421875,1
1391,-0.98046875,-0.51171875,0.078125,1
1392,-0.98828125,-0.50390625,0.0546875,1
1393,-0.984375,-0.51171875,0.0625,1
1394,-0.953125,-0.5390625,0.0703125,1
1395,-0.99609375,-0.53125,0.0625,1
1396,-0.96484375,-0.54296875,0.046875,1
1397,-1.00390625,-0.51171875,0.0859375,1
1398,-0.96875,-0.50390625,0.05078125,1
1399,-0.97265625,-0.51953125,0.07421875,1
1400,-0.953125,-0.51171875,0.08203125,1
1401,-0.953125,-0.53515625,0.07421875,1
1402,-0.94140625,-0.5390625,0.05859375,1
1403,-0.94140625,-0.515625,0.0703125,1
1404,-0.9375,-0.5234375,0.0703125,1
1405,-0.9375,-0.546875,0.078125,1
1406,-0.9375,-0.53125,0.0703125,1
1407,-0.921875,-0.5390625,0.0625,1
1408,-0.92578125,-0.5390625,0.07421875,1
1409,-0.92578125,-0.5390625,0.0546875,1
1410,-0.93359375,-0.55078125,0.0625,1
1411,-0.93359375,-0.53515625,0.05859375,1
1412,-0.94140625,-0.53125,0.0546875,1
1413,-0.9375,-0.53515625,0.046875,1
1414,-0.95703125,-0.55078125,0.05078125,1
1415,-0.9453125,-0.578125,0.02734375,1
1416,-0.9375,-0.546875,0.0234375,1
1417,-0.96484375,-0.57421875,0.03125,1
1418,-0.96875,-0.5625,0.04296875,1
1419,-0.95703125,-0.5625,0.01171875,1
1420,-0.95703125,-0.578125,0.0,1
1421,-0.953125,-0.5703125,0.0078125,1
1422,-0.96875,-0.578125,0.0078125,1
1423,-0.96875,-0.5703125,0.01171875,1
1424,-0.95703125,-0.58203125,0.0,1
1425,-0.97265625,-0.59375,0.01171875,1
1426,-0.96484375,-0.56640625,0.0,1
1427,-0.95703125,-0.57421875,0.0,1
1428,-0.96484375,-0.58984375,0.0,1
1429,-0.9453125,-0.58203125,-0.00390625,1
1430,-0.95703125,-0.59375,0.015625,1
1431,-0.94140625,-0.6015625,0.01171875,1
1432,-0.953125,-0.58984375,0.02734375,1
1433,-0.94140625,-0.59765625,0.0234375,1
1434,-0.92578125,-0.6015625,0.0234375,1
1435,-0.93359375,-0.59375,0.02734375,1
1436,-0.921875,-0.6015625,0.03515625,1
1437,-0.93359375,-0.6015625,0.0546875,1
1438,-0.9296875,-0.58984375,0.046875,1
1439,-0.921875,-0.6015625,0.0546875,1
1440,-0.90234375,-0.6015625,0.0625,1
1441,-0.9296875,-0.59765625,0.05859375,1
1442,-0.9375,-0.59765625,0.07421875,1
1443,-0.9375,-0.58984375,0.06640625,1
1444,-0.94921875,-0.609375,0.06640625,1
1445,-0.9453125,-0.6015625,0.06640625,1
1446,-0.94140625,-0.609375,0.05859375,1
1447,-0.9453125,-0.58984375,0.05859375,1
1448,-0.95703125,-0.59375,0.0546875,1
1449,-0.94140625,-0.58984375,0.04296875,1
1450,-0.94140625,-0.609375,0.0390625,1
1451,-0.94140625,-0.6171875,0.07421875,1
1452,-0.94921875,-0.6015625,0.01953125,1
1453,-0.9453125,-0.61328125,0.0234375,1
1454,-0.9453125,-0.609375,0.01953125,1
1455,-0.9375,-0.62890625,0.015625,1
1456,-0.9375,-0.59765625,0.0078125,1
1457,-0.9375,-0.62109375,0.01171875,1
1458,-0.9296875,-0.61328125,0.0078125,1
1459,-0.93359375,-0.6328125,0.0078125,1
1460,-0.91796875,-0.6171875,0.00390625,1
1461,-0.94140625,-0.61328125,0.01953125,1
1462,-0.92578125,-0.59765625,0.0078125,1
1463,-0.93359375,-0.6171875,0.01953125,1
1464,-0.9296875,-0.6171875,0.03125,1
1465,-0.9375,-0.61328125,0.04296875,1
1466,-0.9375,-0.61328125,0.0390625,1
1467,-0.93359375,-0.609375,0.04296875,1
1468,-0.93359375,-0.59375,0.05078125,1
1469,-0.94140625,-0.6171875,0.0390625,1
1470,-0.93359375,-0.625,0.0546875,1
1471,-0.91015625,-0.625,0.0546875,1
1472,-0.90625,-0.62109375,0.05859375,1
1473,-0.9296875,-0.61328125,0.05078125,1
1474,-0.921875,-0.62890625,0.05078125,1
1475,-0.91015625,-0.61328125,0.05078125,1
1476,-0.91015625,-0.625,0.0625,1
1477,-0.8984375,-0.625,0.0546875,1
1478,-0.90234375,-0.62109375,0.05859375,1
1479,-0.90625,-0.6328125,0.0546875,1
1480,-0.890625,-0.625,0.04296875,1
1481,-0.89453125,-0.61328125,0.05078125,1
1482,-0.890625,-0.62890625,0.05859375,1
1483,-0.88671875,-0.65234375,0.0390625,1
1484,-0.8671875,-0.65234375,0.046875,1
1485,-0.8671875,-0.64453125,0.0546875,1
1486,-0.86328125,-0.63671875,0.05078125,1
1487,-0.85546875,-0.6484375,0.05859375,1
1488,-0.86328125,-0.6328125,0.0625,1
1489,-0.84375,-0.65234375,0.0546875,1
1490,-0.84765625,-0.6484375,0.05859375,1
1491,-0.85546875,-0.64453125,0.06640625,1
1492,-0.828125,-0.6640625,0.04296875,1
1493,-0.83984375,-0.640625,0.05859375,1
1494,-0.83203125,-0.64453125,0.05078125,1
1495,-0.83203125,-0.6640625,0.0546875,1
1496,-0.8203125,-0.6640625,0.046875,1
1497,-0.8125,-0.6796875,0.03125,1
1498,-0.81640625,-0.6796875,0.0390625,1
1499,-0.80859375,-0.69140625,0.046875,1
1500,-0.81640625,-0.6796875,0.05078125,1
1501,-0.80859375,-0.67578125,0.0703125,1
1502,-0.8125,-0.6875,0.0546875,1
1503,-0.81640625,-0.703125,0.078125,1
1504,-0.79296875,-0.69921875,0.0625,1
1505,-0.8046875,-0.69140625,0.0859375,1
1506,-0.74609375,-0.6875,0.03515625,1
1507,-0.87109375,-0.72265625,0.08984375,1
1508,-0.82421875,-0.6875,0.05859375,1
1509,-0.828125,-0.69140625,0.078125,1
1510,-0.828125,-0.69140625,0.0546875,1
1511,-0.8203125,-0.703125,0.0625,1
1512,-0.82421875,-0.6875,0.07421875,1
1513,-0.82421875,-0.703125,0.0546875,1
1514,-0.828125,-0.69140625,0.06640625,1
1515,-0.83984375,-0.67578125,0.0703125,1
1516,-0.8359375,-0.6953125,0.0703125,1
1517,-0.8203125,-0.6875,0.0703125,1
1518,-0.81640625,-0.6796875,0.06640625,1
1519,-0.8203125,-0.6875,0.06640625,1
1520,-0.82421875,-0.66796875,0.06640625,1
1521,-0.8203125,-0.66015625,0.0546875,1
1522,-0.81640625,-0.66796875,0.06640625,1
1523,-0.82421875,-0.671875,0.0625,1
1524,-0.82421875,-0.65234375,0.07421875,1
1525,-0.84765625,-0.65234375,0.0703125,1
1526,-0.8515625,-0.63671875,0.05859375,1
1527,-0.88671875,-0.63671875,0.04296875,1
1528,-0.921875,-0.640625,0.0390625,1
1529,-0.96484375,-0.66015625,0.05859375,1
1530,-0.99609375,-0.66796875,0.046875,1
1531,-1.01171875,-0.69140625,0.0390625,1
1532,-1.0390625,-0.7109375,0.05859375,1
1533,-1.0234375,-0.703125,0.05078125,1
1534,-1.0078125,-0.703125,0.0546875,1
1535,-0.96484375,-0.703125,0.04296875,1
1536,-0.8984375,-0.703125,0.0703125,1
1537,-0.80859375,-0.703125,0.0625,1
1538,-0.72265625,-0.7109375,0.078125,1
1539,-0.66796875,-0.71875,0.0703125,1
1540,-0.578125,-0.703125,0.0625,1
1541,-0.546875,-0.7421875,0.07421875,1
1542,-0.5078125,-0.7265625,0.07421875,1
1543,-0.50390625,-0.7265625,0.08203125,1
1544,-0.515625,-0.7421875,0.08203125,1
1545,-0.5703125,-0.7265625,0.09375,1
1546,-0.61328125,-0.703125,0.1015625,1
1547,-0.63671875,-0.69921875,0.09375,1
1548,-0.6875,-0.6796875,0.109375,1
1549,-0.69921875,-0.66796875,0.10546875,1
1550,-0.7421875,-0.65234375,0.11328125,1
1551,-0.75390625,-0.66015625,0.109375,1
1552,-0.7734375,-0.64453125,0.1171875,1
1553,-0.77734375,-0.64453125,0.109375,1
1554,-0.77734375,-0.65234375,0.1015625,1
1555,-0.75,-0.671875,0.09375,1
1556,-0.75390625,-0.6640625,0.09765625,1
1557,-0.75,-0.67578125,0.0859375,1
1558,-0.73828125,-0.6640625,0.078125,1
1559,-0.73828125,-0.6796875,0.078125,1
1560,-0.76953125,-0.66015625,0.07421875,1
1561,-0.75,-0.671875,0.08984375,1
1562,-0.7421875,-0.671875,0.078125,1
1563,-0.7421875,-0.66796875,0.08984375,1
1564,-0.73828125,-0.671875,0.0859375,1
1565,-0.7265625,-0.66796875,0.0859375,1
1566,-0.73046875,-0.6640625,0.08984375,1
1567,-0.71484375,-0.66796875,0.08203125,1
1568,-0.71484375,-0.66015625,0.09765625,1
1569,-0.7265625,-0.66015625,0.08984375,1
1570,-0.7265625,-0.64453125,0.09375,1
1571,-0.6953125,-0.6796875,0.08984375,1
1572,-0.703125,-0.64453125,0.09375,1
1573,-0.703125,-0.64453125,0.1015625,1
1574,-0.69140625,-0.6328125,0.09765625,1
1575,-0.703125,-0.62890625,0.09765625,1
1576,-0.6796875,-0.6328125,0.08203125,1
1577,-0.69140625,-0.625,0.0859375,1
1578,-0.703125,-0.625,0.09375,1
1579,-0.703125,-0.61328125,0.09765625,1
1580,-0.71875,-0.6328125,0.1171875,1
1581,-0.71484375,-0.6171875,0.1015625,1
1582,-0.7109375,-0.625,0.109375,1
1583,-0.7265625,-0.62890625,0.09765625,1
1584,-0.7109375,-0.64453125,0.10546875,1
1585,-0.71875,-0.65234375,0.12109375,1
1586,-0.70703125,-0.6328125,0.109375,1
1587,-0.703125,-0.609375,0.09765625,1
1588,-0.7109375,-0.62890625,0.10546875,1
1589,-0.72265625,-0.62109375,0.08984375,1
1590,-0.7421875,-0.6171875,0.109375,1
1591,-0.73046875,-0.61328125,0.1015625,1
1592,-0.72265625,-0.625,0.078125,1
1593,-0.6875,-0.6015625,0.0703125,1
1594,-0.72265625,-0.609375,0.1015625,1
1595,-0.74609375,-0.609375,0.09765625,1
1596,-0.734375,-0.59375,0.0859375,1
1597,-0.7109375,-0.58203125,0.09765625,1
1598,-0.68359375,-0.5859375,0.109375,1
1599,-0.671875,-0.58203125,0.10546875,1
1600,-0.671875,-0.55859375,0.11328125,1
1601,-0.65625,-0.52734375,0.0859375,1
1602,-0.65625,-0.52734375,0.109375,1
1603,-0.6328125,-0.5,0.08984375,1
1604,-0.6484375,-0.51171875,0.08984375,1
1605,-0.6796875,-0.515625,0.1015625,1
1606,-0.65234375,-0.50390625,0.09765625,1
1607,-0.64453125,-0.52734375,0.12109375,1
1608,-0.640625,-0.51171875,0.14453125,1
1609,-0.625,-0.50390625,0.12890625,1
1610,-0.64453125,-0.50390625,0.140625,1
1611,-0.640625,-0.48046875,0.1484375,1
1612,-0.6484375,-0.5,0.17578125,1
1613,-0.65625,-0.484375,0.20703125,1
1614,-0.6953125,-0.49609375,0.19140625,1
1615,-0.7109375,-0.48828125,0.1875,1
1616,-0.73046875,-0.45703125,0.171875,1
1617,-0.76171875,-0.47265625,0.18359375,1
1618,-0.76171875,-0.4921875,0.15625,1
1619,-0.76171875,-0.47265625,0.140625,1
1620,-0.7578125,-0.49609375,0.12109375,1
1621,-0.76171875,-0.4765625,0.09765625,1
1622,-0.76171875,-0.54296875,0.12890625,1
1623,-0.76171875,-0.52734375,0.08203125,1
1624,-0.75,-0.52734375,0.06640625,1
1625,-0.7734375,-0.5,0.0234375,1
1626,-0.69921875,-0.51171875,0.0234375,1
1627,-0.6875,-0.52734375,0.03515625,1
1628,-0.66796875,-0.50390625,0.03125,1
1629,-0.70703125,-0.5078125,0.078125,1
1630,-0.66015625,-0.50390625,0.05078125,1
1631,-0.66015625,-0.50390625,0.01171875,1
1632,-0.68359375,-0.5234375,0.03515625,1
1633,-0.66015625,-0.50390625,0.05078125,1
1634,-0.68359375,-0.52734375,0.1015625,1
1635,-0.67578125,-0.55078125,0.13671875,1
1636,-0.6953125,-0.53515625,0.12890625,1
1637,-0.69921875,-0.57421875,0.14453125,1
1638,-0.76171875,-0.60546875,0.1796875,1
1639,-0.80078125,-0.6171875,0.20703125,1
1640,-0.8046875,-0.61328125,0.2109375,1
1641,-0.80859375,-0.64453125,0.1875,1
1642,-0.8984375,-0.68359375,0.26171875,1
1643,-0.8359375,-0.640625,0.22265625,1
1644,-0.85546875,-0.67578125,0.19140625,1
1645,-0.89453125,-0.6875,0.1875,1
1646,-0.875,-0.68359375,0.109375,1
1647,-0.9453125,-0.65625,0.1171875,1
1648,-0.91796875,-0.67578125,0.11328125,1
1649,-0.953125,-0.69921875,0.078125,1
1650,-0.96875,-0.68359375,0.0625,1
1651,-0.95703125,-0.69921875,0.1640625,1
1652,-0.97265625,-0.75,0.22265625,1
1653,-0.92578125,-0.74609375,0.21484375,1
1654,-0.94140625,-0.73828125,0.15625,1
1655,-0.96875,-0.7421875,0.171875,1
1656,-0.98828125,-0.734375,0.109375,1
1657,-1.00390625,-0.74609375,0.109375,1
1658,-1.0,-0.7421875,0.0625,1
1659,-1.01953125,-0.77734375,0.0703125,1
1660,-1.07421875,-0.75390625,0.0859375,1
1661,-1.10546875,-0.72265625,0.0625,1
1662,-1.13671875,-0.734375,0.1484375,1
1663,-1.16015625,-0.74609375,0.18359375,1
1664,-1.21484375,-0.76171875,0.1875,1
1665,-1.20703125,-0.734375,0.2421875,1
1666,-1.20703125,-0.76171875,0.23828125,1
1667,-1.21484375,-0.75,0.2890625,1
1668,-1.2109375,-0.7265625,0.2421875,1
1669,-1.203125,-0.69921875,0.203125,1
1670,-1.21484375,-0.671875,0.25390625,1
1671,-1.21875,-0.65625,0.1953125,1
1672,-1.28515625,-0.66015625,0.09765625,1
1673,-1.26953125,-0.71875,0.1640625,1
1674,-1.26171875,-0.73828125,0.1484375,1
1675,-1.26171875,-0.78125,0.15625,1
1676,-1.2890625,-0.81640625,0.1484375,1
1677,-1.32421875,-0.828125,0.1640625,1
1678,-1.35546875,-0.828125,0.21484375,1
1679,-1.38671875,-0.85546875,0.21484375,1
1680,-1.40625,-0.85546875,0.234375,1
1681,-1.46484375,-0.86328125,0.2421875,1
1682,-1.5,-0.8671875,0.26953125,1
1683,-1.5546875,-0.87890625,0.2734375,1
1684,-1.62890625,-0.8515625,0.27734375,1
1685,-1.76953125,-0.8203125,0.3046875,1
1686,-1.9609375,-0.75,0.30078125,1
1687,-2.12890625,-0.65234375,0.2734375,1
1688,-2.40234375,-0.54296875,0.265625,1
1689,-2.5703125,-0.453125,0.2578125,1
1690,-2.765625,-0.3125,0.26953125,1
1691,-2.88671875,-0.14453125,0.27734375,1
1692,-2.94140625,0.046875,0.23046875,1
1693,-2.90625,0.24609375,0.234375,1
1694,-2.7734375,0.38671875,0.21484375,1
1695,-2.53515625,0.53125,0.140625,1
1696,-2.27734375,0.65234375,0.09765625,1
1697,-1.90234375,0.7265625,0.1171875,1
1698,-1.50390625,0.8125,0.015625,1
1699,-1.12109375,0.8359375,-0.0703125,1
1700,-1.06640625,1.03515625,0.49609375,1
1701,-0.37890625,0.859375,-0.0390625,1
1702,-0.11328125,0.8984375,-0.01171875,1
1703,0.03515625,0.875,0.01171875,1
1704,0.0625,0.8125,0.03515625,1
1705,-0.078125,0.74609375,0.109375,1
1706,-0.24609375,0.6953125,0.15625,1
1707,-0.3828125,0.69140625,0.1796875,1
1708,-0.48046875,0.69921875,0.203125,1
1709,-0.53515625,0.703125,0.2265625,1
1710,-0.57421875,0.66015625,0.23046875,1
1711,-0.60546875,0.546875,0.234375,1
1712,-0.6484375,0.44921875,0.203125,1
1713,-0.6484375,0.36328125,0.18359375,1
1714,-0.65625,0.33984375,0.16015625,1
1715,-0.65625,0.31640625,0.12109375,1
1716,-0.66015625,0.33203125,0.09375,1
1717,-0.625,0.359375,0.046875,1
1718,-0.60546875,0.40625,0.0078125,1
1719,-0.58984375,0.421875,-0.01953125,1
1720,-0.58203125,0.43359375,-0.03125,1
1721,-0.58984375,0.4296875,-0.01953125,1
1722,-0.5859375,0.38671875,-0.02734375,1
1723,-0.61328125,0.421875,-0.0625,1
1724,-0.66796875,0.45703125,-0.08984375,1
1725,-0.7265625,0.484375,-0.08984375,1
1726,-0.77734375,0.48046875,-0.109375,1
1727,-0.8203125,0.4921875,-0.08984375,1
1728,-0.85546875,0.49609375,-0.09375,1
1729,-0.875,0.5,-0.09375,1
1730,-0.8828125,0.515625,-0.0859375,1
1731,-0.85546875,0.5078125,-0.0859375,1
1732,-0.8359375,0.515625,-0.09375,1
1733,-0.81640625,0.48828125,-0.078125,1
1734,-0.8125,0.48046875,-0.0625,1
1735,-0.81640625,0.47265625,-0.05859375,1
1736,-0.80859375,0.46484375,-0.01171875,1
1737,-0.80859375,0.43359375,0.00390625,1
1738,-0.82421875,0.44140625,0.015625,1
1739,-0.8359375,0.41015625,0.06640625,1
1740,-0.83984375,0.41015625,0.10546875,1
1741,-0.84765625,0.3828125,0.15234375,1
1742,-0.85546875,0.35546875,0.1875,1
1743,-0.87109375,0.36328125,0.2265625,1
1744,-0.88671875,0.3125,0.2421875,1
1745,-0.93359375,0.32421875,0.25,1
1746,-0.92578125,0.296875,0.25,1
1747,-0.95703125,0.3203125,0.27734375,1
1748,-0.953125,0.3359375,0.265625,1
1749,-0.96875,0.34765625,0.296875,1
1750,-0.9921875,0.3359375,0.2890625,1
1751,-1.0078125,0.33984375,0.2734375,1
1752,-1.03125,0.35546875,0.26171875,1
1753,-1.03515625,0.37890625,0.2421875,1
1754,-1.046875,0.38671875,0.23828125,1
1755,-1.015625,0.44921875,0.22265625,1
1756,-0.99609375,0.390625,0.21484375,1
1757,-1.00390625,0.40625,0.234375,1
1758,-0.97265625,0.41015625,0.203125,1
1759,-0.95703125,0.3984375,0.2109375,1
1760,-0.9296875,0.4296875,0.1875,1
1761,-0.91015625,0.421875,0.23046875,1
1762,-0.87109375,0.3984375,0.24609375,1
1763,-0.85546875,0.375,0.2265625,1
1764,-0.82421875,0.3671875,0.24609375,1
1765,-0.8046875,0.34375,0.265625,1
1766,-0.77734375,0.328125,0.22265625,1
1767,-0.78515625,0.31640625,0.1953125,1
1768,-0.79296875,0.31640625,0.21875,1
1769,-0.78515625,0.3046875,0.21484375,1
1770,-0.7890625,0.3203125,0.23046875,1
1771,-0.7890625,0.3671875,0.19140625,1
1772,-0.7890625,0.39453125,0.1796875,1
1773,-0.796875,0.3984375,0.19140625,1
1774,-0.796875,0.42578125,0.12890625,1
1775,-0.77734375,0.44921875,0.078125,1
1776,-0.75390625,0.453125,0.03125,1
1777,-0.7265625,0.4609375,0.0078125,1
1778,-0.71875,0.47265625,0.0390625,1
1779,-0.64453125,0.484375,0.07421875,1
1780,-0.62109375,0.49609375,0.140625,1
1781,-0.58203125,0.515625,0.14453125,1
1782,-0.5390625,0.57421875,0.140625,1
1783,-0.546875,0.61328125,0.1484375,1
1784,-0.53125,0.5859375,0.16796875,1
1785,-0.5078125,0.59765625,0.16015625,1
1786,-0.515625,0.609375,0.14453125,1
1787,-0.5390625,0.609375,0.08984375,1
1788,-0.51171875,0.6015625,0.08984375,1
1789,-0.52734375,0.62109375,0.1015625,1
1790,-0.5234375,0.640625,0.09375,1
1791,-0.52734375,0.66015625,0.06640625,1
1792,-0.5078125,0.69140625,0.07421875,1
1793,-0.48828125,0.73046875,0.0546875,1
1794,-0.4609375,0.765625,0.0546875,1
1795,-0.44140625,0.76953125,0.0546875,1
1796,-0.3984375,0.7734375,0.0390625,1
1797,-0.375,0.73828125,0.0625,1
1798,-0.36328125,0.75,0.04296875,1
1799,-0.37109375,0.7578125,0.05078125,1
1800,-0.38671875,0.82421875,0.00390625,1
1801,-0.3984375,0.8671875,0.0,1
1802,-0.39453125,0.86328125,0.0,1
1803,-0.40234375,0.84375,0.0,1
1804,-0.41015625,0.796875,-0.01171875,1
1805,-0.39453125,0.78125,0.01171875,1
1806,-0.37890625,0.79296875,0.01171875,1
1807,-0.375,0.77734375,0.03125,1
1808,-0.35546875,0.7578125,0.0390625,1
1809,-0.3203125,0.7734375,0.02734375,1
1810,-0.3125,0.75,0.0703125,1
1811,-0.296875,0.7734375,0.07421875,1
1812,-0.29296875,0.7578125,0.0625,1
1813,-0.2890625,0.75390625,0.07421875,1
1814,-0.2890625,0.765625,0.0625,1
1815,-0.296875,0.78125,0.05859375,1
1816,-0.29296875,0.77734375,0.04296875,1
1817,-0.2890625,0.79296875,0.01953125,1
1818,-0.2890625,0.81640625,0.0078125,1
1819,-0.28515625,0.828125,-0.03125,1
1820,-0.26953125,0.84765625,-0.05078125,1
1821,-0.28125,0.83984375,-0.05078125,1
1822,-0.2890625,0.8359375,-0.05859375,1
1823,-0.29296875,0.82421875,-0.0703125,1
1824,-0.33984375,0.796875,-0.01953125,1
1825,-0.296875,0.8046875,-0.0703125,1
1826,-0.30859375,0.80078125,-0.05859375,1
1827,-0.3203125,0.80859375,-0.05859375,1
1828,-0.32421875,0.796875,-0.0703125,1
1829,-0.3359375,0.79296875,-0.05078125,1
1830,-0.34765625,0.7734375,-0.046875,1
1831,-0.34765625,0.7734375,-0.0703125,1
1832,-0.359375,0.7734375,-0.0390625,1
1833,-0.38671875,0.7734375,-0.02734375,1
1834,-0.3984375,0.75390625,-0.015625,1
1835,-0.41015625,0.75,-0.01171875,1
1836,-0.40625,0.7421875,-0.00390625,1
1837,-0.421875,0.6953125,-0.01953125,1
1838,-0.421875,0.6953125,-0.01953125,1
1839,-0.44921875,0.7109375,-0.0078125,1
1840,-0.45703125,0.7109375,0.0078125,1
1841,-0.4765625,0.71875,0.0078125,1
1842,-0.48828125,0.66796875,0.0078125,1
1843,-0.48828125,0.7421875,0.01953125,1
1844,-0.48828125,0.734375,0.02734375,1
1845,-0.4921875,0.7265625,0.0078125,1
1846,-0.48046875,0.72265625,0.0,1
1847,-0.46484375,0.7265625,0.00390625,1
1848,-0.46875,0.70703125,0.00390625,1
1849,-0.45703125,0.69921875,-0.0078125,1
1850,-0.46484375,0.703125,-0.00390625,1
1851,-0.44140625,0.7109375,-0.0234375,1
1852,-0.4609375,0.6953125,0.0,1
1853,-0.484375,0.69140625,-0.00390625,1
1854,-0.48046875,0.6953125,-0.01171875,1
1855,-0.484375,0.71875,-0.0078125,1
1856,-0.50390625,0.70703125,0.0078125,1
1857,-0.5078125,0.7265625,0.0,1
1858,-0.5234375,0.703125,0.00390625,1
1859,-0.53515625,0.71484375,0.0078125,1
1860,-0.5390625,0.7109375,0.00390625,1
1861,-0.52734375,0.71484375,0.0234375,1
1862,-0.53125,0.73046875,0.0078125,1
1863,-0.51171875,0.7109375,0.01171875,1
1864,-0.5,0.71875,0.0390625,1
1865,-0.49609375,0.6875,0.01171875,1
1866,-0.484375,0.6875,0.015625,1
1867,-0.48046875,0.69140625,0.015625,1
1868,-0.46484375,0.66796875,0.01953125,1
1869,-0.48046875,0.6640625,0.02734375,1
1870,-0.46875,0.65625,0.0390625,1
1871,-0.46484375,0.67578125,0.02734375,1
1872,-0.47265625,0.66796875,0.03515625,1
1873,-0.48046875,0.68359375,0.0390625,1
1874,-0.484375,0.67578125,0.03515625,1
1875,-0.5,0.65234375,0.05078125,1
1876,-0.49609375,0.6875,0.046875,1
1877,-0.5078125,0.6875,0.05078125,1
1878,-0.53125,0.67578125,0.0546875,1
1879,-0.5234375,0.69140625,0.0390625,1
1880,-0.52734375,0.703125,0.046875,1
1881,-0.5234375,0.69140625,0.0390625,1
1882,-0.515625,0.70703125,0.0390625,1
1883,-0.50390625,0.71484375,0.02734375,1
1884,-0.515625,0.70703125,0.0625,1
1885,-0.5,0.69921875,0.04296875,1
1886,-0.484375,0.734375,0.03515625,1
1887,-0.5,0.71875,0.0390625,1
1888,-0.484375,0.71484375,0.0390625,1
1889,-0.48828125,0.71875,0.03515625,1
1890,-0.4765625,0.703125,0.0390625,1
1891,-0.48046875,0.71484375,0.03515625,1
1892,-0.46484375,0.6953125,0.0234375,1
1893,-0.44921875,0.72265625,0.0234375,1
1894,-0.4609375,0.70703125,0.02734375,1
1895,-0.4296875,0.73046875,0.02734375,1
1896,-0.453125,0.734375,0.03515625,1
1897,-0.4375,0.74609375,0.03125,1
1898,-0.42578125,0.71875,0.0390625,1
1899,-0.4296875,0.7265625,0.03125,1
1900,-0.4375,0.73828125,0.0390625,1
1901,-0.4375,0.734375,0.04296875,1
1902,-0.44140625,0.7265625,0.046875,1
1903,-0.421875,0.74609375,0.0390625,1
1904,-0.4296875,0.734375,0.02734375,1
1905,-0.41796875,0.734375,0.01953125,1
1906,-0.4140625,0.7421875,0.0234375,1
1907,-0.40234375,0.734375,0.015625,1
1908,-0.42578125,0.74609375,0.0234375,1
1909,-0.40625,0.73828125,0.015625,1
1910,-0.421875,0.74609375,0.0078125,1
1911,-0.41796875,0.74609375,0.01171875,1
1912,-0.41796875,0.75,0.01171875,1
1913,-0.42578125,0.7578125,0.00390625,1
1914,-0.421875,0.7578125,0.015625,1
1915,-0.4296875,0.75390625,0.01953125,1
1916,-0.4296875,0.75,0.01953125,1
1917,-0.43359375,0.73828125,0.01171875,1
1918,-0.43359375,0.72265625,0.01171875,1
1919,-0.41796875,0.7421875,0.015625,1
1920,-0.42578125,0.73828125,0.015625,1
1921,-0.42578125,0.73828125,0.0234375,1
1922,-0.43359375,0.7265625,0.01953125,1
1923,-0.4296875,0.71484375,0.01953125,1
1924,-0.42578125,0.7421875,0.0234375,1
1925,-0.4375,0.7265625,0.01953125,1
1926,-0.44140625,0.70703125,0.0234375,1
1927,-0.4375,0.70703125,0.0234375,1
1928,-0.4453125,0.72265625,0.01953125,1
1929,-0.453125,0.703125,0.01953125,1
1930,-0.44921875,0.73046875,0.01953125,1
1931,-0.44921875,0.734375,0.01953125,1
1932,-0.45703125,0.72265625,0.0234375,1
1933,-0.453125,0.7109375,0.0234375,1
1934,-0.46875,0.70703125,0.03125,1
1935,-0.47265625,0.7109375,0.01953125,1
1936,-0.4609375,0.73046875,0.03125,1
1937,-0.46484375,0.72265625,0.03515625,1
1938,-0.44921875,0.7109375,0.02734375,1
1939,-0.46484375,0.6953125,0.0390625,1
1940,-0.453125,0.7109375,0.03125,1
1941,-0.44921875,0.7109375,0.03515625,1
1942,-0.46875,0.71484375,0.03515625,1
1943,-0.45703125,0.7109375,0.046875,1
1944,-0.453125,0.71875,0.0390625,1
1945,-0.44921875,0.71875,0.046875,1
1946,-0.44921875,0.71484375,0.04296875,1
1947,-0.44140625,0.71875,0.02734375,1
1948,-0.44921875,0.69921875,0.03125,1
1949,-0.453125,0.72265625,0.03515625,1
1950,-0.4453125,0.71484375,0.02734375,1
1951,-0.45703125,0.69921875,0.0234375,1
1952,-0.453125,0.7265625,0.03125,1
1953,-0.46875,0.73046875,0.01953125,1
1954,-0.46875,0.734375,0.02734375,1
1955,-0.4609375,0.71875,0.02734375,1
1956,-0.46484375,0.71484375,0.01171875,1
1957,-0.44921875,0.72265625,0.00390625,1
1958,-0.4609375,0.72265625,0.015625,1
1959,-0.46875,0.72265625,0.01953125,1
1960,-0.4609375,0.734375,0.015625,1
1961,-0.4453125,0.71484375,0.00390625,1
1962,-0.46875,0.71484375,0.01171875,1
1963,-0.46875,0.72265625,0.01171875,1
1964,-0.4765625,0.71484375,0.01171875,1
1965,-0.45703125,0.7109375,0.0078125,1
1966,-0.46484375,0.71484375,0.00390625,1
1967,-0.46484375,0.71484375,0.0078125,1
1968,-0.46875,0.71875,0.00390625,1
1969,-0.45703125,0.70703125,0.0078125,1
1970,-0.46875,0.71484375,0.00390625,1
1971,-0.4765625,0.734375,0.01953125,1
1972,-0.453125,0.6953125,0.00390625,1
1973,-0.45703125,0.734375,0.00390625,1
1974,-0.4453125,0.7265625,0.015625,1
1975,-0.44140625,0.71484375,0.01171875,1
1976,-0.4453125,0.734375,0.00390625,1
1977,-0.4453125,0.7265625,0.01171875,1
1978,-0.44140625,0.734375,0.01953125,1
1979,-0.4375,0.72265625,0.0078125,1
1980,-0.4375,0.7265625,0.015625,1
1981,-0.4453125,0.72265625,0.015625,1
1982,-0.42578125,0.73046875,0.01953125,1
1983,-0.4296875,0.734375,0.00390625,1
1984,-0.44140625,0.71875,0.01171875,1
1985,-0.4375,0.734375,0.0078125,1
1986,-0.44921875,0.73828125,0.0078125,1
1987,-0.45703125,0.73828125,0.0234375,1
1988,-0.44921875,0.71875,0.0078125,1
1989,-0.4453125,0.72265625,0.01171875,1
1990,-0.44921875,0.73046875,0.01171875,1
1991,-0.453125,0.72265625,0.015625,1
1992,-0.46484375,0.71484375,0.02734375,1
1993,-0.453125,0.71875,0.015625,1
1994,-0.45703125,0.72265625,0.03125,1
1995,-0.46875,0.71484375,0.0390625,1
1996,-0.44921875,0.71484375,0.0234375,1
1997,-0.453125,0.72265625,0.03125,1
1998,-0.453125,0.7265625,0.04296875,1
1999,-0.44921875,0.7109375,0.03125,1
2000,-0.4609375,0.73828125,0.04296875,1
2001,-0.43359375,0.73046875,0.05078125,1
2002,-0.46484375,0.71484375,0.03515625,1
2003,-0.4453125,0.7421875,0.0390625,1
2004,-0.45703125,0.7265625,0.03515625,1
2005,-0.44140625,0.71484375,0.03125,1
2006,-0.4453125,0.7265625,0.03515625,1
2007,-0.453125,0.73828125,0.03125,1
2008,-0.46484375,0.73828125,0.04296875,1
2009,-0.45703125,0.71875,0.02734375,1
2010,-0.453125,0.7265625,0.03125,1
2011,-0.45703125,0.7109375,0.0390625,1
2012,-0.46875,0.72265625,0.02734375,1
2013,-0.4609375,0.734375,0.04296875,1
2014,-0.46484375,0.69921875,0.03125,1
2015,-0.45703125,0.72265625,0.0390625,1
2016,-0.4375,0.72265625,0.05078125,1
2017,-0.4453125,0.734375,0.03125,1
2018,-0.453125,0.71875,0.03515625,1
2019,-0.44921875,0.71484375,0.0234375,1
2020,-0.4453125,0.7109375,0.03515625,1
2021,-0.44921875,0.71875,0.03515625,1
2022,-0.44921875,0.734375,0.02734375,1
2023,-0.453125,0.7421875,0.03125,1
2024,-0.453125,0.7265625,0.03125,1
2025,-0.4609375,0.703125,0.015625,1
2026,-0.44921875,0.7265625,0.03125,1
2027,-0.44140625,0.72265625,0.01171875,1
2028,-0.44921875,0.71875,0.01171875,1
2029,-0.453125,0.73046875,0.015625,1
2030,-0.47265625,0.7265625,0.01171875,1
2031,-0.44921875,0.71484375,0.015625,1
2032,-0.4609375,0.72265625,0.015625,1
2033,-0.453125,0.7265625,0.0078125,1
2034,-0.45703125,0.72265625,0.0078125,1
2035,-0.45703125,0.6953125,0.015625,1
2036,-0.45703125,0.72265625,0.01171875,1
2037,-0.4453125,0.71875,0.01171875,1
2038,-0.4453125,0.72265625,0.01171875,1
2039,-0.44921875,0.73046875,0.01953125,1
2040,-0.453125,0.73046875,0.01171875,1
2041,-0.45703125,0.73828125,0.01171875,1
2042,-0.4375,0.73046875,0.0078125,1
2043,-0.44140625,0.7265625,0.01953125,1
2044,-0.44140625,0.7265625,0.01171875,1
2045,-0.4453125,0.734375,0.015625,1
2046,-0.4375,0.71875,0.01953125,1
2047,-0.4453125,0.70703125,0.03125,1
2048,-0.44921875,0.7265625,0.015625,1
2049,-0.43359375,0.69140625,0.02734375,1
2050,-0.4453125,0.73046875,0.01953125,1
2051,-0.44140625,0.7421875,0.03125,1
2052,-0.4453125,0.7265625,0.01953125,1
2053,-0.44140625,0.7421875,0.02734375,1
2054,-0.4375,0.73046875,0.02734375,1
2055,-0.44140625,0.73046875,0.02734375,1
2056,-0.4375,0.74609375,0.0234375,1
2057,-0.44921875,0.7265625,0.01953125,1
2058,-0.44921875,0.75,0.01953125,1
2059,-0.4453125,0.7421875,0.0234375,1
2060,-0.4375,0.73828125,0.01953125,1
2061,-0.453125,0.71875,0.0234375,1
2062,-0.4609375,0.734375,0.01953125,1
2063,-0.453125,0.734375,0.01953125,1
2064,-0.45703125,0.73046875,0.01953125,1
2065,-0.4609375,0.71484375,0.02734375,1
2066,-0.4609375,0.72265625,0.0234375,1
2067,-0.453125,0.7109375,0.02734375,1
2068,-0.46875,0.71484375,0.01953125,1
2069,-0.45703125,0.72265625,0.01171875,1
2070,-0.46875,0.703125,0.0234375,1
2071,-0.45703125,0.73046875,0.01953125,1
2072,-0.4609375,0.7109375,0.015625,1
2073,-0.45703125,0.73046875,0.0078125,1
2074,-0.453125,0.71484375,0.01953125,1
2075,-0.4453125,0.72265625,0.0078125,1
2076,-0.46875,0.7265625,0.0078125,1
2077,-0.46875,0.73046875,0.0078125,1
2078,-0.46875,0.7265625,0.01171875,1
2079,-0.4609375,0.70703125,0.0078125,1
2080,-0.46484375,0.734375,0.0078125,1
2081,-0.47265625,0.7109375,0.00390625,1
2082,-0.46484375,0.70703125,0.00390625,1
2083,-0.46875,0.7109375,-0.00390625,1
2084,-0.48046875,0.7265625,0.00390625,1
2085,-0.48046875,0.734375,0.0,1
2086,-0.47265625,0.71875,0.00390625,1
2087,-0.47265625,0.73046875,0.00390625,1
2088,-0.453125,0.7109375,0.0,1
2089,-0.46484375,0.72265625,0.0,1
2090,-0.46484375,0.7109375,0.00390625,1
2091,-0.46484375,0.703125,0.00390625,1
2092,-0.484375,0.71484375,0.0,1
2093,-0.4765625,0.6953125,0.01171875,1
2094,-0.47265625,0.7109375,0.0078125,1
2095,-0.46484375,0.71484375,0.01171875,1
2096,-0.4765625,0.72265625,0.0078125,1
2097,-0.4765625,0.71875,0.015625,1
2098,-0.4765625,0.7109375,0.01171875,1
2099,-0.47265625,0.70703125,0.0078125,1
2100,-0.48046875,0.72265625,0.015625,1
2101,-0.48828125,0.71875,0.0234375,1
2102,-0.47265625,0.73046875,0.01953125,1
2103,-0.484375,0.70703125,0.0234375,1
2104,-0.48046875,0.7109375,0.015625,1
2105,-0.48046875,0.70703125,0.015625,1
2106,-0.48046875,0.70703125,0.0234375,1
2107,-0.484375,0.71875,0.0234375,1
2108,-0.4765625,0.71484375,0.015625,1
2109,-0.47265625,0.71484375,0.03125,1
2110,-0.45703125,0.7109375,0.0234375,1
2111,-0.46875,0.69921875,0.03125,1
2112,-0.46875,0.703125,0.03125,1
2113,-0.44921875,0.7109375,0.03515625,1
2114,-0.46875,0.76171875,0.046875,1
2115,-0.4609375,0.71875,0.0234375,1
2116,-0.453125,0.703125,0.02734375,1
2117,-0.4765625,0.71875,0.03125,1
2118,-0.4609375,0.72265625,0.03125,1
2119,-0.4609375,0.72265625,0.03515625,1
2120,-0.453125,0.71875,0.02734375,1
2121,-0.46484375,0.6953125,0.02734375,1
2122,-0.45703125,0.73046875,0.03515625,1
2123,-0.4609375,0.70703125,0.02734375,1
2124,-0.45703125,0.7265625,0.02734375,1
2125,-0.4609375,0.70703125,0.03515625,1
2126,-0.4609375,0.71875,0.03125,1
2127,-0.46875,0.734375,0.03125,1
2128,-0.44921875,0.71484375,0.0234375,1
2129,-0.46484375,0.7265625,0.015625,1
2130,-0.45703125,0.7265625,0.01171875,1
2131,-0.45703125,0.7421875,0.015625,1
2132,-0.46484375,0.734375,0.0234375,1
2133,-0.4765625,0.71875,0.0078125,1
2134,-0.48046875,0.73046875,0.01953125,1
2135,-0.4765625,0.734375,0.01953125,1
2136,-0.453125,0.73828125,0.0078125,1
2137,-0.48046875,0.7109375,0.02734375,1
2138,-0.47265625,0.71484375,0.01171875,1
2139,-0.48046875,0.6953125,0.01953125,1
2140,-0.4765625,0.7109375,0.02734375,1
2141,-0.46484375,0.7109375,0.0234375,1
2142,-0.47265625,0.71875,0.0234375,1
2143,-0.47265625,0.71875,0.0234375,1
2144,-0.48046875,0.70703125,0.015625,1
2145,-0.47265625,0.7109375,0.02734375,1
2146,-0.48046875,0.7109375,0.0234375,1
2147,-0.46875,0.71484375,0.02734375,1
2148,-0.4765625,0.71484375,0.01953125,1
2149,-0.48046875,0.71875,0.01953125,1
2150,-0.48046875,0.70703125,0.0078125,1
2151,-0.48828125,0.70703125,0.02734375,1
2152,-0.48046875,0.703125,0.0234375,1
2153,-0.484375,0.70703125,0.015625,1
2154,-0.48828125,0.71484375,0.015625,1
2155,-0.48828125,0.70703125,0.015625,1
2156,-0.484375,0.71484375,0.015625,1
2157,-0.48828125,0.70703125,0.015625,1
2158,-0.46875,0.7109375,0.0234375,1
2159,-0.4765625,0.71875,0.01953125,1
2160,-0.48828125,0.71875,0.0234375,1
2161,-0.46875,0.7265625,0.01953125,1
2162,-0.46875,0.703125,0.01171875,1
2163,-0.4765625,0.71875,0.01953125,1
2164,-0.4765625,0.69921875,0.01953125,1
2165,-0.47265625,0.69921875,0.01953125,1
2166,-0.4765625,0.69921875,0.0234375,1
2167,-0.4765625,0.7109375,0.02734375,1
2168,-0.47265625,0.7109375,0.0078125,1
2169,-0.484375,0.671875,0.01171875,1
2170,-0.4609375,0.73046875,0.01171875,1
2171,-0.4765625,0.72265625,0.03125,1
2172,-0.46875,0.734375,0.01953125,1
2173,-0.47265625,0.72265625,0.03125,1
2174,-0.46484375,0.71875,0.0234375,1
2175,-0.46875,0.72265625,0.02734375,1
2176,-0.47265625,0.7109375,0.02734375,1
2177,-0.4609375,0.7109375,0.015625,1
2178,-0.453125,0.70703125,0.03125,1
2179,-0.45703125,0.7109375,0.0234375,1
2180,-0.4375,0.71875,0.04296875,1
2181,-0.46484375,0.72265625,0.03515625,1
2182,-0.453125,0.7265625,0.01171875,1
2183,-0.4609375,0.72265625,0.02734375,1
2184,-0.4609375,0.71875,0.01953125,1
2185,-0.4609375,0.71875,0.015625,1
2186,-0.453125,0.71875,0.01953125,1
2187,-0.4609375,0.72265625,0.02734375,1
2188,-0.4609375,0.71484375,0.0234375,1
2189,-0.45703125,0.73046875,0.02734375,1
2190,-0.4609375,0.70703125,0.0078125,1
2191,-0.4765625,0.70703125,0.015625,1
2192,-0.46875,0.71875,0.02734375,1
2193,-0.47265625,0.71875,0.03125,1
2194,-0.46484375,0.734375,0.02734375,1
2195,-0.46484375,0.73046875,0.02734375,1
2196,-0.46875,0.71875,0.0234375,1
2197,-0.47265625,0.73046875,0.02734375,1
2198,-0.4609375,0.73046875,0.03515625,1
2199,-0.45703125,0.7109375,0.03125,1
2200,-0.45703125,0.70703125,0.04296875,1
2201,-0.46875,0.7109375,0.03515625,1
2202,-0.46875,0.7109375,0.02734375,1
2203,-0.45703125,0.71484375,0.0234375,1
2204,-0.47265625,0.73046875,0.03515625,1
2205,-0.4765625,0.72265625,0.02734375,1
2206,-0.453125,0.70703125,0.01171875,1
2207,-0.45703125,0.72265625,0.02734375,1
2208,-0.4453125,0.72265625,0.01953125,1
2209,-0.453125,0.7265625,0.01953125,1
2210,-0.45703125,0.71875,0.0390625,1
2211,-0.46484375,0.734375,0.03125,1
2212,-0.47265625,0.73046875,0.03125,1
2213,-0.47265625,0.71875,0.02734375,1
2214,-0.4609375,0.71875,0.01953125,1
2215,-0.45703125,0.7265625,0.02734375,1
2216,-0.4765625,0.71875,0.01953125,1
2217,-0.46875,0.71875,0.02734375,1
2218,-0.46484375,0.7109375,0.01953125,1
2219,-0.4609375,0.6953125,0.0234375,1
2220,-0.453125,0.71875,0.0234375,1
2221,-0.4609375,0.7265625,0.02734375,1
2222,-0.453125,0.7109375,0.03515625,1
2223,-0.4609375,0.74609375,0.015625,1
2224,-0.4609375,0.72265625,0.0234375,1
2225,-0.4609375,0.72265625,0.03125,1
2226,-0.46484375,0.71484375,0.03515625,1
2227,-0.45703125,0.71484375,0.015625,1
2228,-0.4609375,0.7109375,0.01171875,1
2229,-0.4609375,0.7109375,0.02734375,1
2230,-0.46484375,0.73828125,0.015625,1
2231,-0.453125,0.71875,0.0078125,1
2232,-0.4609375,0.703125,0.0234375,1
2233,-0.4609375,0.7109375,0.03125,1
2234,-0.45703125,0.734375,0.0078125,1
2235,-0.4375,0.73046875,0.015625,1
2236,-0.4375,0.734375,0.01171875,1
2237,-0.4453125,0.734375,0.0234375,1
2238,-0.4453125,0.7421875,0.02734375,1
2239,-0.4375,0.71875,0.03125,1
2240,-0.43359375,0.7265625,0.01171875,1
2241,-0.44140625,0.7421875,0.01953125,1
2242,-0.4296875,0.73046875,0.01953125,1
2243,-0.453125,0.73828125,0.03125,1
2244,-0.44921875,0.73046875,0.02734375,1
2245,-0.4375,0.75,0.02734375,1
2246,-0.4375,0.734375,0.00390625,1
2247,-0.42578125,0.73828125,0.03125,1
2248,-0.421875,0.734375,0.015625,1
2249,-0.421875,0.7421875,0.015625,1
2250,-0.4375,0.7265625,0.01953125,1
2251,-0.4453125,0.7421875,0.03515625,1
2252,-0.4375,0.7421875,0.0234375,1
2253,-0.4453125,0.7421875,0.0234375,1
2254,-0.4453125,0.73828125,0.015625,1
2255,-0.4296875,0.71875,0.015625,1
2256,-0.4375,0.7265625,0.02734375,1
2257,-0.43359375,0.7265625,0.02734375,1
2258,-0.4375,0.7421875,0.0234375,1
2259,-0.44140625,0.72265625,0.01953125,1
2260,-0.44921875,0.71875,0.0234375,1
2261,-0.44140625,0.71875,0.0234375,1
2262,-0.453125,0.73046875,0.03125,1
2263,-0.44921875,0.71484375,0.03515625,1
2264,-0.4453125,0.72265625,0.03515625,1
2265,-0.44140625,0.73046875,0.03125,1
2266,-0.453125,0.734375,0.0234375,1
2267,-0.43359375,0.71875,0.015625,1
2268,-0.453125,0.71875,0.03125,1
2269,-0.453125,0.734375,0.02734375,1
2270,-0.44140625,0.7265625,0.01953125,1
2271,-0.44921875,0.71875,0.0234375,1
2272,-0.4453125,0.7265625,0.01953125,1
2273,-0.43359375,0.71484375,0.0234375,1
2274,-0.44140625,0.7265625,0.02734375,1
2275,-0.44921875,0.73046875,0.02734375,1
2276,-0.44921875,0.72265625,0.01953125,1
2277,-0.4453125,0.7265625,0.02734375,1
2278,-0.4453125,0.7109375,0.015625,1
2279,-0.4453125,0.72265625,0.01171875,1
2280,-0.4375,0.71875,0.01953125,1
2281,-0.4453125,0.7265625,0.01953125,1
2282,-0.44140625,0.72265625,0.02734375,1
2283,-0.44140625,0.72265625,0.0078125,1
2284,-0.453125,0.73046875,0.01171875,1
2285,-0.453125,0.71875,0.015625,1
2286,-0.43359375,0.73046875,0.00390625,1
2287,-0.453125,0.73828125,0.015625,1
2288,-0.44140625,0.73046875,0.01953125,1
2289,-0.4453125,0.73046875,0.0,1
2290,-0.4375,0.71875,0.0078125,1
2291,-0.4375,0.7265625,0.0078125,1
2292,-0.44140625,0.72265625,0.015625,1
2293,-0.4296875,0.7265625,0.01171875,1
2294,-0.43359375,0.734375,0.00390625,1
2295,-0.43359375,0.7265625,0.015625,1
2296,-0.44921875,0.73046875,0.01953125,1
2297,-0.4375,0.734375,0.01171875,1
2298,-0.44921875,0.7421875,0.02734375,1
2299,-0.4296875,0.71875,0.03125,1
2300,-0.43359375,0.75,0.01953125,1
2301,-0.4296875,0.72265625,0.00390625,1
2302,-0.4375,0.734375,0.0234375,1
2303,-0.4375,0.7265625,0.01953125,1
2304,-0.43359375,0.72265625,0.015625,1
2305,-0.4453125,0.734375,0.01953125,1
2306,-0.44921875,0.734375,0.01171875,1
2307,-0.4375,0.71484375,0.01953125,1
2308,-0.44921875,0.73046875,0.03125,1
2309,-0.44921875,0.71875,0.02734375,1
2310,-0.44921875,0.74609375,0.02734375,1
2311,-0.44140625,0.734375,0.01953125,1
2312,-0.4453125,0.73828125,0.015625,1
2313,-0.44921875,0.73046875,0.02734375,1
2314,-0.4453125,0.72265625,0.0234375,1
2315,-0.44140625,0.73046875,0.02734375,1
2316,-0.44140625,0.72265625,0.0234375,1
2317,-0.44921875,0.73046875,0.015625,1
2318,-0.4453125,0.734375,0.02734375,1
2319,-0.44921875,0.72265625,0.02734375,1
2320,-0.43359375,0.7421875,0.01953125,1
2321,-0.44921875,0.72265625,0.046875,1
2322,-0.44140625,0.7265625,0.0234375,1
2323,-0.4375,0.73828125,0.015625,1
2324,-0.44921875,0.7265625,0.03125,1
2325,-0.4453125,0.73046875,0.0234375,1
2326,-0.45703125,0.7109375,0.0234375,1
2327,-0.44921875,0.7265625,0.0234375,1
2328,-0.44921875,0.73046875,0.01953125,1
2329,-0.4453125,0.73046875,0.0234375,1
2330,-0.4453125,0.734375,0.0234375,1
2331,-0.44140625,0.71875,0.03125,1
2332,-0.44921875,0.734375,0.04296875,1
2333,-0.453125,0.72265625,0.02734375,1
2334,-0.453125,0.71484375,0.03125,1
2335,-0.453125,0.7265625,0.01953125,1
2336,-0.44921875,0.72265625,0.0234375,1
2337,-0.453125,0.73046875,0.0234375,1
2338,-0.4375,0.7265625,0.015625,1
2339,-0.44921875,0.71484375,0.015625,1
2340,-0.4453125,0.73046875,0.01171875,1
2341,-0.4453125,0.73046875,0.0234375,1
2342,-0.44921875,0.7265625,0.0078125,1
2343,-0.44140625,0.75,0.01953125,1
2344,-0.453125,0.72265625,0.02734375,1
2345,-0.44140625,0.7421875,0.015625,1
2346,-0.4453125,0.734375,0.015625,1
2347,-0.44921875,0.72265625,0.0078125,1
2348,-0.44921875,0.734375,0.0,1
2349,-0.44140625,0.734375,0.0078125,1
2350,-0.453125,0.74609375,0.00390625,1
2351,-0.4453125,0.71875,0.00390625,1
2352,-0.44140625,0.734375,0.015625,1
2353,-0.43359375,0.72265625,0.01171875,1
2354,-0.4375,0.73828125,-0.00390625,1
2355,-0.43359375,0.7421875,0.0078125,1
2356,-0.421875,0.7421875,0.01171875,1
2357,-0.421875,0.73046875,0.01953125,1
2358,-0.40625,0.7421875,0.0078125,1
2359,-0.4140625,0.74609375,0.0078125,1
2360,-0.40625,0.73828125,0.01171875,1
2361,-0.40234375,0.72265625,0.02734375,1
2362,-0.40234375,0.7421875,0.0390625,1
2363,-0.40234375,0.7421875,0.03515625,1
2364,-0.40625,0.7265625,0.03125,1
2365,-0.390625,0.765625,0.0546875,1
2366,-0.41015625,0.73046875,0.04296875,1
2367,-0.4140625,0.71875,0.05859375,1
2368,-0.4140625,0.734375,0.05078125,1
2369,-0.42578125,0.73046875,0.05859375,1
2370,-0.42578125,0.734375,0.05078125,1
2371,-0.4296875,0.7265625,0.05859375,1
2372,-0.43359375,0.73046875,0.06640625,1
2373,-0.4296875,0.71875,0.046875,1
2374,-0.4296875,0.71484375,0.0625,1
2375,-0.4375,0.73046875,0.05859375,1
2376,-0.44140625,0.76953125,0.09375,1
2377,-0.43359375,0.7421875,0.06640625,1
2378,-0.44140625,0.734375,0.0625,1
2379,-0.44140625,0.734375,0.05078125,1
2380,-0.4453125,0.73046875,0.0546875,1
2381,-0.4453125,0.7421875,0.05078125,1
2382,-0.44921875,0.73828125,0.046875,1
2383,-0.453125,0.7421875,0.04296875,1
2384,-0.45703125,0.734375,0.03515625,1
2385,-0.453125,0.71875,0.02734375,1
2386,-0.46484375,0.7421875,0.03515625,1
2387,-0.44140625,0.73046875,0.046875,1
2388,-0.46875,0.71875,0.01953125,1
2389,-0.4609375,0.7109375,0.01171875,1
2390,-0.4765625,0.72265625,0.015625,1
2391,-0.484375,0.7109375,0.01953125,1
2392,-0.5,0.6953125,0.015625,1
2393,-0.484375,0.72265625,0.0078125,1
2394,-0.50390625,0.703125,0.00390625,1
2395,-0.484375,0.7109375,0.0,1
2396,-0.484375,0.69921875,-0.0078125,1
2397,-0.49609375,0.6953125,0.0,1
2398,-0.48046875,0.69140625,0.0,1
2399,-0.49609375,0.703125,-0.02734375,1
2400,-0.5,0.6953125,-0.03515625,1
2401,-0.5,0.69140625,-0.03515625,1
2402,-0.50390625,0.703125,-0.03515625,1
2403,-0.5,0.69140625,-0.03515625,1
2404,-0.50390625,0.69140625,-0.05078125,1
2405,-0.5,0.703125,-0.04296875,1
2406,-0.50390625,0.69140625,-0.05078125,1
2407,-0.50390625,0.69140625,-0.04296875,1
2408,-0.47265625,0.7109375,-0.05859375,1
2409,-0.51171875,0.68359375,-0.046875,1
2410,-0.515625,0.6875,-0.0625,1
2411,-0.5,0.67578125,-0.0625,1
2412,-0.5078125,0.6875,-0.0546875,1
2413,-0.515625,0.68359375,-0.05859375,1
2414,-0.515625,0.6796875,-0.0546875,1
2415,-0.515625,0.66796875,-0.05859375,1
2416,-0.51171875,0.6796875,-0.0625,1
2417,-0.51171875,0.6796875,-0.05078125,1
2418,-0.52734375,0.671875,-0.03125,1
2419,-0.515625,0.6875,-0.0390625,1
2420,-0.51171875,0.66796875,-0.0390625,1
2421,-0.51953125,0.671875,-0.02734375,1
2422,-0.515625,0.67578125,-0.02734375,1
2423,-0.51171875,0.6796875,-0.03515625,1
2424,-0.51953125,0.6796875,-0.0390625,1
2425,-0.51953125,0.6875,-0.03125,1
2426,-0.50390625,0.6875,-0.0234375,1
2427,-0.50390625,0.68359375,-0.01953125,1
2428,-0.5,0.67578125,-0.03515625,1
2429,-0.50390625,0.67578125,0.01171875,1
2430,-0.4921875,0.703125,-0.01171875,1
2431,-0.4921875,0.67578125,-0.00390625,1
2432,-0.4921875,0.70703125,-0.0078125,1
2433,-0.4921875,0.6953125,0.0,1
2434,-0.484375,0.70703125,0.0,1
2435,-0.4765625,0.7109375,0.0,1
2436,-0.47265625,0.7109375,0.00390625,1
2437,-0.47265625,0.7109375,0.0078125,1
2438,-0.47265625,0.7109375,0.0078125,1
2439,-0.484375,0.71875,0.01171875,1
2440,-0.4765625,0.71484375,0.01171875,1
2441,-0.49609375,0.73046875,0.015625,1
2442,-0.4765625,0.71484375,0.0078125,1
2443,-0.46875,0.734375,0.01953125,1
2444,-0.48046875,0.72265625,0.02734375,1
2445,-0.47265625,0.72265625,0.01953125,1
2446,-0.47265625,0.7265625,0.01953125,1
2447,-0.46875,0.71484375,0.015625,1
2448,-0.46875,0.7265625,0.0234375,1
2449,-0.46875,0.72265625,0.03125,1
2450,-0.484375,0.7109375,0.01953125,1
2451,-0.48828125,0.703125,0.0234375,1
2452,-0.45703125,0.7109375,0.0234375,1
2453,-0.484375,0.7109375,0.0234375,1
2454,-0.4765625,0.7109375,0.01953125,1
2455,-0.48828125,0.71875,0.015625,1
2456,-0.48828125,0.7109375,0.01171875,1
2457,-0.48828125,0.69921875,0.015625,1
2458,-0.48828125,0.69140625,0.015625,1
2459,-0.5,0.71484375,0.01171875,1
2460,-0.48828125,0.6953125,0.00390625,1
2461,-0.49609375,0.7109375,0.0078125,1
2462,-0.5,0.70703125,0.0,1
2463,-0.50390625,0.7109375,0.0,1
2464,-0.5,0.69921875,0.0,1
2465,-0.5078125,0.703125,0.0,1
2466,-0.51953125,0.6875,-0.00390625,1
2467,-0.51171875,0.69921875,-0.0078125,1
2468,-0.51171875,0.6953125,0.0,1
2469,-0.515625,0.68359375,-0.00390625,1
2470,-0.5234375,0.67578125,-0.0078125,1
2471,-0.515625,0.69921875,-0.015625,1
2472,-0.5078125,0.69140625,-0.015625,1
2473,-0.51953125,0.6953125,-0.03125,1
2474,-0.5078125,0.69921875,-0.01953125,1
2475,-0.51171875,0.6796875,-0.02734375,1
2476,-0.515625,0.6796875,-0.02734375,1
2477,-0.515625,0.68359375,-0.02734375,1
2478,-0.5234375,0.6796875,-0.03515625,1
2479,-0.51953125,0.6875,-0.04296875,1
2480,-0.515625,0.6875,-0.0390625,1
2481,-0.51953125,0.69140625,-0.03515625,1
2482,-0.5234375,0.671875,-0.0390625,1
2483,-0.515625,0.671875,-0.03515625,1
2484,-0.51953125,0.6875,-0.03515625,1
2485,-0.48046875,0.6640625,-0.04296875,1
2486,-0.5078125,0.6796875,-0.04296875,1
2487,-0.50390625,0.68359375,-0.0390625,1
2488,-0.50390625,0.6796875,-0.04296875,1
2489,-0.49609375,0.69140625,-0.0390625,1
2490,-0.5,0.69140625,-0.02734375,1
2491,-0.49609375,0.6796875,-0.04296875,1
2492,-0.5,0.6953125,-0.0234375,1
2493,-0.484375,0.671875,-0.01953125,1
2494,-0.4921875,0.6953125,-0.01953125,1
2495,-0.484375,0.69921875,-0.02734375,1
2496,-0.48828125,0.7578125,-0.0078125,1
2497,-0.484375,0.6953125,-0.00390625,1
2498,-0.4921875,0.7109375,0.0,1
2499,-0.4921875,0.6953125,0.00390625,1
2500,-0.484375,0.703125,0.0,1
2501,-0.48828125,0.69921875,0.0,1
2502,-0.4921875,0.703125,0.0078125,1
2503,-0.4765625,0.70703125,0.0,1
2504,-0.484375,0.70703125,0.0,1
2505,-0.48828125,0.69921875,0.01171875,1
2506,-0.48046875,0.734375,0.0,1
2507,-0.47265625,0.703125,0.01953125,1
2508,-0.47265625,0.7265625,0.0,1
2509,-0.4765625,0.703125,0.00390625,1
2510,-0.46484375,0.703125,0.01171875,1
2511,-0.47265625,0.73046875,0.01953125,1
2512,-0.47265625,0.71484375,0.0078125,1
2513,-0.4765625,0.72265625,0.00390625,1
2514,-0.48046875,0.71875,0.015625,1
2515,-0.48046875,0.734375,0.01953125,1
2516,-0.484375,0.72265625,0.01953125,1
2517,-0.4609375,0.74609375,0.02734375,1
2518,-0.48828125,0.72265625,0.01171875,1
2519,-0.48046875,0.73046875,0.00390625,1
2520,-0.484375,0.71484375,0.015625,1
2521,-0.4921875,0.71875,0.01953125,1
2522,-0.4921875,0.70703125,0.0234375,1
2523,-0.4921875,0.68359375,0.015625,1
2524,-0.48828125,0.70703125,0.00390625,1
2525,-0.48828125,0.68359375,0.015625,1
2526,-0.48828125,0.69921875,0.015625,1
2527,-0.48828125,0.703125,0.01171875,1
2528,-0.47265625,0.68359375,0.00390625,1
2529,-0.484375,0.70703125,0.0,1
2530,-0.48828125,0.69921875,0.0,1
2531,-0.50390625,0.6875,0.00390625,1
2532,-0.49609375,0.6875,0.00390625,1
2533,-0.4921875,0.69140625,0.00390625,1
2534,-0.49609375,0.6796875,0.0,1
2535,-0.48828125,0.671875,0.0,1
2536,-0.50390625,0.69140625,0.0,1
2537,-0.49609375,0.70703125,0.0,1
2538,-0.49609375,0.6875,0.00390625,1
2539,-0.4921875,0.671875,0.01171875,1
2540,-0.49609375,0.703125,-0.0078125,1
2541,-0.50390625,0.69140625,0.0,1
2542,-0.4921875,0.6953125,-0.0078125,1
2543,-0.49609375,0.6953125,-0.00390625,1
2544,-0.5,0.703125,0.0,1
2545,-0.49609375,0.70703125,-0.00390625,1
2546,-0.5,0.69921875,-0.0078125,1
2547,-0.4921875,0.703125,-0.0234375,1
2548,-0.4921875,0.703125,-0.01171875,1
2549,-0.49609375,0.6953125,-0.00390625,1
2550,-0.50390625,0.71484375,0.0,1
2551,-0.49609375,0.6953125,0.0,1
2552,-0.5,0.6953125,-0.00390625,1
2553,-0.50390625,0.69140625,0.0,1
2554,-0.5,0.703125,-0.0078125,1
2555,-0.4921875,0.69140625,-0.00390625,1
2556,-0.48828125,0.6875,0.0,1
2557,-0.4921875,0.69140625,0.0078125,1
2558,-0.48828125,0.6953125,0.00390625,1
2559,-0.5,0.703125,0.0,1
2560,-0.48828125,0.6953125,-0.00390625,1
2561,-0.4921875,0.71484375,0.0078125,1
2562,-0.49609375,0.703125,0.00390625,1
2563,-0.4921875,0.6875,0.00390625,1
2564,-0.48828125,0.6875,0.0,1
2565,-0.49609375,0.6953125,0.01171875,1
2566,-0.4921875,0.69140625,0.00390625,1
2567,-0.49609375,0.7109375,0.00390625,1
2568,-0.48828125,0.69921875,0.0,1
2569,-0.49609375,0.6875,0.0078125,1
2570,-0.4921875,0.6953125,0.0078125,1
2571,-0.49609375,0.69921875,0.0078125,1
2572,-0.4765625,0.69140625,0.0078125,1
2573,-0.4921875,0.70703125,0.01171875,1
2574,-0.49609375,0.703125,0.0,1
2575,-0.48828125,0.7109375,0.00390625,1
2576,-0.49609375,0.7109375,0.0078125,1
2577,-0.48046875,0.71875,0.00390625,1
2578,-0.48828125,0.7109375,0.0,1
2579,-0.4765625,0.72265625,0.0,1
2580,-0.46875,0.70703125,0.0,1
2581,-0.484375,0.69140625,-0.00390625,1
2582,-0.47265625,0.72265625,0.0,1
2583,-0.4609375,0.703125,0.0078125,1
2584,-0.484375,0.70703125,0.0,1
2585,-0.484375,0.69921875,0.00390625,1
2586,-0.48828125,0.703125,0.0,1
2587,-0.484375,0.70703125,0.00390625,1
2588,-0.4765625,0.69921875,0.0,1
2589,-0.49609375,0.6953125,0.0,1
2590,-0.484375,0.6953125,-0.00390625,1
2591,-0.48828125,0.703125,0.00390625,1
2592,-0.48828125,0.70703125,0.0078125,1
2593,-0.484375,0.7109375,0.0,1
2594,-0.484375,0.7109375,0.015625,1
2595,-0.48046875,0.703125,0.0,1
2596,-0.49609375,0.70703125,0.0,1
2597,-0.5,0.7109375,0.00390625,1
2598,-0.4921875,0.6953125,0.0,1
2599,-0.48828125,0.7109375,0.0,1
2600,-0.5,0.70703125,-0.00390625,1
2601,-0.49609375,0.67578125,-0.00390625,1
2602,-0.49609375,0.7109375,0.0,1
2603,-0.50390625,0.69140625,0.00390625,1
2604,-0.515625,0.68359375,0.01953125,1
2605,-0.5,0.70703125,0.0,1
2606,-0.4921875,0.6953125,0.0,1
2607,-0.50390625,0.6875,0.0078125,1
2608,-0.4921875,0.7109375,-0.00390625,1
2609,-0.4921875,0.703125,0.00390625,1
2610,-0.50390625,0.70703125,0.00390625,1
2611,-0.49609375,0.6953125,-0.0078125,1
2612,-0.49609375,0.7109375,0.0078125,1
2613,-0.484375,0.7109375,0.00390625,1
2614,-0.484375,0.70703125,0.00390625,1
2615,-0.48046875,0.6875,0.00390625,1
2616,-0.484375,0.69921875,0.0,1
2617,-0.4765625,0.703125,0.0,1
2618,-0.4921875,0.703125,0.0,1
2619,-0.48828125,0.69921875,0.00390625,1
2620,-0.484375,0.69921875,0.0,1
2621,-0.49609375,0.6953125,0.0,1
2622,-0.48828125,0.6953125,-0.00390625,1
2623,-0.48046875,0.703125,0.0,1
2624,-0.4765625,0.69921875,0.00390625,1
2625,-0.48046875,0.71875,0.0,1
2626,-0.48046875,0.68359375,0.01953125,1
2627,-0.484375,0.70703125,0.0078125,1
2628,-0.48828125,0.69921875,-0.0078125,1
2629,-0.4921875,0.6953125,0.0,1
2630,-0.4921875,0.69921875,0.00390625,1
2631,-0.5,0.69140625,0.00390625,1
2632,-0.49609375,0.7109375,0.00390625,1
2633,-0.49609375,0.703125,0.00390625,1
2634,-0.4921875,0.70703125,0.0078125,1
2635,-0.5,0.6953125,0.00390625,1
2636,-0.4921875,0.703125,0.00390625,1
2637,-0.484375,0.7109375,0.0,1
2638,-0.49609375,0.7109375,0.00390625,1
2639,-0.48828125,0.6953125,0.0078125,1
2640,-0.5,0.6953125,0.0078125,1
2641,-0.48828125,0.6875,0.0078125,1
2642,-0.49609375,0.68359375,0.01171875,1
2643,-0.5,0.6875,0.0078125,1
2644,-0.5,0.70703125,0.01171875,1
2645,-0.4921875,0.6796875,0.0,1
2646,-0.48828125,0.6796875,0.00390625,1
2647,-0.484375,0.703125,0.00390625,1
2648,-0.4765625,0.71875,0.02734375,1
2649,-0.4921875,0.6796875,0.0,1
2650,-0.48828125,0.7109375,0.0,1
2651,-0.484375,0.6953125,0.0,1
2652,-0.484375,0.6953125,0.00390625,1
2653,-0.49609375,0.71484375,0.01171875,1
2654,-0.4921875,0.70703125,0.0,1
2655,-0.48828125,0.7109375,0.0,1
2656,-0.48828125,0.703125,0.015625,1
2657,-0.47265625,0.703125,0.00390625,1
2658,-0.47265625,0.71875,0.00390625,1
2659,-0.46484375,0.73828125,0.01953125,1
2660,-0.47265625,0.71484375,0.0,1
2661,-0.484375,0.7109375,0.0,1
2662,-0.48828125,0.7265625,0.0,1
2663,-0.47265625,0.71875,0.0,1
2664,-0.49609375,0.72265625,0.00390625,1
2665,-0.484375,0.70703125,0.0,1
2666,-0.48828125,0.6953125,0.0,1
2667,-0.4921875,0.69921875,0.0,1
2668,-0.5,0.70703125,0.00390625,1
2669,-0.4921875,0.7109375,-0.015625,1
2670,-0.484375,0.69921875,0.0,1
2671,-0.49609375,0.69140625,0.0,1
2672,-0.484375,0.70703125,0.0,1
2673,-0.49609375,0.69140625,0.0,1
2674,-0.4921875,0.72265625,0.0,1
2675,-0.4921875,0.69140625,0.0,1
2676,-0.49609375,0.6875,0.0,1
2677,-0.48046875,0.70703125,-0.00390625,1
2678,-0.4921875,0.66796875,0.0,1
2679,-0.48828125,0.68359375,-0.00390625,1
2680,-0.49609375,0.69921875,0.0,1
2681,-0.48828125,0.69140625,-0.0078125,1
2682,-0.4921875,0.7109375,0.0,1
2683,-0.4921875,0.69921875,0.0,1
2684,-0.484375,0.70703125,0.00390625,1
2685,-0.4921875,0.69140625,0.0,1
2686,-0.484375,0.703125,0.00390625,1
2687,-0.484375,0.6875,0.00390625,1
2688,-0.48828125,0.69921875,0.0,1
2689,-0.484375,0.703125,0.0078125,1
2690,-0.48828125,0.70703125,0.0,1
2691,-0.47265625,0.671875,0.0,1
2692,-0.48046875,0.7109375,0.015625,1
2693,-0.48046875,0.703125,0.0,1
2694,-0.48046875,0.70703125,0.0,1
2695,-0.48828125,0.69921875,0.01171875,1
2696,-0.48828125,0.7109375,0.015625,1
2697,-0.4921875,0.703125,0.00390625,1
2698,-0.46875,0.71484375,0.01171875,1
2699,-0.4921875,0.69140625,0.01953125,1
2700,-0.4765625,0.69921875,0.0078125,1
2701,-0.4921875,0.71484375,0.015625,1
2702,-0.4765625,0.71875,0.01171875,1
2703,-0.484375,0.7109375,0.015625,1
2704,-0.484375,0.703125,0.01953125,1
2705,-0.4921875,0.69921875,0.0234375,1
2706,-0.484375,0.703125,0.01171875,1
2707,-0.4921875,0.703125,0.01953125,1
2708,-0.48828125,0.69921875,0.0078125,1
2709,-0.4765625,0.69921875,0.015625,1
2710,-0.48046875,0.70703125,0.0078125,1
2711,-0.4765625,0.703125,0.0234375,1
2712,-0.484375,0.6953125,0.01953125,1
2713,-0.48828125,0.6953125,0.0078125,1
2714,-0.48828125,0.7109375,0.0078125,1
2715,-0.48828125,0.71484375,0.01953125,1
2716,-0.4765625,0.7109375,0.015625,1
2717,-0.4765625,0.69140625,0.01171875,1
2718,-0.48828125,0.70703125,0.02734375,1
2719,-0.4765625,0.70703125,0.00390625,1
2720,-0.48046875,0.7109375,0.015625,1
2721,-0.48046875,0.69921875,0.015625,1
2722,-0.4765625,0.703125,0.00390625,1
2723,-0.484375,0.70703125,0.0078125,1
2724,-0.48828125,0.7109375,0.01171875,1
2725,-0.48046875,0.6875,0.00390625,1
2726,-0.48046875,0.7109375,0.015625,1
2727,-0.48828125,0.71875,0.00390625,1
2728,-0.48828125,0.69140625,0.015625,1
2729,-0.48828125,0.70703125,0.00390625,1
2730,-0.4921875,0.6953125,0.01171875,1
2731,-0.48046875,0.69140625,0.0078125,1
2732,-0.48046875,0.70703125,0.0078125,1
2733,-0.484375,0.71484375,0.00390625,1
2734,-0.48828125,0.72265625,0.015625,1
2735,-0.484375,0.7109375,0.01171875,1
2736,-0.48046875,0.70703125,0.0078125,1
2737,-0.4765625,0.7109375,0.0,1
2738,-0.4765625,0.7109375,-0.00390625,1
2739,-0.47265625,0.70703125,0.0,1
2740,-0.4765625,0.69921875,0.00390625,1
2741,-0.4765625,0.703125,0.0,1
2742,-0.47265625,0.7109375,0.0,1
2743,-0.45703125,0.69921875,-0.00390625,1
2744,-0.4765625,0.703125,0.0,1
2745,-0.46875,0.703125,-0.01171875,1
2746,-0.46875,0.71875,0.00390625,1
2747,-0.48046875,0.7109375,-0.0078125,1
2748,-0.4765625,0.71875,0.0,1
2749,-0.4765625,0.71875,0.0,1
2750,-0.47265625,0.71484375,0.00390625,1
2751,-0.484375,0.7109375,0.0,1
2752,-0.48046875,0.70703125,0.0,1
2753,-0.4765625,0.703125,0.0,1
2754,-0.4765625,0.7109375,0.0,1
2755,-0.4609375,0.7109375,0.0,1
2756,-0.47265625,0.73828125,0.0,1
2757,-0.4765625,0.7109375,0.01171875,1
2758,-0.4921875,0.70703125,0.015625,1
2759,-0.46484375,0.73828125,-0.00390625,1
2760,-0.48046875,0.71875,-0.015625,1
2761,-0.4609375,0.70703125,-0.00390625,1
2762,-0.4765625,0.6953125,0.00390625,1
2763,-0.46875,0.703125,-0.00390625,1
2764,-0.48046875,0.72265625,0.00390625,1
2765,-0.4765625,0.71484375,0.03125,1
2766,-0.48828125,0.71875,0.00390625,1
2767,-0.4765625,0.7265625,0.01171875,1
2768,-0.47265625,0.6953125,0.00390625,1
2769,-0.48828125,0.703125,0.01953125,1
2770,-0.47265625,0.7109375,0.0078125,1
2771,-0.4765625,0.67578125,0.01171875,1
2772,-0.4453125,0.6953125,0.01171875,1
2773,-0.4765625,0.70703125,0.0,1
2774,-0.46875,0.7265625,0.00390625,1
2775,-0.484375,0.70703125,0.00390625,1
2776,-0.47265625,0.703125,0.0,1
2777,-0.46484375,0.7109375,0.02734375,1
2778,-0.48828125,0.703125,0.0078125,1
2779,-0.4453125,0.72265625,0.02734375,1
2780,-0.4765625,0.69921875,0.03125,1
2781,-0.46875,0.7421875,0.01171875,1
2782,-0.48046875,0.68359375,0.01953125,1
2783,-0.4765625,0.7265625,0.04296875,1
2784,-0.4765625,0.72265625,-0.00390625,1
2785,-0.4765625,0.73046875,0.015625,1
2786,-0.4765625,0.7109375,0.00390625,1
2787,-0.47265625,0.7109375,0.00390625,1
2788,-0.46875,0.72265625,0.0078125,1
2789,-0.46875,0.72265625,0.0078125,1
2790,-0.47265625,0.71484375,0.0,1
2791,-0.46875,0.70703125,-0.00390625,1
2792,-0.4765625,0.71484375,0.00390625,1
2793,-0.46484375,0.71484375,0.0078125,1
2794,-0.46875,0.71875,-0.01171875,1
2795,-0.4765625,0.71484375,0.00390625,1
2796,-0.47265625,0.71484375,0.0,1
2797,-0.47265625,0.71484375,0.00390625,1
2798,-0.47265625,0.71484375,0.0,1
2799,-0.4765625,0.72265625,0.0,1
2800,-0.4609375,0.71875,0.0078125,1
2801,-0.48046875,0.71875,0.01171875,1
2802,-0.46875,0.72265625,0.0078125,1
2803,-0.46875,0.71484375,0.0,1
2804,-0.47265625,0.73046875,0.0078125,1
2805,-0.49609375,0.703125,0.00390625,1
2806,-0.46875,0.70703125,0.00390625,1
2807,-0.46875,0.7109375,0.00390625,1
2808,-0.47265625,0.70703125,0.0,1
2809,-0.4765625,0.72265625,0.0078125,1
2810,-0.45703125,0.7265625,0.0,1
2811,-0.4765625,0.7265625,0.015625,1
2812,-0.45703125,0.72265625,0.0,1
2813,-0.47265625,0.72265625,0.0078125,1
2814,-0.46875,0.71875,0.0078125,1
2815,-0.46875,0.71875,0.0,1
2816,-0.47265625,0.7109375,0.00390625,1
2817,-0.46875,0.7109375,0.0,1
2818,-0.484375,0.69921875,0.01953125,1
2819,-0.453125,0.73046875,0.0,1
2820,-0.46484375,0.70703125,0.0,1
2821,-0.47265625,0.71875,0.00390625,1
2822,-0.4609375,0.71875,0.0078125,1
2823,-0.47265625,0.71484375,0.00390625,1
2824,-0.4609375,0.71875,0.0,1
2825,-0.46484375,0.7109375,0.0,1
2826,-0.46875,0.7109375,0.0,1
2827,-0.45703125,0.71875,0.00390625,1
2828,-0.44921875,0.7265625,0.0,1
2829,-0.46875,0.7109375,0.00390625,1
2830,-0.44921875,0.71484375,0.0,1
2831,-0.46484375,0.7265625,0.0078125,1
2832,-0.4609375,0.70703125,0.0078125,1
2833,-0.45703125,0.703125,0.0,1
2834,-0.45703125,0.72265625,0.00390625,1
2835,-0.46484375,0.71484375,0.0078125,1
2836,-0.4609375,0.7265625,0.0,1
2837,-0.46875,0.7109375,0.00390625,1
2838,-0.453125,0.72265625,0.00390625,1
2839,-0.45703125,0.71484375,0.00390625,1
2840,-0.46484375,0.71484375,0.0078125,1
2841,-0.46484375,0.7265625,0.0,1
2842,-0.4609375,0.71484375,-0.00390625,1
2843,-0.46875,0.71484375,0.00390625,1
2844,-0.484375,0.6953125,0.01171875,1
2845,-0.4609375,0.71875,0.0,1
2846,-0.47265625,0.71484375,0.0,1
2847,-0.46875,0.70703125,0.0,1
2848,-0.47265625,0.72265625,0.0,1
2849,-0.4765625,0.71484375,0.0078125,1
2850,-0.48046875,0.69140625,0.0078125,1
2851,-0.4609375,0.70703125,-0.00390625,1
2852,-0.47265625,0.71875,0.00390625,1
2853,-0.4765625,0.70703125,0.0078125,1
2854,-0.47265625,0.71484375,0.0,1
2855,-0.47265625,0.72265625,0.01171875,1
2856,-0.46484375,0.7109375,0.00390625,1
2857,-0.46875,0.7109375,0.00390625,1
2858,-0.46484375,0.703125,0.00390625,1
2859,-0.47265625,0.7109375,0.0078125,1
2860,-0.46484375,0.7109375,0.0078125,1
2861,-0.4609375,0.71875,0.0078125,1
2862,-0.47265625,0.7109375,0.01171875,1
2863,-0.47265625,0.734375,0.00390625,1
2864,-0.46875,0.7109375,0.00390625,1
2865,-0.4765625,0.70703125,0.01171875,1
2866,-0.4609375,0.7109375,0.00390625,1
2867,-0.46484375,0.71875,0.01171875,1
2868,-0.47265625,0.71484375,0.0078125,1
2869,-0.46484375,0.703125,0.00390625,1
2870,-0.46484375,0.73046875,0.00390625,1
2871,-0.45703125,0.71484375,0.01171875,1
2872,-0.46484375,0.70703125,0.01953125,1
2873,-0.47265625,0.703125,0.0078125,1
2874,-0.46875,0.7109375,0.00390625,1
2875,-0.44921875,0.72265625,0.00390625,1
2876,-0.45703125,0.71484375,0.00390625,1
2877,-0.47265625,0.73046875,0.01953125,1
2878,-0.46484375,0.70703125,0.01171875,1
2879,-0.47265625,0.7109375,0.0078125,1
2880,-0.45703125,0.7109375,0.0078125,1
2881,-0.46484375,0.71484375,0.0078125,1
2882,-0.46484375,0.6953125,0.0,1
2883,-0.4609375,0.71484375,0.0078125,1
2884,-0.44921875,0.70703125,-0.0078125,1
2885,-0.45703125,0.7109375,0.00390625,1
2886,-0.44921875,0.72265625,0.0,1
2887,-0.45703125,0.7109375,0.0,1
2888,-0.48046875,0.703125,-0.00390625,1
2889,-0.4609375,0.70703125,0.00390625,1
2890,-0.46875,0.72265625,0.01171875,1
2891,-0.4609375,0.71484375,0.00390625,1
2892,-0.47265625,0.73046875,0.0078125,1
2893,-0.47265625,0.72265625,0.0078125,1
2894,-0.4765625,0.71875,0.00390625,1
2895,-0.46875,0.72265625,0.0,1
2896,-0.4765625,0.7265625,0.0078125,1
2897,-0.46484375,0.73828125,0.0,1
2898,-0.46484375,0.7265625,0.0,1
2899,-0.45703125,0.734375,0.01171875,1
2900,-0.46875,0.7265625,0.00390625,1
2901,-0.46875,0.73046875,0.00390625,1
2902,-0.46875,0.7265625,0.00390625,1
2903,-0.46484375,0.7265625,0.00390625,1
2904,-0.4765625,0.71484375,0.0078125,1
2905,-0.4609375,0.703125,-0.00390625,1
2906,-0.4765625,0.71484375,0.00390625,1
2907,-0.47265625,0.7265625,0.0,1
2908,-0.4609375,0.72265625,0.00390625,1
2909,-0.46875,0.71484375,0.0,1
2910,-0.4765625,0.70703125,0.00390625,1
2911,-0.46484375,0.72265625,0.0078125,1
2912,-0.47265625,0.71875,0.0,1
2913,-0.47265625,0.71875,0.00390625,1
2914,-0.4609375,0.7109375,0.01171875,1
2915,-0.45703125,0.70703125,0.0078125,1
2916,-0.45703125,0.71484375,0.0,1
2917,-0.48046875,0.7109375,0.0078125,1
2918,-0.46875,0.71484375,0.01953125,1
2919,-0.46484375,0.72265625,0.0,1
2920,-0.47265625,0.7265625,0.01171875,1
2921,-0.46484375,0.73046875,0.0078125,1
2922,-0.4765625,0.703125,0.0078125,1
2923,-0.46875,0.70703125,0.00390625,1
2924,-0.4765625,0.71484375,0.00390625,1
2925,-0.48046875,0.73046875,0.0,1
2926,-0.46875,0.7265625,0.00390625,1
2927,-0.46875,0.71875,0.01171875,1
2928,-0.4609375,0.71484375,0.015625,1
2929,-0.47265625,0.72265625,0.00390625,1
2930,-0.46484375,0.7265625,0.0078125,1
2931,-0.4609375,0.70703125,0.0,1
2932,-0.4765625,0.71484375,0.01171875,1
2933,-0.46875,0.69921875,0.01171875,1
2934,-0.4765625,0.70703125,0.01171875,1
2935,-0.48046875,0.71875,0.00390625,1
2936,-0.48046875,0.70703125,0.00390625,1
2937,-0.4765625,0.71484375,0.0,1
2938,-0.47265625,0.71484375,0.0078125,1
2939,-0.46484375,0.69921875,0.01171875,1
2940,-0.4765625,0.71875,0.00390625,1
2941,-0.44921875,0.72265625,0.00390625,1
2942,-0.46484375,0.69921875,0.00390625,1
2943,-0.46875,0.70703125,0.0078125,1
2944,-0.47265625,0.69921875,0.0,1
2945,-0.47265625,0.703125,0.00390625,1
2946,-0.47265625,0.69921875,0.0078125,1
2947,-0.46484375,0.70703125,0.00390625,1
2948,-0.46484375,0.69921875,0.00390625,1
2949,-0.4609375,0.71484375,0.0,1
2950,-0.46484375,0.71875,0.0,1
2951,-0.46484375,0.7109375,0.0,1
2952,-0.4609375,0.703125,0.00390625,1
2953,-0.46875,0.703125,-0.00390625,1
2954,-0.46875,0.70703125,0.0,1
2955,-0.45703125,0.703125,0.0,1
2956,-0.46875,0.72265625,-0.00390625,1
2957,-0.47265625,0.73046875,0.0,1
2958,-0.46484375,0.7109375,0.00390625,1
2959,-0.4765625,0.71875,0.0,1
2960,-0.48046875,0.71484375,0.015625,1
2961,-0.4609375,0.71875,0.0,1
2962,-0.46484375,0.71484375,0.0,1
2963,-0.4609375,0.71484375,-0.0078125,1
2964,-0.484375,0.703125,0.01171875,1
2965,-0.47265625,0.703125,0.0,1
2966,-0.47265625,0.72265625,0.0,1
2967,-0.4765625,0.71875,0.01171875,1
2968,-0.46875,0.71875,0.0,1
2969,-0.484375,0.7109375,0.00390625,1
2970,-0.4765625,0.703125,0.00390625,1
2971,-0.47265625,0.71875,0.01953125,1
2972,-0.47265625,0.71484375,0.0,1
2973,-0.4765625,0.71484375,0.00390625,1
2974,-0.46875,0.71484375,0.0,1
2975,-0.4765625,0.74609375,0.01171875,1
2976,-0.48046875,0.69921875,0.015625,1
2977,-0.4765625,0.71875,0.00390625,1
2978,-0.484375,0.72265625,0.00390625,1
2979,-0.47265625,0.72265625,0.00390625,1
2980,-0.48046875,0.71875,0.01171875,1
2981,-0.47265625,0.72265625,0.00390625,1
2982,-0.46484375,0.72265625,0.0,1
2983,-0.47265625,0.71484375,0.01171875,1
2984,-0.46875,0.71875,0.00390625,1
2985,-0.46484375,0.73828125,0.0,1
2986,-0.46875,0.7265625,0.03125,1
2987,-0.46484375,0.72265625,0.00390625,1
2988,-0.4609375,0.71875,0.0078125,1
2989,-0.484375,0.70703125,0.0078125,1
2990,-0.46875,0.71875,0.00390625,1
2991,-0.47265625,0.70703125,0.015625,1
2992,-0.46875,0.71484375,0.0,1
2993,-0.4609375,0.703125,0.0,1
2994,-0.45703125,0.71875,0.0078125,1
2995,-0.46875,0.72265625,0.0,1
2996,-0.47265625,0.703125,0.01953125,1
2997,-0.47265625,0.73046875,0.01171875,1
2998,-0.4609375,0.73046875,0.0078125,1
2999,-0.46875,0.7265625,0.0078125,1
