,accelerometerAccelerationX(G),accelerometerAccelerationY(G),accelerometerAccelerationZ(G)
0,-0.015625,-1.0,-0.01171875
1,-0.015625,-0.99609375,-0.00390625
2,-0.01953125,-0.99609375,-0.00390625
3,-0.01953125,-1.0,-0.00390625
4,-0.015625,-1.00390625,-0.00390625
5,-0.02734375,-0.99609375,-0.00390625
6,-0.015625,-0.99609375,-0.0078125
7,-0.0234375,-0.984375,-0.0078125
8,-0.02734375,-0.9921875,-0.0234375
9,-0.01953125,-1.00390625,-0.01171875
10,-0.0234375,-0.9921875,-0.01171875
11,-0.01953125,-0.99609375,-0.00390625
12,-0.0234375,-0.98828125,-0.0078125
13,-0.01953125,-1.0,-0.0078125
14,-0.03125,-0.99609375,0.0
15,-0.03125,-1.0,0.0
16,-0.01953125,-1.00390625,-0.0078125
17,-0.01953125,-1.01171875,-0.015625
18,-0.03515625,-0.99609375,-0.015625
19,-0.03125,-1.00390625,0.01171875
20,-0.0234375,-1.00390625,-0.0078125
21,-0.03515625,-0.99609375,0.015625
22,-0.03125,-0.9921875,-0.0078125
23,-0.02734375,-0.99609375,-0.00390625
24,-0.03125,-0.9921875,0.0
25,-0.03125,-0.9765625,-0.01171875
26,-0.03125,-0.98828125,-0.01171875
27,-0.02734375,-0.9921875,-0.01171875
28,-0.03515625,-1.00390625,-0.00390625
29,-0.0234375,-1.00390625,-0.0078125
30,-0.01953125,-1.00390625,-0.0078125
31,-0.015625,-0.99609375,-0.00390625
32,-0.02734375,-1.0,-0.00390625
33,-0.0234375,-0.9921875,-0.0078125
34,-0.01953125,-1.0078125,0.0078125
35,-0.0390625,-0.99609375,0.015625
36,-0.02734375,-1.0078125,0.0078125
37,-0.0234375,-0.99609375,-0.01171875
38,-0.01953125,-1.0,0.00390625
39,-0.0234375,-1.0,0.00390625
40,-0.03125,-1.0,0.0078125
41,-0.01953125,-1.00390625,0.00390625
42,-0.0234375,-0.99609375,-0.0078125
43,-0.0234375,-0.984375,0.0078125
44,-0.01953125,-1.0,-0.00390625
45,-0.015625,-0.99609375,0.01171875
46,-0.0234375,-0.98828125,0.0
47,-0.0234375,-1.0,-0.00390625
48,-0.02734375,-0.984375,0.01171875
49,-0.015625,-1.00390625,-0.00390625
50,-0.015625,-0.99609375,0.0
51,-0.02734375,-0.99609375,0.0078125
52,-0.02734375,-0.9921875,0.0078125
53,-0.01953125,-0.99609375,-0.00390625
54,-0.0234375,-1.0,-0.0078125
55,-0.015625,-0.99609375,0.0
56,-0.0234375,-1.00390625,-0.015625
57,-0.01171875,-1.00390625,-0.015625
58,-0.015625,-0.9921875,0.00390625
59,-0.015625,-0.984375,-0.015625
60,-0.015625,-0.99609375,-0.00390625
61,-0.015625,-1.0,0.01171875
62,-0.015625,-0.99609375,-0.0078125
63,-0.0234375,-0.99609375,0.0
64,-0.01953125,-0.984375,-0.015625
65,-0.01171875,-0.98828125,-0.0078125
66,-0.01953125,-0.99609375,0.01171875
67,-0.0234375,-0.984375,-0.01171875
68,-0.0078125,-0.99609375,-0.01171875
69,-0.01953125,-1.0,-0.015625
70,-0.03515625,-0.98046875,-0.015625
71,-0.0234375,-0.9921875,0.00390625
72,-0.015625,-0.99609375,-0.015625
73,-0.015625,-0.98828125,-0.0078125
74,-0.01171875,-0.9921875,-0.015625
75,-0.01171875,-0.98828125,0.0
76,-0.01953125,-0.99609375,-0.0078125
77,-0.01953125,-1.00390625,-0.0078125
78,-0.015625,-0.984375,-0.01171875
79,-0.01953125,-0.9921875,-0.01171875
80,-0.015625,-1.00390625,-0.01171875
81,-0.0078125,-0.99609375,-0.00390625
82,-0.00390625,-0.9921875,-0.015625
83,-0.01953125,-0.9921875,0.0
84,-0.0078125,-1.0,-0.00390625
85,-0.0078125,-1.0,-0.01171875
86,-0.0234375,-0.99609375,-0.01171875
87,-0.0078125,-0.99609375,-0.01171875
88,-0.01953125,-1.0078125,-0.0234375
89,-0.01171875,-1.00390625,-0.01171875
90,-0.02734375,-0.99609375,0.0
91,-0.01171875,-1.0,-0.0078125
92,-0.0234375,-0.9921875,0.0
93,-0.02734375,-1.0,-0.0078125
94,-0.0234375,-0.9921875,-0.0078125
95,-0.0234375,-0.99609375,0.0
96,-0.01953125,-1.0,-0.00390625
97,-0.02734375,-0.9921875,0.0
98,-0.01953125,-0.99609375,0.00390625
99,-0.02734375,-0.99609375,0.0078125
100,-0.01953125,-1.0,0.00390625
101,-0.01953125,-1.0,-0.00390625
102,-0.02734375,-0.99609375,0.015625
103,-0.0234375,-1.0,0.01171875
104,-0.03515625,-0.9921875,0.00390625
105,-0.03125,-0.984375,0.0078125
106,-0.0234375,-0.9921875,0.0
107,-0.04296875,-0.98828125,-0.01171875
108,-0.02734375,-0.9921875,0.00390625
109,-0.03515625,-0.984375,0.0078125
110,-0.02734375,-0.9921875,0.0078125
111,-0.03515625,-0.9921875,0.01171875
112,-0.02734375,-0.984375,0.0078125
113,-0.06640625,-1.08203125,0.02734375
114,0.00390625,-0.9921875,0.00390625
115,-0.03125,-0.96875,0.02734375
116,-0.015625,-0.984375,-0.01953125
117,-0.015625,-1.0078125,0.015625
118,-0.01953125,-0.984375,0.015625
119,-0.03515625,-0.9921875,0.0078125
120,-0.01953125,-0.98828125,0.01171875
121,-0.02734375,-0.9765625,0.01953125
122,-0.03515625,-0.984375,0.01953125
123,-0.01171875,-0.98828125,0.03515625
124,-0.015625,-0.99609375,0.03125
125,-0.0234375,-0.98046875,0.03125
126,-0.03125,-0.9765625,0.0234375
127,-0.01953125,-0.9765625,0.02734375
128,-0.01953125,-0.984375,0.03125
129,-0.03515625,-0.9765625,0.0390625
130,-0.03125,-0.9921875,0.03125
131,-0.03125,-0.984375,0.01953125
132,-0.0234375,-0.984375,0.03515625
133,-0.0390625,-0.984375,0.03515625
134,-0.0390625,-0.98828125,0.01953125
135,-0.0390625,-0.99609375,0.01953125
136,-0.046875,-0.9765625,0.03125
137,-0.046875,-0.984375,0.03515625
138,-0.0546875,-0.97265625,0.04296875
139,-0.0625,-0.98046875,0.04296875
140,-0.06640625,-0.98828125,0.02734375
141,-0.0625,-0.98046875,0.03515625
142,-0.08203125,-0.98046875,0.046875
143,-0.0625,-0.984375,0.03515625
144,-0.0703125,-0.98046875,0.04296875
145,-0.06640625,-1.0,0.04296875
146,-0.07421875,-0.984375,0.03515625
147,-0.0859375,-0.9765625,0.04296875
148,-0.08984375,-0.98046875,0.03125
149,-0.08984375,-0.98046875,0.03515625
150,-0.08984375,-0.98046875,0.06640625
151,-0.08203125,-0.98046875,0.06640625
152,-0.08203125,-0.984375,0.0625
153,-0.08984375,-0.96875,0.05078125
154,-0.09375,-0.96484375,0.05859375
155,-0.09765625,-0.94921875,0.0703125
156,-0.1015625,-0.9609375,0.0625
157,-0.09375,-0.95703125,0.06640625
158,-0.0859375,-0.953125,0.0703125
159,-0.08203125,-0.96484375,0.07421875
160,-0.06640625,-0.94921875,0.046875
161,-0.046875,-0.96484375,0.0390625
162,-0.046875,-0.95703125,0.03125
163,-0.046875,-0.95703125,0.03125
164,-0.03125,-0.96875,0.02734375
165,-0.01953125,-0.984375,0.015625
166,-0.015625,-0.984375,0.01171875
167,-0.0078125,-0.98828125,0.015625
168,0.00390625,-1.0078125,0.01171875
169,0.0234375,-1.0078125,0.01171875
170,0.0234375,-1.00390625,0.0078125
171,0.03515625,-0.99609375,-0.01953125
172,0.05078125,-0.9765625,-0.0234375
173,0.0546875,-0.94921875,-0.04296875
174,0.0625,-0.93359375,-0.04296875
175,0.0703125,-0.92578125,-0.0625
176,0.0859375,-0.921875,-0.07421875
177,0.0859375,-0.9453125,-0.08984375
178,0.109375,-0.9453125,-0.1171875
179,0.125,-0.96875,-0.12890625
180,0.140625,-1.0,-0.1328125
181,0.15234375,-1.0390625,-0.140625
182,0.1796875,-1.03515625,-0.15625
183,0.16796875,-1.05078125,-0.15234375
184,0.16015625,-1.05078125,-0.15234375
185,0.1640625,-1.0546875,-0.1484375
186,0.15234375,-1.0546875,-0.13671875
187,0.140625,-1.0234375,-0.14453125
188,0.10546875,-1.015625,-0.14453125
189,0.1015625,-0.98046875,-0.125
190,0.06640625,-0.953125,-0.14453125
191,0.06640625,-0.93359375,-0.1328125
192,0.04296875,-0.92578125,-0.1015625
193,0.03515625,-0.91796875,-0.11328125
194,0.01953125,-0.921875,-0.09765625
195,-0.00390625,-0.9453125,-0.07421875
196,-0.0234375,-0.953125,-0.0703125
197,-0.03125,-0.984375,-0.0625
198,-0.046875,-1.0078125,-0.046875
199,-0.046875,-1.0234375,-0.03515625
200,-0.04296875,-1.0390625,-0.03125
201,-0.046875,-1.0390625,-0.02734375
202,-0.046875,-1.04296875,-0.02734375
203,-0.02734375,-1.05078125,-0.0234375
204,-0.00390625,-1.046875,-0.015625
205,-0.00390625,-1.0703125,-0.01171875
206,0.01953125,-1.0546875,0.01953125
207,0.015625,-1.05078125,0.01171875
208,0.03125,-1.046875,-0.00390625
209,0.05078125,-1.03515625,-0.015625
210,0.0390625,-1.03125,-0.03125
211,0.06640625,-1.015625,-0.05078125
212,0.05859375,-1.015625,-0.07421875
213,0.0625,-1.01171875,-0.07421875
214,0.05078125,-1.00390625,-0.08984375
215,0.05078125,-1.01171875,-0.0859375
216,0.05859375,-1.0078125,-0.078125
217,0.046875,-1.01171875,-0.078125
218,0.0625,-1.01171875,-0.08203125
219,0.05859375,-1.01171875,-0.08203125
220,0.046875,-1.015625,-0.08984375
221,0.04296875,-1.00390625,-0.078125
222,0.04296875,-0.9921875,-0.07421875
223,0.046875,-0.98828125,-0.08203125
224,0.04296875,-0.984375,-0.07421875
225,0.0390625,-0.96875,-0.08984375
226,0.04296875,-0.96484375,-0.078125
227,0.0390625,-0.96875,-0.05859375
228,0.046875,-0.96875,-0.0546875
229,0.04296875,-0.97265625,-0.0546875
230,0.04296875,-0.96484375,-0.0546875
231,0.0625,-0.984375,-0.046875
232,0.05859375,-0.9765625,-0.0390625
233,0.0703125,-0.96875,-0.03515625
234,0.0703125,-0.96875,-0.03515625
235,0.06640625,-0.96875,0.0
236,0.07421875,-0.95703125,-0.01171875
237,0.0703125,-0.953125,-0.0078125
238,0.07421875,-0.94921875,-0.015625
239,0.08984375,-0.94140625,0.00390625
240,0.0703125,-0.9375,-0.0078125
241,0.07421875,-0.93359375,0.0078125
242,0.0546875,-0.91796875,0.0078125
243,0.0546875,-0.921875,0.0078125
244,0.04296875,-0.921875,0.01171875
245,0.04296875,-0.9375,0.015625
246,0.02734375,-0.94921875,0.01171875
247,0.0234375,-0.9453125,0.0234375
248,0.0234375,-0.96875,0.0234375
249,0.015625,-0.98046875,0.03125
250,0.0234375,-0.984375,0.0390625
251,0.015625,-0.99609375,0.03515625
252,0.015625,-1.0,0.03515625
253,0.00390625,-0.98046875,0.01171875
254,0.01171875,-0.9921875,0.0234375
255,0.0234375,-0.984375,0.00390625
256,0.0390625,-1.0,-0.0078125
257,0.04296875,-1.00390625,-0.015625
258,0.05859375,-1.0234375,0.0078125
259,0.0625,-1.03125,0.00390625
260,0.078125,-1.05859375,0.015625
261,0.08984375,-1.0859375,0.02734375
262,0.09765625,-1.10546875,0.015625
263,0.10546875,-1.125,0.0234375
264,0.13671875,-1.13671875,0.0078125
265,0.16015625,-1.15234375,0.01171875
266,0.19140625,-1.1484375,0.015625
267,0.20703125,-1.15234375,0.01171875
268,0.23828125,-1.16015625,0.015625
269,0.25,-1.16796875,0.03125
270,0.2578125,-1.15625,0.03125
271,0.24609375,-1.15625,0.05078125
272,0.25390625,-1.1484375,0.0546875
273,0.234375,-1.13671875,0.0546875
274,0.23046875,-1.12890625,0.0625
275,0.21484375,-1.10546875,0.0859375
276,0.203125,-1.109375,0.11328125
277,0.1875,-1.09765625,0.140625
278,0.171875,-1.1015625,0.15234375
279,0.140625,-1.08203125,0.15234375
280,0.1171875,-1.06640625,0.15625
281,0.08984375,-1.0546875,0.15625
282,0.0625,-1.05078125,0.15234375
283,0.05078125,-1.0546875,0.125
284,0.0234375,-1.03125,0.12890625
285,0.0,-1.0234375,0.125
286,0.0078125,-1.04296875,0.10546875
287,0.015625,-1.078125,0.0625
288,0.0234375,-1.10546875,0.01953125
289,0.05078125,-1.16796875,-0.03515625
290,0.07421875,-1.21484375,-0.1015625
291,0.109375,-1.2734375,-0.15234375
292,0.1328125,-1.30078125,-0.23046875
293,0.13671875,-1.33984375,-0.29296875
294,0.1484375,-1.35546875,-0.33203125
295,0.16015625,-1.36328125,-0.38671875
296,0.1640625,-1.36328125,-0.44921875
297,0.15234375,-1.32421875,-0.484375
298,0.125,-1.28515625,-0.48046875
299,0.09375,-1.22265625,-0.48046875
300,0.02734375,-1.140625,-0.46875
301,-0.0078125,-1.08203125,-0.4609375
302,-0.078125,-1.0,-0.4296875
303,-0.1328125,-0.91015625,-0.40234375
304,-0.1875,-0.83203125,-0.359375
305,-0.23828125,-0.76953125,-0.36328125
306,-0.2578125,-0.71875,-0.36328125
307,-0.265625,-0.66796875,-0.359375
308,-0.2734375,-0.65234375,-0.34375
309,-0.25,-0.65234375,-0.3515625
310,-0.203125,-0.66015625,-0.34375
311,-0.1484375,-0.69921875,-0.328125
312,-0.07421875,-0.75,-0.33984375
313,-0.015625,-0.7890625,-0.3359375
314,0.06640625,-0.8671875,-0.328125
315,0.11328125,-0.89453125,-0.3125
316,0.171875,-0.9375,-0.3125
317,0.19140625,-0.94921875,-0.31640625
318,0.2109375,-0.95703125,-0.30078125
319,0.2265625,-0.9453125,-0.30859375
320,0.2265625,-0.9296875,-0.30859375
321,0.21875,-0.921875,-0.31640625
322,0.2109375,-0.90625,-0.31640625
323,0.19921875,-0.8984375,-0.3125
324,0.1953125,-0.8984375,-0.28515625
325,0.1796875,-0.890625,-0.27734375
326,0.16015625,-0.90234375,-0.28125
327,0.13671875,-0.91796875,-0.27734375
328,0.10546875,-0.921875,-0.27734375
329,0.06640625,-0.94921875,-0.26953125
330,0.03515625,-0.953125,-0.26953125
331,0.00390625,-0.953125,-0.26953125
332,-0.0390625,-0.95703125,-0.29296875
333,-0.04296875,-0.953125,-0.2890625
334,-0.0703125,-0.9453125,-0.26953125
335,-0.09765625,-0.9375,-0.26953125
336,-0.1171875,-0.953125,-0.26953125
337,-0.1328125,-0.9453125,-0.265625
338,-0.125,-0.953125,-0.2578125
339,-0.125,-0.96875,-0.25390625
340,-0.1171875,-0.9765625,-0.24609375
341,-0.10546875,-0.98828125,-0.2578125
342,-0.09765625,-0.9921875,-0.2421875
343,-0.08984375,-1.0,-0.23046875
344,-0.08984375,-1.00390625,-0.23046875
345,-0.07421875,-1.01171875,-0.2265625
346,-0.06640625,-1.00390625,-0.2265625
347,-0.0703125,-0.98828125,-0.21484375
348,-0.0625,-0.98828125,-0.2109375
349,-0.0546875,-0.99609375,-0.20703125
350,-0.05078125,-0.9921875,-0.19921875
351,-0.046875,-0.984375,-0.1875
352,-0.05859375,-0.96484375,-0.1796875
353,-0.046875,-0.95703125,-0.1953125
354,-0.0546875,-0.9453125,-0.19921875
355,-0.05078125,-0.93359375,-0.203125
356,-0.0625,-0.9375,-0.1953125
357,-0.05078125,-0.921875,-0.19921875
358,-0.04296875,-0.921875,-0.19921875
359,-0.046875,-0.9296875,-0.1796875
360,-0.046875,-0.9296875,-0.171875
361,-0.0390625,-0.93359375,-0.16015625
362,-0.02734375,-0.953125,-0.16015625
363,-0.02734375,-0.96484375,-0.13671875
364,-0.0234375,-0.984375,-0.12109375
365,-0.03125,-0.98828125,-0.1171875
366,-0.015625,-1.0,-0.1015625
367,-0.0234375,-0.984375,-0.08984375
368,-0.0390625,-0.984375,-0.09765625
369,-0.03515625,-0.97265625,-0.09765625
370,-0.0390625,-0.9765625,-0.09375
371,-0.03515625,-0.9765625,-0.0859375
372,-0.046875,-0.95703125,-0.08203125
373,-0.046875,-0.95703125,-0.07421875
374,-0.0546875,-0.94140625,-0.05859375
375,-0.05078125,-0.92578125,-0.0546875
376,-0.05859375,-0.93359375,-0.04296875
377,-0.05078125,-0.93359375,-0.0390625
378,-0.05859375,-0.9296875,-0.01953125
379,-0.0546875,-0.9140625,-0.02734375
380,-0.0546875,-0.9140625,-0.04296875
381,-0.05078125,-0.91015625,-0.03125
382,-0.0546875,-0.9140625,-0.01171875
383,-0.046875,-0.9296875,-0.01171875
384,-0.05078125,-0.91796875,0.0
385,-0.0546875,-0.91015625,0.015625
386,-0.046875,-0.91796875,0.015625
387,-0.0546875,-0.9140625,0.01171875
388,-0.04296875,-0.92578125,-0.00390625
389,-0.03515625,-0.92578125,-0.01171875
390,-0.04296875,-0.9296875,0.01171875
391,-0.03515625,-0.9296875,-0.0078125
392,-0.01171875,-0.95703125,0.0078125
393,-0.015625,-0.97265625,0.0
394,-0.015625,-0.97265625,0.0
395,-0.01171875,-0.99609375,0.015625
396,-0.01953125,-1.015625,0.0078125
397,-0.01953125,-1.0234375,0.02734375
398,-0.03125,-1.03125,0.01953125
399,-0.04296875,-1.04296875,0.02734375
400,-0.046875,-1.05078125,0.03125
401,-0.0703125,-1.05859375,0.03515625
402,-0.08203125,-1.06640625,0.0390625
403,-0.10546875,-1.06640625,0.046875
404,-0.125,-1.0546875,0.046875
405,-0.125,-1.0546875,0.0546875
406,-0.125,-1.03515625,0.0546875
407,-0.140625,-1.02734375,0.07421875
408,-0.12890625,-1.01953125,0.09765625
409,-0.12890625,-1.00390625,0.1171875
410,-0.13671875,-0.9921875,0.140625
411,-0.12109375,-0.99609375,0.16796875
412,-0.11328125,-0.9921875,0.1953125
413,-0.12109375,-0.98046875,0.2109375
414,-0.13671875,-0.98828125,0.23828125
415,-0.13671875,-1.015625,0.25390625
416,-0.140625,-1.01953125,0.24609375
417,-0.125,-1.04296875,0.2265625
418,-0.140625,-1.046875,0.19921875
419,-0.12109375,-1.07421875,0.17578125
420,-0.12890625,-1.09375,0.1328125
421,-0.125,-1.1171875,0.0703125
422,-0.140625,-1.13671875,0.046875
423,-0.125,-1.17578125,-0.0234375
424,-0.11328125,-1.20703125,-0.0625
425,-0.13671875,-1.2421875,-0.11328125
426,-0.12890625,-1.2578125,-0.12890625
427,-0.14453125,-1.29296875,-0.16015625
428,-0.2109375,-1.31640625,-0.19140625
429,-0.16015625,-1.328125,-0.203125
430,-0.14453125,-1.3203125,-0.21484375
431,-0.1328125,-1.2890625,-0.22265625
432,-0.11328125,-1.24609375,-0.25390625
433,-0.1015625,-1.203125,-0.26171875
434,-0.078125,-1.14453125,-0.27734375
435,-0.046875,-1.07421875,-0.2890625
436,-0.0078125,-1.01171875,-0.32421875
437,0.0390625,-0.953125,-0.3671875
438,0.0859375,-0.89453125,-0.390625
439,0.1328125,-0.8515625,-0.41015625
440,0.1796875,-0.82421875,-0.40625
441,0.1953125,-0.83984375,-0.3984375
442,0.2265625,-0.84375,-0.37890625
443,0.234375,-0.8671875,-0.359375
444,0.2421875,-0.8984375,-0.34375
445,0.234375,-0.9140625,-0.29296875
446,0.23828125,-0.9375,-0.28515625
447,0.2109375,-0.95703125,-0.2734375
448,0.203125,-0.98046875,-0.25390625
449,0.19140625,-1.0,-0.23828125
450,0.140625,-1.0078125,-0.23828125
451,0.1015625,-1.01171875,-0.23046875
452,0.03515625,-1.01171875,-0.234375
453,-0.0078125,-1.0078125,-0.22265625
454,-0.04296875,-1.01171875,-0.21875
455,-0.0859375,-0.99609375,-0.20703125
456,-0.12890625,-0.97265625,-0.19140625
457,-0.15234375,-0.97265625,-0.18359375
458,-0.171875,-0.9609375,-0.1875
459,-0.1875,-0.9375,-0.16796875
460,-0.1875,-0.94140625,-0.15234375
461,-0.20703125,-0.9453125,-0.15234375
462,-0.203125,-0.9453125,-0.1484375
463,-0.18359375,-0.95703125,-0.140625
464,-0.1796875,-0.953125,-0.140625
465,-0.14453125,-0.953125,-0.140625
466,-0.12109375,-0.953125,-0.16796875
467,-0.09375,-0.95703125,-0.15234375
468,-0.0546875,-0.953125,-0.14453125
469,-0.03515625,-0.9453125,-0.15234375
470,0.0,-0.9453125,-0.171875
471,0.046875,-0.9375,-0.140625
472,0.05078125,-0.92578125,-0.14453125
473,0.0703125,-0.921875,-0.125
474,0.08203125,-0.9296875,-0.140625
475,0.09765625,-0.921875,-0.1171875
476,0.109375,-0.92578125,-0.1171875
477,0.109375,-0.91015625,-0.09375
478,0.109375,-0.91796875,-0.08203125
479,0.1328125,-0.91796875,-0.078125
480,0.125,-0.91796875,-0.0859375
481,0.109375,-0.92578125,-0.0703125
482,0.1015625,-0.9296875,-0.078125
483,0.08203125,-0.91796875,-0.0703125
484,0.08984375,-0.9375,-0.078125
485,0.078125,-0.9375,-0.0625
486,0.08984375,-0.93359375,-0.06640625
487,0.07421875,-0.9453125,-0.0703125
488,0.07421875,-0.9296875,-0.07421875
489,0.07421875,-0.94140625,-0.06640625
490,0.06640625,-0.92578125,-0.0703125
491,0.06640625,-0.90625,-0.08984375
492,0.07421875,-0.89453125,-0.10546875
493,0.06640625,-0.87890625,-0.0859375
494,0.0625,-0.875,-0.08984375
495,0.07421875,-0.859375,-0.1015625
496,0.046875,-0.8671875,-0.1015625
497,0.0546875,-0.88671875,-0.09375
498,0.0390625,-0.87890625,-0.0859375
499,0.015625,-0.89453125,-0.08984375
500,0.0078125,-0.8984375,-0.06640625
501,0.0078125,-0.9140625,-0.05859375
502,-0.0078125,-0.94140625,-0.0625
503,-0.01171875,-0.94140625,-0.0390625
504,0.0,-0.95703125,-0.04296875
505,-0.00390625,-0.9609375,-0.046875
506,0.0,-0.95703125,-0.0546875
507,0.0078125,-0.953125,-0.05078125
508,0.01953125,-0.95703125,-0.05859375
509,0.01953125,-0.96484375,-0.05078125
510,0.04296875,-0.94921875,-0.0546875
511,0.04296875,-0.953125,-0.0390625
512,0.04296875,-0.953125,-0.0390625
513,0.0546875,-0.94921875,-0.015625
514,0.0546875,-0.9609375,-0.0078125
515,0.0625,-0.95703125,-0.00390625
516,0.046875,-0.96484375,0.02734375
517,0.05078125,-0.9765625,0.02734375
518,0.046875,-0.97265625,0.03515625
519,0.03515625,-0.98046875,0.03125
520,0.02734375,-0.98828125,0.03515625
521,0.015625,-0.99609375,0.03515625
522,0.02734375,-1.00390625,0.0390625
523,-0.00390625,-1.01171875,0.03515625
524,0.0078125,-1.015625,0.0390625
525,0.00390625,-1.02734375,0.05078125
526,0.00390625,-1.0390625,0.03515625
527,-0.00390625,-1.02734375,0.04296875
528,0.01171875,-1.0390625,0.04296875
529,0.015625,-1.03515625,0.046875
530,0.02734375,-1.04296875,0.0390625
531,0.02734375,-1.03515625,0.03125
532,0.046875,-1.03515625,0.03125
533,0.0390625,-1.03125,0.03125
534,0.04296875,-1.02734375,0.02734375
535,0.046875,-1.0390625,0.03125
536,0.0390625,-1.046875,0.04296875
537,0.046875,-1.0703125,0.0546875
538,0.03515625,-1.08203125,0.05859375
539,0.04296875,-1.09765625,0.0703125
540,0.04296875,-1.11328125,0.09375
541,0.046875,-1.09765625,0.109375
542,0.0390625,-1.125,0.11328125
543,0.04296875,-1.125,0.1328125
544,0.03515625,-1.125,0.1640625
545,0.03515625,-1.125,0.17578125
546,0.03125,-1.109375,0.203125
547,0.046875,-1.11328125,0.20703125
548,0.0625,-1.0859375,0.1953125
549,0.06640625,-1.08984375,0.17578125
550,0.07421875,-1.08203125,0.15625
551,0.08203125,-1.1015625,0.1328125
552,0.08203125,-1.12890625,0.1328125
553,0.078125,-1.16015625,0.09375
554,0.0859375,-1.2109375,0.05859375
555,0.09375,-1.24609375,0.02734375
556,0.10546875,-1.2890625,-0.06640625
557,0.12109375,-1.296875,-0.12109375
558,0.125,-1.3203125,-0.18359375
559,0.16796875,-1.34375,-0.2421875
560,0.1953125,-1.37109375,-0.29296875
561,0.2265625,-1.37890625,-0.36328125
562,0.24609375,-1.375,-0.39453125
563,0.23046875,-1.33203125,-0.38671875
564,0.203125,-1.26953125,-0.359375
565,0.19140625,-1.2109375,-0.3359375
566,0.14453125,-1.12109375,-0.31640625
567,0.1015625,-1.04296875,-0.3125
568,0.046875,-0.9609375,-0.3359375
569,-0.01171875,-0.86328125,-0.3046875
570,-0.046875,-0.8125,-0.3046875
571,-0.11328125,-0.765625,-0.32421875
572,-0.16015625,-0.75390625,-0.30859375
573,-0.1953125,-0.75390625,-0.3125
574,-0.2421875,-0.7578125,-0.3046875
575,-0.2578125,-0.765625,-0.31640625
576,-0.2734375,-0.80078125,-0.3046875
577,-0.28515625,-0.81640625,-0.30859375
578,-0.26171875,-0.86328125,-0.3203125
579,-0.21484375,-0.89453125,-0.32421875
580,-0.19921875,-0.92578125,-0.296875
581,-0.16015625,-0.953125,-0.29296875
582,-0.1171875,-0.9765625,-0.296875
583,-0.07421875,-0.984375,-0.27734375
584,-0.0390625,-0.99609375,-0.27734375
585,-0.00390625,-0.9921875,-0.265625
586,0.0234375,-0.96484375,-0.26171875
587,0.0703125,-0.9453125,-0.2578125
588,0.08984375,-0.90625,-0.26171875
589,0.10546875,-0.87890625,-0.2421875
590,0.1015625,-0.84765625,-0.2421875
591,0.10546875,-0.80859375,-0.24609375
592,0.1171875,-0.79296875,-0.2421875
593,0.1171875,-0.78515625,-0.23828125
594,0.11328125,-0.80859375,-0.23046875
595,0.1015625,-0.84375,-0.21875
596,0.08984375,-0.88671875,-0.2265625
597,0.09765625,-0.94140625,-0.20703125
598,0.078125,-0.984375,-0.21484375
599,0.09375,-1.015625,-0.21484375
600,0.08203125,-1.03515625,-0.234375
601,0.0859375,-1.03515625,-0.234375
602,0.06640625,-1.05078125,-0.2265625
603,0.05859375,-1.0390625,-0.25
604,0.04296875,-1.04296875,-0.23828125
605,0.04296875,-1.0234375,-0.24609375
606,0.0390625,-1.0234375,-0.23828125
607,0.03125,-1.01171875,-0.22265625
608,0.015625,-0.99609375,-0.20703125
609,-0.00390625,-0.98046875,-0.203125
610,-0.0078125,-0.96875,-0.20703125
611,-0.015625,-0.9609375,-0.19921875
612,-0.0078125,-0.95703125,-0.1796875
613,-0.02734375,-0.92578125,-0.16796875
614,-0.03515625,-0.921875,-0.14453125
615,-0.05078125,-0.91796875,-0.1484375
616,-0.0625,-0.91015625,-0.14453125
617,-0.05078125,-0.90625,-0.13671875
618,-0.0703125,-0.9140625,-0.14453125
619,-0.08203125,-0.91796875,-0.13671875
620,-0.1015625,-0.9140625,-0.109375
621,-0.109375,-0.9296875,-0.12890625
622,-0.1328125,-0.9296875,-0.12890625
623,-0.1328125,-0.9375,-0.1328125
624,-0.1328125,-0.92578125,-0.12109375
625,-0.15234375,-0.9296875,-0.125
626,-0.16015625,-0.9296875,-0.125
627,-0.15234375,-0.93359375,-0.1171875
628,-0.1484375,-0.94921875,-0.12109375
629,-0.14453125,-0.94921875,-0.12109375
630,-0.140625,-0.94921875,-0.10546875
631,-0.12890625,-0.97265625,-0.09765625
632,-0.12109375,-0.9765625,-0.0859375
633,-0.109375,-1.0,-0.05078125
634,-0.10546875,-1.0078125,-0.02734375
635,-0.08984375,-1.01171875,-0.01953125
636,-0.08203125,-1.015625,0.0078125
637,-0.078125,-1.015625,0.0
638,-0.05859375,-1.0078125,0.0078125
639,-0.046875,-1.00390625,0.00390625
640,-0.04296875,-0.9765625,-0.0078125
641,-0.03125,-0.93359375,-0.0390625
642,-0.03515625,-0.90625,-0.0703125
643,-0.046875,-0.88671875,-0.0546875
644,-0.046875,-0.875,-0.0546875
645,-0.04296875,-0.875,-0.0546875
646,-0.05078125,-0.8828125,-0.03515625
647,-0.05859375,-0.8828125,-0.02734375
648,-0.05859375,-0.88671875,0.0078125
649,-0.07421875,-0.90625,0.03125
650,-0.0859375,-0.9140625,0.0390625
651,-0.08984375,-0.90625,0.0390625
652,-0.10546875,-0.90625,0.05859375
653,-0.08203125,-0.90234375,0.05859375
654,-0.0859375,-0.890625,0.0546875
655,-0.0859375,-0.89453125,0.03125
656,-0.0703125,-0.87890625,0.04296875
657,-0.06640625,-0.859375,0.03515625
658,-0.078125,-0.86328125,0.0234375
659,-0.078125,-0.86328125,0.02734375
660,-0.08984375,-0.87890625,0.01171875
661,-0.07421875,-0.90625,-0.0078125
662,-0.06640625,-0.921875,-0.00390625
663,-0.07421875,-0.9375,0.0234375
664,-0.0859375,-0.96875,0.03125
665,-0.09375,-0.984375,0.03515625
666,-0.09765625,-0.99609375,0.03515625
667,-0.09765625,-1.01171875,0.0234375
668,-0.09375,-1.01953125,0.0234375
669,-0.09765625,-1.03125,0.015625
670,-0.078125,-1.03125,0.00390625
671,-0.046875,-1.0390625,0.0234375
672,-0.046875,-1.046875,0.03125
673,-0.01953125,-1.0546875,0.046875
674,-0.0078125,-1.06640625,0.0625
675,0.00390625,-1.08203125,0.0859375
676,0.01953125,-1.0859375,0.11328125
677,0.0234375,-1.08203125,0.140625
678,0.0234375,-1.0703125,0.15234375
679,0.0234375,-1.0546875,0.14453125
680,0.0234375,-1.03515625,0.1640625
681,0.01171875,-1.015625,0.15625
682,0.015625,-1.015625,0.15234375
683,0.015625,-0.98828125,0.15625
684,0.015625,-0.9921875,0.14453125
685,0.01171875,-0.96875,0.12890625
686,0.0234375,-0.9765625,0.125
687,0.01953125,-1.0,0.0859375
688,0.01953125,-1.046875,0.0703125
689,0.00390625,-1.11328125,0.0625
690,-0.0234375,-1.21875,0.00390625
691,-0.05078125,-1.3046875,-0.07421875
692,-0.09765625,-1.38671875,-0.1796875
693,-0.1328125,-1.43359375,-0.28125
694,-0.171875,-1.4375,-0.40625
695,-0.23828125,-1.453125,-0.4609375
696,-0.28515625,-1.44921875,-0.47265625
697,-0.296875,-1.42578125,-0.47265625
698,-0.28125,-1.40234375,-0.4453125
699,-0.2734375,-1.3515625,-0.42578125
700,-0.25390625,-1.2890625,-0.41796875
701,-0.19921875,-1.22265625,-0.40625
702,-0.15625,-1.140625,-0.40625
703,-0.0859375,-1.078125,-0.38671875
704,-0.05859375,-1.0078125,-0.3984375
705,-0.01953125,-0.984375,-0.40234375
706,0.0234375,-0.93359375,-0.3984375
707,0.0546875,-0.91015625,-0.42578125
708,0.0703125,-0.8984375,-0.3984375
709,0.0859375,-0.89453125,-0.39453125
710,0.1015625,-0.921875,-0.3671875
711,0.08984375,-0.94921875,-0.36328125
712,0.07421875,-0.953125,-0.3203125
713,0.0625,-0.98046875,-0.28125
714,0.046875,-0.99609375,-0.2578125
715,-0.0078125,-1.0,-0.21875
716,-0.04296875,-1.00390625,-0.203125
717,-0.07421875,-1.015625,-0.1796875
718,-0.10546875,-1.015625,-0.15625
719,-0.140625,-0.9921875,-0.15234375
720,-0.171875,-0.98046875,-0.1484375
721,-0.19140625,-0.953125,-0.15234375
722,-0.203125,-0.921875,-0.16015625
723,-0.21484375,-0.890625,-0.15625
724,-0.21875,-0.87890625,-0.140625
725,-0.21875,-0.875,-0.12109375
726,-0.21875,-0.8671875,-0.125
727,-0.2109375,-0.875,-0.13671875
728,-0.1953125,-0.890625,-0.15234375
729,-0.16015625,-0.91015625,-0.13671875
730,-0.1328125,-0.875,-0.140625
731,-0.10546875,-0.9296875,-0.1484375
732,-0.09375,-0.921875,-0.15234375
733,-0.06640625,-0.9609375,-0.1796875
734,-0.03515625,-0.92578125,-0.14453125
735,-0.01171875,-0.921875,-0.1796875
736,-0.01171875,-0.89453125,-0.19921875
737,-0.01171875,-0.875,-0.16015625
738,0.0,-0.859375,-0.1484375
739,0.01953125,-0.8515625,-0.16015625
740,0.03125,-0.84375,-0.18359375
741,0.03515625,-0.81640625,-0.18359375
742,0.04296875,-0.8125,-0.19140625
743,0.05078125,-0.8359375,-0.19921875
744,0.04296875,-0.828125,-0.1796875
745,0.05859375,-0.84765625,-0.1640625
746,0.0703125,-0.875,-0.1640625
747,0.0703125,-0.8984375,-0.13671875
748,0.078125,-0.91796875,-0.125
749,0.08984375,-0.94140625,-0.11328125
750,0.08203125,-0.94921875,-0.11328125
751,0.08984375,-0.9765625,-0.11328125
752,0.09765625,-0.99609375,-0.10546875
753,0.09765625,-0.98828125,-0.109375
754,0.09765625,-0.984375,-0.109375
755,0.08203125,-0.9765625,-0.12109375
756,0.06640625,-0.953125,-0.12109375
757,0.05859375,-0.94140625,-0.13671875
758,0.0546875,-0.9296875,-0.1171875
759,0.04296875,-0.8984375,-0.1328125
760,0.03515625,-0.8984375,-0.12109375
761,0.0234375,-0.8828125,-0.10546875
762,0.03125,-0.87890625,-0.1015625
763,0.015625,-0.890625,-0.10546875
764,0.015625,-0.89453125,-0.10546875
765,0.0078125,-0.8984375,-0.08984375
766,0.0078125,-0.9140625,-0.0859375
767,0.00390625,-0.92578125,-0.0703125
768,-0.00390625,-0.95703125,-0.078125
769,0.0,-0.9921875,-0.05859375
770,-0.00390625,-1.0,-0.05078125
771,-0.01953125,-1.0,-0.06640625
772,-0.01171875,-1.00390625,-0.046875
773,-0.0078125,-1.0078125,-0.05078125
774,0.0,-1.0078125,-0.046875
775,0.0078125,-0.9921875,-0.01953125
776,0.0078125,-0.98046875,-0.0234375
777,0.015625,-0.96484375,-0.0078125
778,0.0234375,-0.9453125,0.0
779,0.0234375,-0.93359375,0.0078125
780,0.0390625,-0.93359375,0.015625
781,0.046875,-0.921875,0.02734375
782,0.0625,-0.9140625,0.0078125
783,0.06640625,-0.91796875,0.02734375
784,0.08203125,-0.9140625,0.01171875
785,0.09375,-0.9296875,0.03125
786,0.08984375,-0.9453125,0.02734375
787,0.08984375,-0.96875,0.03125
788,0.078125,-0.98828125,0.04296875
789,0.07421875,-1.015625,0.04296875
790,0.05859375,-1.015625,0.03125
791,0.07421875,-1.04296875,0.03125
792,0.0546875,-1.0703125,0.03125
793,0.046875,-1.06640625,0.0234375
794,0.05078125,-1.07421875,0.03125
795,0.046875,-1.06640625,0.015625
796,0.03515625,-1.0625,0.01953125
797,0.03125,-1.0625,0.015625
798,0.01953125,-1.05078125,0.01171875
799,0.0,-1.046875,0.03515625
800,0.0,-1.06640625,0.02734375
801,-0.00390625,-1.0625,0.04296875
802,-0.0078125,-1.08203125,0.05078125
803,0.0,-1.1015625,0.0625
804,0.015625,-1.1171875,0.0859375
805,0.02734375,-1.12109375,0.08203125
806,0.05859375,-1.140625,0.08984375
807,0.05859375,-1.1328125,0.1015625
808,0.06640625,-1.1328125,0.1171875
809,0.06640625,-1.12109375,0.12109375
810,0.0546875,-1.109375,0.1484375
811,0.04296875,-1.0703125,0.171875
812,0.01953125,-1.04296875,0.171875
813,0.0,-1.0234375,0.1796875
814,-0.0078125,-1.0078125,0.1796875
815,-0.0234375,-0.96875,0.19140625
816,-0.04296875,-0.96484375,0.16796875
817,-0.05859375,-0.984375,0.16015625
818,-0.05859375,-1.0,0.1328125
819,-0.07421875,-1.01953125,0.12109375
820,-0.07421875,-1.0859375,0.09375
821,-0.0546875,-1.1328125,0.07421875
822,-0.04296875,-1.19921875,0.03515625
823,-0.01171875,-1.2578125,-0.01953125
824,0.015625,-1.2734375,-0.08984375
825,0.08984375,-1.296875,-0.17578125
826,0.15234375,-1.31640625,-0.22265625
827,0.203125,-1.3359375,-0.2734375
828,0.26953125,-1.33984375,-0.34375
829,0.31640625,-1.3515625,-0.375
830,0.34375,-1.3203125,-0.4453125
831,0.3359375,-1.26953125,-0.49609375
832,0.34765625,-1.21875,-0.5078125
833,0.30859375,-1.12890625,-0.54296875
834,0.28125,-1.0546875,-0.55078125
835,0.20703125,-0.984375,-0.53125
836,0.15625,-0.921875,-0.50390625
837,0.1015625,-0.88671875,-0.5
838,0.01171875,-0.8359375,-0.48828125
839,-0.0625,-0.796875,-0.4765625
840,-0.14453125,-0.8046875,-0.44921875
841,-0.21875,-0.79296875,-0.4140625
842,-0.25390625,-0.80859375,-0.41015625
843,-0.265625,-0.84375,-0.3828125
844,-0.2734375,-0.87890625,-0.34375
845,-0.25390625,-0.89453125,-0.33984375
846,-0.23046875,-0.91796875,-0.33203125
847,-0.18359375,-0.9453125,-0.30078125
848,-0.1171875,-0.96484375,-0.27734375
849,-0.046875,-0.98828125,-0.25
850,0.00390625,-1.0,-0.21875
851,0.05078125,-1.0078125,-0.20703125
852,0.109375,-1.00390625,-0.1796875
853,0.14453125,-0.9921875,-0.17578125
854,0.17578125,-0.96875,-0.1640625
855,0.20703125,-0.953125,-0.1875
856,0.21875,-0.92578125,-0.1875
857,0.2109375,-0.91015625,-0.2109375
858,0.20703125,-0.89453125,-0.203125
859,0.19140625,-0.890625,-0.2109375
860,0.19140625,-0.89453125,-0.21875
861,0.1640625,-0.91015625,-0.19921875
862,0.140625,-0.890625,-0.19921875
863,0.1328125,-0.90234375,-0.203125
864,0.1015625,-0.89453125,-0.2109375
865,0.07421875,-0.8984375,-0.203125
866,0.05078125,-0.90234375,-0.17578125
867,0.03125,-0.91015625,-0.18359375
868,0.015625,-0.92578125,-0.17578125
869,-0.00390625,-0.921875,-0.1796875
870,-0.015625,-0.9375,-0.13671875
871,-0.03125,-0.9453125,-0.14453125
872,-0.04296875,-0.96484375,-0.1171875
873,-0.046875,-0.97265625,-0.12109375
874,-0.06640625,-0.98828125,-0.109375
875,-0.08203125,-0.98828125,-0.08984375
876,-0.06640625,-0.98828125,-0.09765625
877,-0.078125,-0.9921875,-0.0859375
878,-0.08203125,-0.97265625,-0.09375
879,-0.078125,-0.96875,-0.109375
880,-0.08203125,-0.953125,-0.1015625
881,-0.08203125,-0.92578125,-0.10546875
882,-0.07421875,-0.9296875,-0.1171875
883,-0.08203125,-0.92578125,-0.109375
884,-0.08984375,-0.9140625,-0.1015625
885,-0.09765625,-0.8984375,-0.1015625
886,-0.09375,-0.88671875,-0.08984375
887,-0.1171875,-0.8671875,-0.09765625
888,-0.140625,-0.87890625,-0.09375
889,-0.1484375,-0.8671875,-0.08203125
890,-0.17578125,-0.859375,-0.08984375
891,-0.171875,-0.86328125,-0.07421875
892,-0.1953125,-0.87109375,-0.0625
893,-0.1875,-0.8671875,-0.05078125
894,-0.1875,-0.890625,-0.06640625
895,-0.1875,-0.90234375,-0.046875
896,-0.1640625,-0.91796875,-0.04296875
897,-0.15625,-0.9375,-0.03125
898,-0.140625,-0.94140625,-0.03515625
899,-0.11328125,-0.9609375,-0.015625
900,-0.11328125,-0.96875,-0.02734375
901,-0.10546875,-0.97265625,-0.015625
902,-0.09765625,-0.96484375,-0.01953125
903,-0.0859375,-0.9609375,-0.01953125
904,-0.078125,-0.94921875,-0.01171875
905,-0.0703125,-0.94921875,-0.03125
906,-0.05078125,-0.9453125,-0.0078125
907,-0.0703125,-0.9375,-0.02734375
908,-0.06640625,-0.9375,-0.015625
909,-0.0703125,-0.93359375,0.0
910,-0.078125,-0.92578125,0.0078125
911,-0.05859375,-0.92578125,0.00390625
912,-0.07421875,-0.9296875,0.03125
913,-0.0703125,-0.94140625,0.046875
914,-0.07421875,-0.9453125,0.04296875
915,-0.078125,-0.9609375,0.05078125
916,-0.07421875,-0.97265625,0.0390625
917,-0.08203125,-0.96875,0.04296875
918,-0.078125,-0.97265625,0.03515625
919,-0.08984375,-0.96875,0.0234375
920,-0.078125,-0.984375,0.0234375
921,-0.09375,-0.9921875,0.03125
922,-0.10546875,-1.0,0.0390625
923,-0.10546875,-1.0,0.0390625
924,-0.13671875,-1.015625,0.03515625
925,-0.15234375,-1.0234375,0.03515625
926,-0.15234375,-1.04296875,0.05078125
927,-0.16015625,-1.05859375,0.03515625
928,-0.171875,-1.06640625,0.0390625
929,-0.171875,-1.06640625,0.0390625
930,-0.18359375,-1.0703125,0.04296875
931,-0.17578125,-1.08203125,0.05859375
932,-0.15234375,-1.08984375,0.0859375
933,-0.1484375,-1.08203125,0.1015625
934,-0.125,-1.08203125,0.12890625
935,-0.1171875,-1.08203125,0.15234375
936,-0.09765625,-1.0625,0.16796875
937,-0.08203125,-1.02734375,0.1953125
938,-0.0859375,-1.015625,0.19140625
939,-0.0859375,-0.98046875,0.1796875
940,-0.08984375,-0.94921875,0.19140625
941,-0.09765625,-0.94921875,0.19140625
942,-0.08203125,-0.95703125,0.19140625
943,-0.078125,-0.96875,0.19140625
944,-0.05078125,-1.0,0.1796875
945,-0.046875,-1.0078125,0.16796875
946,-0.0390625,-1.02734375,0.125
947,-0.03515625,-1.0546875,0.08203125
948,-0.00390625,-1.109375,0.046875
949,0.0078125,-1.171875,-0.015625
950,-0.00390625,-1.22265625,-0.06640625
951,-0.01953125,-1.25,-0.1484375
952,-0.046875,-1.25390625,-0.2265625
953,-0.09375,-1.26171875,-0.29296875
954,-0.13671875,-1.26171875,-0.328125
955,-0.19921875,-1.2421875,-0.36328125
956,-0.22265625,-1.23828125,-0.40625
957,-0.21875,-1.2265625,-0.42578125
958,-0.1953125,-1.2109375,-0.4453125
959,-0.14453125,-1.1875,-0.43359375
960,-0.07421875,-1.1796875,-0.421875
961,-0.046875,-1.14453125,-0.41015625
962,-0.01171875,-1.1328125,-0.4140625
963,0.0390625,-1.0859375,-0.4375
964,0.06640625,-1.0546875,-0.45703125
965,0.109375,-1.0234375,-0.47265625
966,0.15625,-1.015625,-0.4921875
967,0.1875,-1.0078125,-0.46484375
968,0.19140625,-1.00390625,-0.43359375
969,0.1875,-1.015625,-0.40234375
970,0.16796875,-1.02734375,-0.37109375
971,0.14453125,-1.03515625,-0.33203125
972,0.1171875,-1.0546875,-0.3203125
973,0.0859375,-1.08203125,-0.2890625
974,0.04296875,-1.08984375,-0.28125
975,-0.00390625,-1.1015625,-0.25
976,-0.046875,-1.1171875,-0.203125
977,-0.078125,-1.10546875,-0.20703125
978,-0.1484375,-1.0859375,-0.19140625
979,-0.171875,-1.0625,-0.15625
980,-0.203125,-1.03515625,-0.15234375
981,-0.23046875,-1.01953125,-0.13671875
982,-0.22265625,-0.984375,-0.1484375
983,-0.25,-0.94140625,-0.1875
984,-0.2578125,-0.93359375,-0.1796875
985,-0.25,-0.8984375,-0.1875
986,-0.2421875,-0.875,-0.18359375
987,-0.2421875,-0.84375,-0.1875
988,-0.22265625,-0.84375,-0.171875
989,-0.203125,-0.83984375,-0.15234375
990,-0.15625,-0.8359375,-0.14453125
991,-0.12109375,-0.8359375,-0.1171875
992,-0.0859375,-0.83984375,-0.1015625
993,-0.046875,-0.8359375,-0.10546875
994,0.0,-0.84375,-0.11328125
995,0.015625,-0.84375,-0.12109375
996,0.04296875,-0.83984375,-0.1328125
997,0.0546875,-0.83203125,-0.14453125
998,0.046875,-0.828125,-0.140625
999,0.05859375,-0.82421875,-0.12890625
1000,0.06640625,-0.8203125,-0.140625
1001,0.05859375,-0.81640625,-0.140625
1002,0.04296875,-0.8203125,-0.12109375
1003,0.02734375,-0.81640625,-0.11328125
1004,0.015625,-0.80078125,-0.11328125
1005,0.00390625,-0.8203125,-0.11328125
1006,-0.00390625,-0.828125,-0.11328125
1007,0.00390625,-0.828125,-0.11328125
1008,0.0,-0.8359375,-0.12109375
1009,0.01953125,-0.83984375,-0.1328125
1010,0.02734375,-0.859375,-0.13671875
1011,0.046875,-0.859375,-0.13671875
1012,0.0546875,-0.87890625,-0.15625
1013,0.05859375,-0.890625,-0.1484375
1014,0.0546875,-0.9140625,-0.15234375
1015,0.0546875,-0.921875,-0.16796875
1016,0.0390625,-0.93359375,-0.15625
1017,0.0234375,-0.9375,-0.1328125
1018,0.01953125,-0.9609375,-0.15234375
1019,0.0,-0.95703125,-0.140625
1020,-0.0078125,-0.95703125,-0.140625
1021,-0.015625,-0.9609375,-0.15234375
1022,-0.01953125,-0.953125,-0.1640625
1023,-0.01171875,-0.9453125,-0.16015625
1024,-0.02734375,-0.921875,-0.16015625
1025,-0.02734375,-0.9296875,-0.1484375
1026,-0.03125,-0.9296875,-0.13671875
1027,-0.02734375,-0.9375,-0.12109375
1028,-0.03515625,-0.9453125,-0.09765625
1029,-0.0390625,-0.94921875,-0.1015625
1030,-0.03125,-0.95703125,-0.10546875
1031,-0.0390625,-0.9609375,-0.08984375
1032,-0.0234375,-0.98046875,-0.08984375
1033,-0.01953125,-0.97265625,-0.078125
1034,-0.01171875,-0.98828125,-0.0859375
1035,-0.01953125,-0.9921875,-0.078125
1036,-0.00390625,-1.0,-0.078125
1037,-0.015625,-0.98828125,-0.0546875
1038,0.00390625,-0.984375,-0.05859375
1039,0.0,-0.98046875,-0.05859375
1040,-0.0078125,-0.9765625,-0.046875
1041,-0.015625,-0.9609375,-0.03515625
1042,-0.0078125,-0.9609375,-0.046875
1043,-0.01171875,-0.96484375,-0.0078125
1044,-0.00390625,-0.98046875,-0.015625
1045,0.0,-0.9921875,-0.015625
1046,0.0078125,-1.0078125,-0.02734375
1047,0.01953125,-1.015625,-0.02734375
1048,0.02734375,-1.046875,-0.0234375
1049,0.0390625,-1.0703125,-0.0234375
1050,0.03515625,-1.09765625,-0.03515625
1051,0.0390625,-1.109375,-0.03125
1052,0.0234375,-1.125,-0.0390625
1053,0.015625,-1.125,-0.03125
1054,0.01953125,-1.1328125,-0.0390625
1055,0.0,-1.140625,-0.01953125
1056,0.0,-1.13671875,0.0
1057,-0.01953125,-1.125,0.03125
1058,-0.0234375,-1.109375,0.04296875
1059,-0.01171875,-1.08984375,0.03515625
1060,0.0078125,-1.0859375,0.05078125
1061,0.01171875,-1.07421875,0.04296875
1062,0.03125,-1.05859375,0.03125
1063,0.015625,-1.03515625,0.046875
1064,0.0078125,-1.03125,0.04296875
1065,-0.015625,-1.02734375,0.05859375
1066,-0.03125,-1.0390625,0.0546875
1067,-0.046875,-1.03125,0.0390625
1068,-0.06640625,-1.0390625,-0.01171875
1069,-0.0859375,-1.05859375,-0.05078125
1070,-0.0859375,-1.07421875,-0.06640625
1071,-0.09375,-1.1015625,-0.1171875
1072,-0.09375,-1.140625,-0.16015625
1073,-0.0859375,-1.1796875,-0.18359375
1074,-0.0625,-1.2109375,-0.21484375
1075,-0.04296875,-1.265625,-0.23046875
1076,-0.03125,-1.29296875,-0.26953125
1077,0.01171875,-1.34375,-0.3125
1078,0.05078125,-1.3671875,-0.35546875
1079,0.09375,-1.3671875,-0.41796875
1080,0.1484375,-1.33203125,-0.48046875
1081,0.16015625,-1.265625,-0.5078125
1082,0.1484375,-1.1640625,-0.515625
1083,0.13671875,-1.046875,-0.515625
1084,0.12890625,-0.96484375,-0.51953125
1085,0.1328125,-0.8984375,-0.5078125
1086,0.09375,-0.82421875,-0.48828125
1087,0.08203125,-0.77734375,-0.4609375
1088,0.0703125,-0.73046875,-0.41796875
1089,0.0546875,-0.734375,-0.3828125
1090,0.046875,-0.734375,-0.3359375
1091,0.04296875,-0.75390625,-0.27734375
1092,0.05078125,-0.7734375,-0.2578125
1093,0.0546875,-0.7890625,-0.25390625
1094,0.078125,-0.8125,-0.25390625
1095,0.09765625,-0.84765625,-0.2578125
1096,0.1171875,-0.86328125,-0.2734375
1097,0.140625,-0.8984375,-0.25390625
1098,0.15625,-0.93359375,-0.25
1099,0.15625,-0.9609375,-0.2578125
1100,0.16015625,-0.98046875,-0.23828125
1101,0.171875,-0.98828125,-0.2421875
1102,0.1796875,-0.984375,-0.23828125
1103,0.16015625,-0.98046875,-0.234375
1104,0.140625,-0.9453125,-0.2421875
1105,0.1484375,-0.9375,-0.23828125
1106,0.1328125,-0.8984375,-0.2578125
1107,0.125,-0.85546875,-0.23828125
1108,0.09765625,-0.8203125,-0.2578125
1109,0.10546875,-0.80859375,-0.24609375
1110,0.078125,-0.79296875,-0.25
1111,0.04296875,-0.79296875,-0.23046875
1112,0.03515625,-0.81640625,-0.2421875
1113,0.03515625,-0.84765625,-0.2109375
1114,-0.01953125,-0.875,-0.23046875
1115,-0.046875,-0.91015625,-0.22265625
1116,-0.06640625,-0.9375,-0.21484375
1117,-0.09375,-0.94140625,-0.21875
1118,-0.1015625,-0.95703125,-0.22265625
1119,-0.078125,-0.9609375,-0.19140625
1120,-0.0703125,-0.98046875,-0.171875
1121,-0.09375,-1.0078125,-0.09375
1122,-0.07421875,-1.05078125,-0.06640625
1123,-0.08203125,-1.1015625,-0.05078125
1124,-0.08203125,-1.1171875,-0.046875
1125,-0.046875,-1.1328125,-0.0859375
1126,-0.0390625,-1.1171875,-0.125
1127,-0.03125,-1.07421875,-0.16015625
1128,0.0,-1.03515625,-0.171875
1129,0.03125,-1.02734375,-0.15625
1130,0.0546875,-1.03515625,-0.11328125
1131,0.06640625,-1.06640625,-0.08203125
1132,0.08203125,-1.08203125,-0.0546875
1133,0.0859375,-1.09765625,-0.015625
1134,0.07421875,-1.08203125,-0.00390625
1135,0.01953125,-1.0390625,0.0234375
1136,-0.03515625,-0.984375,0.03125
1137,-0.07421875,-0.9140625,0.015625
1138,-0.1171875,-0.84375,0.01953125
1139,-0.140625,-0.7890625,0.01953125
1140,-0.13671875,-0.76171875,-0.0078125
1141,-0.1328125,-0.734375,-0.0390625
1142,-0.140625,-0.703125,-0.078125
1143,-0.12890625,-0.6953125,-0.09375
1144,-0.1015625,-0.71875,-0.078125
1145,-0.04296875,-0.73828125,-0.078125
1146,0.015625,-0.76953125,-0.1015625
1147,0.0859375,-0.77734375,-0.11328125
1148,0.16796875,-0.7890625,-0.12890625
1149,0.21875,-0.8046875,-0.12890625
1150,0.234375,-0.84765625,-0.09375
1151,0.25,-0.90234375,-0.06640625
1152,0.1953125,-0.95703125,-0.0546875
1153,0.140625,-1.0078125,-0.06640625
1154,0.08984375,-1.04296875,-0.078125
1155,0.046875,-1.0546875,-0.1171875
1156,0.0078125,-1.05078125,-0.20703125
1157,0.00390625,-1.015625,-0.3125
1158,-0.00390625,-0.9765625,-0.4453125
1159,-0.02734375,-0.93359375,-0.5234375
1160,-0.0546875,-0.921875,-0.5078125
1161,-0.09765625,-0.91796875,-0.421875
1162,-0.16796875,-0.92578125,-0.296875
1163,-0.20703125,-0.9375,-0.16796875
1164,-0.2578125,-0.92578125,-0.02734375
1165,-0.28125,-0.8984375,0.0234375
1166,-0.30859375,-0.83203125,0.015625
1167,-0.328125,-0.76953125,-0.05859375
1168,-0.30859375,-0.75390625,-0.12109375
1169,-0.296875,-0.75,-0.19140625
1170,-0.25390625,-0.75390625,-0.2265625
1171,-0.21484375,-0.76953125,-0.25390625
1172,-0.16796875,-0.78125,-0.3046875
1173,-0.08203125,-0.81640625,-0.32421875
1174,0.015625,-0.828125,-0.37109375
1175,0.1328125,-0.84375,-0.453125
1176,0.1796875,-0.84765625,-0.4765625
1177,0.15234375,-0.84765625,-0.4453125
1178,0.11328125,-0.8671875,-0.37890625
1179,0.1015625,-0.87109375,-0.3203125
1180,0.125,-0.8671875,-0.34375
1181,0.16796875,-0.85546875,-0.39453125
1182,0.125,-0.83984375,-0.4609375
1183,0.0,-0.81640625,-0.45703125
1184,-0.06640625,-0.79296875,-0.4609375
1185,-0.09765625,-0.75,-0.50390625
1186,-0.08984375,-0.7109375,-0.5390625
1187,-0.09375,-0.65625,-0.51171875
1188,-0.10546875,-0.5859375,-0.40234375
1189,-0.09375,-0.54296875,-0.28125
1190,-0.0703125,-0.51953125,-0.21484375
1191,-0.046875,-0.5234375,-0.265625
1192,-0.0234375,-0.50390625,-0.3359375
1193,-0.03125,-0.48046875,-0.375
1194,0.03125,-0.48046875,-0.36328125
1195,0.0703125,-0.46484375,-0.30078125
1196,0.12890625,-0.47265625,-0.20703125
1197,0.18359375,-0.484375,-0.10546875
1198,0.20703125,-0.46875,-0.0703125
1199,0.1796875,-0.4765625,-0.05078125
1200,0.10546875,-0.42578125,-0.0390625
1201,0.03515625,-0.37109375,-0.0390625
1202,-0.03125,-0.33984375,-0.01171875
1203,-0.12890625,-0.32421875,0.015625
1204,-0.24609375,-0.3515625,0.0546875
1205,-0.3125,-0.3984375,0.109375
1206,-0.33203125,-0.48828125,0.234375
1207,-0.3125,-0.59765625,0.37109375
1208,-0.22265625,-0.73828125,0.47265625
1209,-0.1171875,-0.84765625,0.46484375
1210,-0.0234375,-0.9921875,0.34375
1211,-0.0078125,-1.07421875,0.21875
1212,-0.04296875,-1.07421875,0.0234375
1213,-0.2421875,-0.9921875,-0.2421875
1214,-0.41796875,-0.8203125,-0.79296875
1215,-0.84375,-0.6796875,-1.41796875
1216,-1.2578125,-0.515625,-1.828125
1217,-1.3359375,-0.51171875,-2.16796875
1218,-1.09765625,-0.81640625,-2.31640625
1219,-0.89453125,-1.29296875,-2.10546875
1220,-0.57421875,-1.7578125,-1.87890625
1221,-0.30078125,-2.13671875,-2.0234375
1222,-0.15625,-2.5,-1.9453125
1223,0.13671875,-2.94140625,-1.5234375
1224,0.359375,-3.29296875,-1.2109375
1225,0.52734375,-3.375,-1.20703125
1226,0.52734375,-3.11328125,-1.3984375
1227,0.4140625,-2.67578125,-1.58984375
1228,0.36328125,-2.26953125,-1.640625
1229,0.35546875,-1.9765625,-1.5703125
1230,0.2421875,-1.7265625,-1.40234375
1231,0.0859375,-1.5234375,-1.1171875
1232,-0.02734375,-1.3828125,-0.88671875
1233,-0.09765625,-1.2890625,-0.80859375
1234,-0.1875,-1.1875,-0.796875
1235,-0.2578125,-1.13671875,-0.83984375
1236,-0.28125,-1.10546875,-0.82421875
1237,-0.2890625,-1.10546875,-0.7734375
1238,-0.25,-1.15234375,-0.70703125
1239,-0.1796875,-1.2265625,-0.6484375
1240,-0.06640625,-1.3125,-0.60546875
1241,0.00390625,-1.36328125,-0.58984375
1242,0.12109375,-1.41015625,-0.6015625
1243,0.19921875,-1.4453125,-0.59765625
1244,0.27734375,-1.4609375,-0.61328125
1245,0.3203125,-1.43359375,-0.57421875
1246,0.359375,-1.3828125,-0.5625
1247,0.34375,-1.32421875,-0.515625
1248,0.30859375,-1.2890625,-0.515625
1249,0.2578125,-1.22265625,-0.4609375
1250,0.20703125,-1.171875,-0.4296875
1251,0.1640625,-1.11328125,-0.37109375
1252,0.08203125,-1.06640625,-0.3359375
1253,0.0390625,-1.0390625,-0.28125
1254,0.0,-1.015625,-0.23046875
1255,-0.046875,-1.0,-0.19140625
1256,-0.0546875,-0.98046875,-0.171875
1257,-0.07421875,-0.94921875,-0.1171875
1258,-0.08984375,-0.92578125,-0.10546875
1259,-0.078125,-0.921875,-0.10546875
1260,-0.0859375,-0.8828125,-0.1328125
1261,-0.07421875,-0.84765625,-0.16796875
1262,-0.05859375,-0.8046875,-0.16796875
1263,-0.05078125,-0.76953125,-0.19140625
1264,-0.05078125,-0.74609375,-0.17578125
1265,-0.0390625,-0.7109375,-0.15234375
1266,-0.02734375,-0.65234375,-0.15234375
1267,-0.015625,-0.58203125,-0.13671875
1268,0.02734375,-0.546875,-0.12890625
1269,0.0546875,-0.51171875,-0.12109375
1270,0.0390625,-0.453125,-0.109375
1271,0.10546875,-0.44140625,-0.09765625
1272,0.12890625,-0.41796875,-0.0625
1273,0.125,-0.39453125,-0.05859375
1274,0.09765625,-0.37890625,-0.01953125
1275,0.05859375,-0.3515625,0.00390625
1276,0.015625,-0.33203125,0.0078125
1277,-0.0234375,-0.29296875,-0.015625
1278,-0.06640625,-0.2421875,-0.0703125
1279,-0.1015625,-0.21484375,-0.12890625
1280,-0.17578125,-0.171875,-0.21484375
1281,-0.2265625,-0.11328125,-0.28125
1282,-0.25,-0.11328125,-0.34375
1283,-0.2578125,-0.13671875,-0.375
1284,-0.25390625,-0.1796875,-0.359375
1285,-0.2265625,-0.234375,-0.2890625
1286,-0.20703125,-0.28515625,-0.21875
1287,-0.2109375,-0.3203125,-0.15625
1288,-0.1875,-0.36328125,-0.06640625
1289,-0.17578125,-0.37109375,-0.00390625
1290,-0.1328125,-0.359375,0.04296875
1291,-0.09765625,-0.3046875,0.0703125
1292,-0.046875,-0.2578125,0.0546875
1293,-0.03125,-0.16796875,0.015625
1294,-0.0390625,-0.05859375,-0.06640625
1295,-0.04296875,0.01953125,-0.1015625
1296,-0.0078125,0.1171875,-0.2265625
1297,0.0234375,0.234375,-0.4921875
1298,0.0546875,0.359375,-0.79296875
1299,0.3203125,0.37890625,-1.10546875
1300,0.6953125,0.31640625,-1.5
1301,0.9375,0.234375,-1.91015625
1302,0.98046875,0.0546875,-2.1640625
1303,0.7890625,-0.1953125,-2.09765625
1304,0.33984375,-0.76171875,-1.484375
1305,0.08203125,-1.58203125,-0.59375
1306,-0.0859375,-2.51953125,0.1015625
1307,-0.23828125,-3.28125,0.13671875
1308,-0.3046875,-3.64453125,-0.23828125
1309,-0.51953125,-3.625,-0.5859375
1310,-0.75,-3.44140625,-0.83984375
1311,-0.9453125,-3.0078125,-1.046875
1312,-0.92578125,-2.5234375,-1.05078125
1313,-0.83203125,-2.12890625,-0.9609375
1314,-0.69921875,-1.87890625,-0.8359375
1315,-0.55078125,-1.703125,-0.73046875
1316,-0.4140625,-1.57421875,-0.66796875
1317,-0.24609375,-1.453125,-0.671875
1318,-0.08984375,-1.3671875,-0.69140625
1319,0.12109375,-1.30078125,-0.6796875
1320,0.296875,-1.25,-0.625
1321,0.44140625,-1.2421875,-0.54296875
1322,0.53125,-1.2578125,-0.47265625
1323,0.6328125,-1.30859375,-0.50390625
1324,0.5390625,-1.3671875,-0.421875
1325,0.5078125,-1.50390625,-0.4296875
1326,0.40625,-1.53125,-0.390625
1327,0.34375,-1.59765625,-0.36328125
1328,0.32421875,-1.6796875,-0.29296875
1329,0.28515625,-1.671875,-0.29296875
1330,0.21875,-1.70703125,-0.2734375
1331,0.1796875,-1.69140625,-0.24609375
1332,0.14453125,-1.609375,-0.22265625
1333,0.109375,-1.5234375,-0.21484375
1334,0.1171875,-1.4765625,-0.18359375
1335,0.05078125,-1.28125,-0.19921875
1336,0.0234375,-1.15234375,-0.1484375
1337,0.01953125,-0.9921875,-0.13671875
1338,0.00390625,-0.83203125,-0.1171875
1339,-0.01953125,-0.6796875,-0.109375
1340,-0.03125,-0.51953125,-0.09765625
1341,-0.01171875,-0.40234375,-0.08984375
1342,-0.01171875,-0.3203125,-0.09375
1343,-0.0078125,-0.23828125,-0.08984375
1344,-0.0078125,-0.17578125,-0.09765625
1345,-0.01953125,-0.15234375,-0.09765625
1346,-0.01171875,-0.15625,-0.08984375
1347,-0.01171875,-0.17578125,-0.08203125
1348,0.0078125,-0.203125,-0.07421875
1349,0.015625,-0.22265625,-0.07421875
1350,0.015625,-0.2578125,-0.0859375
1351,0.015625,-0.296875,-0.06640625
1352,0.01171875,-0.3359375,-0.078125
1353,-0.015625,-0.39453125,-0.09765625
1354,-0.01171875,-0.43359375,-0.09375
1355,-0.0234375,-0.43359375,-0.08984375
1356,-0.02734375,-0.43359375,-0.1015625
1357,-0.03125,-0.46875,-0.1171875
1358,-0.0703125,-0.48046875,-0.12890625
1359,-0.11328125,-0.48046875,-0.09765625
1360,-0.15234375,-0.47265625,-0.0390625
1361,-0.1640625,-0.4375,-0.015625
1362,-0.171875,-0.38671875,0.01171875
1363,-0.16796875,-0.296875,-0.0234375
1364,-0.14453125,-0.25,-0.0625
1365,-0.14453125,-0.1953125,-0.08203125
1366,-0.15625,-0.12890625,-0.1328125
1367,-0.171875,-0.07421875,-0.140625
1368,-0.1953125,-0.05859375,-0.18359375
1369,-0.203125,-0.046875,-0.1796875
1370,-0.19140625,-0.09375,-0.203125
1371,-0.19921875,-0.16015625,-0.19921875
1372,-0.17578125,-0.234375,-0.21484375
1373,-0.18359375,-0.3046875,-0.21484375
1374,-0.19140625,-0.3984375,-0.234375
1375,-0.21484375,-0.51171875,-0.24609375
1376,-0.2265625,-0.62109375,-0.27734375
1377,-0.29296875,-0.77734375,-0.3125
1378,-0.4609375,-0.9921875,-0.27734375
1379,-0.55078125,-1.25390625,-0.296875
1380,-0.62890625,-1.41015625,-0.484375
1381,-0.46875,-1.53125,-1.078125
1382,-0.03515625,-1.6953125,-1.6875
1383,0.3125,-2.0,-1.734375
1384,0.51171875,-2.41015625,-1.13671875
1385,0.52734375,-2.7578125,-0.48046875
1386,0.4296875,-2.8984375,-0.328125
1387,0.42578125,-2.82421875,-0.5390625
1388,0.46875,-2.6875,-0.6484375
1389,0.453125,-2.44140625,-0.71484375
1390,0.35546875,-2.21484375,-0.67578125
1391,0.1953125,-1.98046875,-0.5625
1392,-0.02734375,-1.75,-0.46484375
1393,-0.23828125,-1.546875,-0.41796875
1394,-0.40625,-1.375,-0.36328125
1395,-0.5078125,-1.2421875,-0.36328125
1396,-0.56640625,-1.15234375,-0.3828125
1397,-0.62109375,-1.078125,-0.3984375
1398,-0.65234375,-1.06640625,-0.33984375
1399,-0.65234375,-1.08984375,-0.28125
1400,-0.59765625,-1.14453125,-0.2265625
1401,-0.515625,-1.20703125,-0.15234375
1402,-0.40234375,-1.24609375,-0.09765625
1403,-0.2890625,-1.265625,-0.0859375
1404,-0.203125,-1.265625,-0.08203125
1405,-0.09765625,-1.2421875,-0.09765625
1406,-0.02734375,-1.1953125,-0.16015625
1407,0.04296875,-1.125,-0.22265625
1408,0.109375,-1.0625,-0.2734375
1409,0.16015625,-1.0,-0.30859375
1410,0.17578125,-0.89453125,-0.3046875
1411,0.19140625,-0.79296875,-0.3046875
1412,0.18359375,-0.703125,-0.30078125
1413,0.16015625,-0.59375,-0.28125
1414,0.11328125,-0.48828125,-0.33203125
1415,0.06640625,-0.390625,-0.33203125
1416,0.0234375,-0.33203125,-0.34765625
1417,0.00390625,-0.30078125,-0.33984375
1418,-0.01953125,-0.31640625,-0.3125
1419,-0.02734375,-0.3359375,-0.3046875
1420,-0.05078125,-0.40625,-0.26953125
1421,-0.0703125,-0.47265625,-0.25
1422,-0.08203125,-0.5703125,-0.22265625
1423,-0.08984375,-0.6328125,-0.2109375
1424,-0.08203125,-0.7265625,-0.1875
1425,-0.08203125,-0.76171875,-0.171875
1426,-0.0625,-0.796875,-0.1796875
1427,-0.04296875,-0.81640625,-0.16796875
1428,-0.03125,-0.828125,-0.16796875
1429,-0.0234375,-0.83203125,-0.1796875
1430,-0.01953125,-0.81640625,-0.17578125
1431,0.0,-0.7890625,-0.15625
1432,0.00390625,-0.76171875,-0.1640625
1433,0.015625,-0.7421875,-0.140625
1434,0.02734375,-0.734375,-0.11328125
1435,0.01953125,-0.73828125,-0.1015625
1436,0.01953125,-0.73046875,-0.09375
1437,0.015625,-0.73828125,-0.0703125
1438,0.01171875,-0.7578125,-0.0703125
1439,0.01171875,-0.77734375,-0.03125
1440,-0.00390625,-0.79296875,-0.02734375
1441,-0.00390625,-0.80078125,0.00390625
1442,-0.01171875,-0.83984375,0.00390625
1443,-0.01953125,-0.85546875,0.01171875
1444,-0.03515625,-0.8671875,0.015625
1445,-0.0390625,-0.890625,0.03515625
1446,-0.03125,-0.890625,0.0390625
1447,-0.0390625,-0.890625,0.03125
1448,0.0,-0.90625,0.0234375
1449,0.02734375,-0.8984375,0.046875
1450,0.04296875,-0.90234375,0.046875
1451,0.0625,-0.8828125,0.046875
1452,0.1015625,-0.8828125,0.078125
1453,0.1171875,-0.8671875,0.08984375
1454,0.12890625,-0.890625,0.08984375
1455,0.15625,-0.89453125,0.0859375
1456,0.16796875,-0.921875,0.07421875
1457,0.16015625,-0.93359375,0.0703125
1458,0.16015625,-0.9453125,0.0703125
1459,0.171875,-0.95703125,0.046875
1460,0.1640625,-1.00390625,0.0703125
1461,0.15625,-1.0390625,0.0625
1462,0.14453125,-1.06640625,0.08203125
1463,0.13671875,-1.09375,0.09375
1464,0.12109375,-1.1171875,0.11328125
1465,0.1171875,-1.125,0.11328125
1466,0.09375,-1.125,0.125
1467,0.0546875,-1.08984375,0.13671875
1468,0.01953125,-1.04296875,0.15625
1469,-0.01953125,-1.0078125,0.1328125
1470,-0.04296875,-0.94921875,0.12890625
1471,-0.05859375,-0.921875,0.109375
1472,-0.08984375,-0.875,0.08984375
1473,-0.109375,-0.84375,0.0703125
1474,-0.11328125,-0.8359375,0.03515625
1475,-0.1328125,-0.83984375,-0.00390625
1476,-0.12890625,-0.88671875,-0.07421875
1477,-0.04296875,-1.015625,-0.1171875
1478,0.12109375,-1.2421875,-0.17578125
1479,0.30859375,-1.5,-0.3359375
1480,0.46484375,-1.6875,-0.6796875
1481,0.51953125,-1.7421875,-1.02734375
1482,0.44921875,-1.74609375,-1.36328125
1483,0.3125,-1.78125,-1.3515625
1484,0.18359375,-1.87890625,-1.09375
1485,0.01171875,-1.95703125,-0.80078125
1486,-0.12890625,-1.96875,-0.6015625
1487,-0.203125,-1.90625,-0.47265625
1488,-0.28515625,-1.73828125,-0.4375
1489,-0.3046875,-1.5546875,-0.46875
1490,-0.30859375,-1.3046875,-0.51953125
1491,-0.3203125,-1.07421875,-0.5625
1492,-0.31640625,-0.88671875,-0.578125
1493,-0.28125,-0.7578125,-0.55078125
1494,-0.22265625,-0.6953125,-0.51171875
1495,-0.11328125,-0.6796875,-0.453125
1496,-0.03125,-0.703125,-0.40625
1497,0.02734375,-0.71875,-0.36328125
1498,0.10546875,-0.76171875,-0.33203125
1499,0.1640625,-0.76953125,-0.3046875
1500,0.203125,-0.8046875,-0.29296875
1501,0.24609375,-0.83203125,-0.27734375
1502,0.2890625,-0.8515625,-0.26171875
1503,0.32421875,-0.88671875,-0.2421875
1504,0.33203125,-0.91796875,-0.2265625
1505,0.328125,-0.94140625,-0.21875
1506,0.28515625,-0.98046875,-0.203125
1507,0.2265625,-0.9765625,-0.17578125
1508,0.171875,-0.98828125,-0.19140625
1509,0.12890625,-0.984375,-0.18359375
1510,0.0859375,-0.96484375,-0.20703125
1511,0.0390625,-0.93359375,-0.22265625
1512,-0.00390625,-0.890625,-0.234375
1513,-0.0390625,-0.83984375,-0.2578125
1514,-0.05859375,-0.80859375,-0.26953125
1515,-0.109375,-0.76953125,-0.2734375
1516,-0.140625,-0.74609375,-0.2578125
1517,-0.1328125,-0.73046875,-0.26171875
1518,-0.140625,-0.7265625,-0.24609375
1519,-0.125,-0.734375,-0.22265625
1520,-0.1015625,-0.7421875,-0.21484375
1521,-0.0546875,-0.76171875,-0.203125
1522,-0.0390625,-0.78125,-0.18359375
1523,-0.00390625,-0.796875,-0.18359375
1524,0.015625,-0.82421875,-0.1640625
1525,0.046875,-0.84765625,-0.16015625
1526,0.05078125,-0.859375,-0.17578125
1527,0.06640625,-0.90625,-0.16796875
1528,0.078125,-0.90234375,-0.1875
1529,0.06640625,-0.9140625,-0.20703125
1530,0.078125,-0.921875,-0.21875
1531,0.06640625,-0.9296875,-0.2109375
1532,0.04296875,-0.953125,-0.20703125
1533,0.0078125,-0.96484375,-0.1953125
1534,-0.01953125,-0.9765625,-0.18359375
1535,-0.04296875,-0.98828125,-0.1640625
1536,-0.0546875,-0.98046875,-0.18359375
1537,-0.07421875,-0.99609375,-0.1484375
1538,-0.11328125,-0.984375,-0.140625
1539,-0.12109375,-0.98828125,-0.13671875
1540,-0.13671875,-0.98046875,-0.12890625
1541,-0.16015625,-0.984375,-0.1171875
1542,-0.171875,-0.9765625,-0.109375
1543,-0.171875,-0.96484375,-0.09765625
1544,-0.171875,-0.96484375,-0.08984375
1545,-0.171875,-0.9765625,-0.0859375
1546,-0.1796875,-0.98046875,-0.05078125
1547,-0.15625,-1.0,-0.06640625
1548,-0.14453125,-1.015625,-0.046875
1549,-0.14453125,-1.02734375,-0.04296875
1550,-0.1328125,-1.05078125,-0.02734375
1551,-0.1328125,-1.03515625,-0.03515625
1552,-0.11328125,-1.0390625,-0.01953125
1553,-0.1171875,-1.0390625,-0.03125
1554,-0.11328125,-1.03515625,-0.0078125
1555,-0.1171875,-1.02734375,-0.0078125
1556,-0.1015625,-1.0078125,-0.00390625
1557,-0.12109375,-0.984375,-0.0078125
1558,-0.12890625,-0.96875,0.00390625
1559,-0.13671875,-0.953125,0.01171875
1560,-0.11328125,-0.9453125,0.00390625
1561,-0.109375,-0.921875,0.0234375
1562,-0.10546875,-0.91015625,0.0234375
1563,-0.1015625,-0.8984375,0.0390625
1564,-0.08984375,-0.8828125,0.04296875
1565,-0.0703125,-0.87109375,0.03515625
1566,-0.08984375,-0.859375,0.046875
1567,-0.078125,-0.87890625,0.0390625
1568,-0.09375,-0.86328125,0.03125
1569,-0.09765625,-0.87890625,0.01953125
1570,-0.11328125,-0.89453125,0.0234375
1571,-0.109375,-0.91796875,-0.0078125
1572,-0.109375,-0.92578125,-0.0078125
1573,-0.10546875,-0.9609375,0.01171875
1574,-0.11328125,-0.98828125,0.03125
1575,-0.11328125,-1.0078125,0.02734375
1576,-0.1171875,-1.015625,0.0390625
1577,-0.109375,-1.01953125,0.05859375
1578,-0.11328125,-1.01953125,0.0625
1579,-0.1015625,-1.00390625,0.06640625
1580,-0.09375,-0.984375,0.0859375
1581,-0.08984375,-0.9609375,0.09375
1582,-0.09375,-0.9375,0.08984375
1583,-0.08984375,-0.91015625,0.11328125
1584,-0.08203125,-0.90234375,0.12890625
1585,-0.08203125,-0.87890625,0.12890625
1586,-0.07421875,-0.87109375,0.140625
1587,-0.05078125,-0.86328125,0.14453125
1588,-0.0546875,-0.83984375,0.1640625
1589,-0.046875,-0.84765625,0.171875
1590,-0.04296875,-0.85546875,0.203125
1591,-0.01953125,-0.85546875,0.22265625
1592,-0.01171875,-0.87109375,0.23828125
1593,-0.00390625,-0.8984375,0.27734375
1594,-0.01171875,-0.9375,0.28125
1595,-0.01953125,-0.96484375,0.27734375
1596,-0.04296875,-1.01171875,0.25
1597,-0.109375,-1.0703125,0.18359375
1598,-0.1796875,-1.1484375,0.13671875
1599,-0.296875,-1.23828125,0.03515625
1600,-0.375,-1.3125,-0.1875
1601,-0.37890625,-1.390625,-0.41796875
1602,-0.33203125,-1.48046875,-0.6484375
1603,-0.28515625,-1.58203125,-0.74609375
1604,-0.24609375,-1.72265625,-0.71484375
1605,-0.2734375,-1.81640625,-0.546875
1606,-0.25390625,-1.83984375,-0.4140625
1607,-0.203125,-1.8046875,-0.296875
1608,-0.10546875,-1.6953125,-0.26171875
1609,-0.0078125,-1.515625,-0.3125
1610,0.1015625,-1.3125,-0.40234375
1611,0.20703125,-1.109375,-0.47265625
1612,0.30078125,-0.91796875,-0.53515625
1613,0.35546875,-0.7578125,-0.5703125
1614,0.37109375,-0.66015625,-0.55859375
1615,0.3359375,-0.58984375,-0.53125
1616,0.28125,-0.6015625,-0.4609375
1617,0.19140625,-0.66796875,-0.38671875
1618,0.109375,-0.7578125,-0.33203125
1619,0.0,-0.84375,-0.28125
1620,-0.07421875,-0.94140625,-0.26171875
1621,-0.12890625,-1.0078125,-0.2421875
1622,-0.2109375,-1.06640625,-0.234375
1623,-0.265625,-1.10546875,-0.24609375
1624,-0.296875,-1.1484375,-0.2578125
1625,-0.31640625,-1.15625,-0.23046875
1626,-0.31640625,-1.15625,-0.2109375
1627,-0.3046875,-1.1484375,-0.1953125
1628,-0.2890625,-1.11328125,-0.18359375
1629,-0.2421875,-1.078125,-0.17578125
1630,-0.19140625,-1.01953125,-0.171875
1631,-0.12890625,-0.9609375,-0.16796875
1632,-0.06640625,-0.890625,-0.16015625
1633,-0.03125,-0.8203125,-0.16796875
1634,-0.00390625,-0.765625,-0.17578125
1635,0.01953125,-0.7265625,-0.1640625
1636,0.03125,-0.6953125,-0.15625
1637,0.04296875,-0.68359375,-0.16015625
1638,0.0546875,-0.6875,-0.15234375
1639,0.06640625,-0.70703125,-0.15625
1640,0.0703125,-0.74609375,-0.1640625
1641,0.0546875,-0.77734375,-0.16015625
1642,0.046875,-0.81640625,-0.16796875
1643,0.0390625,-0.87890625,-0.16796875
1644,0.0390625,-0.921875,-0.16796875
1645,0.02734375,-0.9609375,-0.171875
1646,0.0078125,-0.98046875,-0.1796875
1647,0.00390625,-1.01171875,-0.1640625
1648,0.00390625,-1.01953125,-0.1640625
1649,-0.00390625,-1.015625,-0.1640625
1650,-0.01171875,-1.03125,-0.1640625
1651,-0.00390625,-1.01953125,-0.16015625
1652,0.00390625,-1.0078125,-0.16015625
1653,0.0078125,-1.01171875,-0.14453125
1654,0.0234375,-1.0078125,-0.140625
1655,0.03515625,-0.984375,-0.140625
1656,0.05859375,-0.97265625,-0.1328125
1657,0.078125,-0.98046875,-0.125
1658,0.09375,-0.9609375,-0.12109375
1659,0.12109375,-0.95703125,-0.14453125
1660,0.1328125,-0.93359375,-0.140625
1661,0.13671875,-0.921875,-0.140625
1662,0.140625,-0.92578125,-0.13671875
1663,0.15625,-0.9140625,-0.15234375
1664,0.1484375,-0.921875,-0.12890625
1665,0.1640625,-0.91015625,-0.12109375
1666,0.1640625,-0.91015625,-0.11328125
1667,0.14453125,-0.90625,-0.09765625
1668,0.1328125,-0.92578125,-0.1171875
1669,0.12890625,-0.921875,-0.109375
1670,0.09375,-0.921875,-0.08203125
1671,0.07421875,-0.92578125,-0.09765625
1672,0.0625,-0.9453125,-0.08984375
1673,0.04296875,-0.95703125,-0.05859375
1674,0.03125,-0.96875,-0.08203125
1675,0.01953125,-0.9609375,-0.06640625
1676,0.0078125,-0.9765625,-0.0703125
1677,0.0078125,-0.98046875,-0.0859375
1678,0.0078125,-0.96484375,-0.07421875
1679,-0.00390625,-0.9765625,-0.06640625
1680,0.0078125,-0.9765625,-0.0625
1681,0.0,-0.953125,-0.05859375
1682,-0.00390625,-0.953125,-0.08984375
1683,0.00390625,-0.95703125,-0.05078125
1684,-0.0078125,-0.9453125,-0.05078125
1685,0.0,-0.9609375,-0.03515625
1686,-0.00390625,-0.94921875,-0.0390625
1687,-0.0078125,-0.9453125,-0.02734375
1688,-0.0078125,-0.94921875,-0.03515625
1689,-0.01171875,-0.9453125,-0.03515625
1690,-0.01171875,-0.94140625,-0.0390625
1691,-0.01171875,-0.9453125,-0.0390625
1692,-0.01171875,-0.9453125,-0.03515625
1693,0.0,-0.953125,-0.0390625
1694,0.015625,-0.96875,-0.03125
1695,0.01171875,-0.9765625,-0.02734375
1696,0.01953125,-0.98828125,-0.02734375
1697,0.02734375,-1.0078125,-0.00390625
1698,0.05078125,-1.01953125,-0.03125
1699,0.04296875,-1.02734375,-0.02734375
1700,0.05859375,-1.03515625,-0.04296875
1701,0.05078125,-1.03125,-0.0546875
1702,0.05859375,-1.03125,-0.0390625
1703,0.0703125,-1.0390625,-0.02734375
1704,0.0546875,-1.03125,-0.02734375
1705,0.0625,-1.03515625,-0.04296875
1706,0.04296875,-1.0390625,-0.03125
1707,0.0546875,-1.03125,-0.01171875
1708,0.046875,-1.04296875,0.00390625
1709,0.03125,-1.04296875,0.01953125
1710,0.02734375,-1.04296875,0.03515625
1711,0.015625,-1.05078125,0.04296875
1712,0.0078125,-1.0625,0.05859375
1713,0.00390625,-1.05859375,0.0703125
1714,-0.0078125,-1.046875,0.078125
1715,-0.01953125,-1.04296875,0.08203125
1716,-0.03125,-1.0234375,0.09765625
1717,-0.0390625,-1.015625,0.10546875
1718,-0.0390625,-1.01171875,0.10546875
1719,-0.04296875,-1.0078125,0.12109375
1720,-0.0625,-1.00390625,0.09765625
1721,-0.08984375,-1.02734375,0.09765625
1722,-0.1015625,-1.04296875,0.1015625
1723,-0.12890625,-1.09765625,0.0625
1724,-0.12890625,-1.16796875,0.01953125
1725,-0.11328125,-1.25390625,-0.06640625
1726,-0.07421875,-1.31640625,-0.1953125
1727,-0.03125,-1.37109375,-0.328125
1728,0.02734375,-1.44921875,-0.4453125
1729,0.109375,-1.5078125,-0.515625
1730,0.17578125,-1.5390625,-0.55078125
1731,0.23046875,-1.55859375,-0.578125
1732,0.25390625,-1.5234375,-0.5625
1733,0.265625,-1.4609375,-0.55078125
1734,0.25,-1.33984375,-0.515625
1735,0.21875,-1.22265625,-0.48828125
1736,0.1796875,-1.109375,-0.4765625
1737,0.12890625,-0.98828125,-0.46484375
1738,0.078125,-0.921875,-0.421875
1739,0.015625,-0.8125,-0.40625
1740,-0.0390625,-0.7421875,-0.3984375
1741,-0.09375,-0.69140625,-0.390625
1742,-0.15234375,-0.63671875,-0.39453125
1743,-0.19140625,-0.609375,-0.39453125
1744,-0.21484375,-0.62109375,-0.38671875
1745,-0.24609375,-0.65234375,-0.34765625
1746,-0.234375,-0.68359375,-0.3359375
1747,-0.2109375,-0.75,-0.32421875
1748,-0.17578125,-0.80859375,-0.2734375
1749,-0.1171875,-0.875,-0.25
1750,-0.0625,-0.92578125,-0.25
1751,-0.02734375,-0.9765625,-0.23046875
1752,0.0078125,-0.99609375,-0.21875
1753,0.046875,-1.015625,-0.21875
1754,0.078125,-1.01171875,-0.2265625
1755,0.09765625,-1.0078125,-0.21875
1756,0.1171875,-0.98828125,-0.23828125
1757,0.13671875,-0.953125,-0.25
1758,0.140625,-0.91015625,-0.26171875
1759,0.15625,-0.8828125,-0.265625
1760,0.16015625,-0.8515625,-0.2734375
1761,0.1640625,-0.8359375,-0.26171875
1762,0.16015625,-0.84375,-0.2734375
1763,0.14453125,-0.87109375,-0.28125
1764,0.14453125,-0.890625,-0.25
1765,0.11328125,-0.91796875,-0.25
1766,0.09375,-0.953125,-0.234375
1767,0.0625,-0.984375,-0.22265625
1768,0.046875,-1.01171875,-0.21875
1769,0.0390625,-1.01953125,-0.21875
1770,0.015625,-1.03515625,-0.1953125
1771,0.0078125,-1.04296875,-0.20703125
1772,0.0,-1.04296875,-0.1953125
1773,0.00390625,-1.03515625,-0.19140625
1774,0.0078125,-1.01953125,-0.1953125
1775,0.01953125,-1.015625,-0.19140625
1776,0.02734375,-1.0078125,-0.19140625
1777,0.01171875,-0.98828125,-0.19140625
1778,0.00390625,-0.98046875,-0.16796875
1779,-0.00390625,-0.9609375,-0.16796875
1780,0.00390625,-0.9375,-0.16015625
1781,-0.015625,-0.921875,-0.17578125
1782,-0.015625,-0.8984375,-0.17578125
1783,-0.0234375,-0.8984375,-0.15234375
1784,-0.0390625,-0.875,-0.1640625
1785,-0.04296875,-0.87109375,-0.16015625
1786,-0.05859375,-0.87109375,-0.140625
1787,-0.09375,-0.8671875,-0.13671875
1788,-0.1015625,-0.87890625,-0.1484375
1789,-0.125,-0.88671875,-0.15234375
1790,-0.1328125,-0.890625,-0.13671875
1791,-0.140625,-0.90234375,-0.12890625
1792,-0.1484375,-0.9140625,-0.125
1793,-0.15625,-0.921875,-0.1328125
1794,-0.18359375,-0.9375,-0.1328125
1795,-0.19140625,-0.94140625,-0.125
1796,-0.18359375,-0.95703125,-0.11328125
1797,-0.16796875,-0.96875,-0.0859375
1798,-0.15625,-0.9765625,-0.078125
1799,-0.12890625,-0.984375,-0.0703125
1800,-0.1328125,-0.98828125,-0.08203125
1801,-0.109375,-0.984375,-0.08203125
1802,-0.09375,-0.98046875,-0.03515625
1803,-0.078125,-0.9765625,-0.0390625
1804,-0.05859375,-0.97265625,-0.02734375
1805,-0.046875,-0.95703125,-0.03515625
1806,-0.0546875,-0.9609375,-0.03515625
1807,-0.05078125,-0.9453125,-0.02734375
1808,-0.05078125,-0.9453125,-0.00390625
1809,-0.05078125,-0.93359375,-0.00390625
1810,-0.04296875,-0.9375,0.0078125
1811,-0.046875,-0.91796875,0.0
1812,-0.04296875,-0.91796875,0.01171875
1813,-0.05859375,-0.91015625,0.01171875
1814,-0.05078125,-0.9140625,0.0234375
1815,-0.0546875,-0.91015625,0.03515625
1816,-0.046875,-0.921875,0.04296875
1817,-0.04296875,-0.9375,0.05859375
1818,-0.0546875,-0.9296875,0.05859375
1819,-0.0703125,-0.94140625,0.07421875
1820,-0.08203125,-0.953125,0.09765625
1821,-0.08984375,-0.94921875,0.10546875
1822,-0.10546875,-0.953125,0.10546875
1823,-0.1171875,-0.95703125,0.109375
1824,-0.1484375,-0.9609375,0.0859375
1825,-0.15234375,-0.96484375,0.0859375
1826,-0.15234375,-0.96875,0.0859375
1827,-0.1640625,-0.96484375,0.0546875
1828,-0.1484375,-0.96484375,0.0546875
1829,-0.14453125,-0.98046875,0.0546875
1830,-0.13671875,-0.9921875,0.05859375
1831,-0.1171875,-1.015625,0.0703125
1832,-0.1015625,-1.01953125,0.078125
1833,-0.10546875,-1.0390625,0.08203125
1834,-0.07421875,-1.0703125,0.08203125
1835,-0.05859375,-1.0859375,0.09765625
1836,-0.0546875,-1.1171875,0.10546875
1837,-0.0546875,-1.12890625,0.125
1838,-0.03515625,-1.14453125,0.1328125
1839,-0.01953125,-1.15234375,0.125
1840,-0.015625,-1.171875,0.140625
1841,-0.0078125,-1.1796875,0.12109375
1842,-0.0390625,-1.21484375,0.1171875
1843,-0.05078125,-1.23828125,0.09765625
1844,-0.078125,-1.2734375,0.03125
1845,-0.09375,-1.3125,-0.07421875
1846,-0.08984375,-1.33984375,-0.1796875
1847,-0.08203125,-1.359375,-0.2421875
1848,-0.09765625,-1.40625,-0.3046875
1849,-0.09375,-1.44140625,-0.2890625
1850,-0.07421875,-1.484375,-0.2265625
1851,-0.05859375,-1.50390625,-0.171875
1852,-0.0390625,-1.48828125,-0.1484375
1853,-0.015625,-1.42578125,-0.171875
1854,0.01953125,-1.359375,-0.1953125
1855,0.05078125,-1.2734375,-0.25
1856,0.0859375,-1.140625,-0.32421875
1857,0.109375,-1.01171875,-0.41796875
1858,0.1328125,-0.859375,-0.48046875
1859,0.12109375,-0.7421875,-0.52734375
1860,0.11328125,-0.65625,-0.53515625
1861,0.08203125,-0.61328125,-0.49609375
1862,0.0390625,-0.60546875,-0.47265625
1863,0.03515625,-0.62109375,-0.4140625
1864,0.00390625,-0.6640625,-0.3828125
1865,-0.03125,-0.6953125,-0.34375
1866,-0.046875,-0.73828125,-0.3203125
1867,-0.08203125,-0.77734375,-0.30859375
1868,-0.09765625,-0.828125,-0.29296875
1869,-0.1171875,-0.875,-0.28515625
1870,-0.1328125,-0.9140625,-0.2578125
1871,-0.1328125,-0.96484375,-0.265625
1872,-0.1328125,-0.9921875,-0.2578125
1873,-0.14453125,-1.0234375,-0.2265625
1874,-0.14453125,-1.0546875,-0.21875
1875,-0.12109375,-1.078125,-0.20703125
1876,-0.10546875,-1.078125,-0.19140625
1877,-0.08984375,-1.07421875,-0.17578125
1878,-0.078125,-1.046875,-0.17578125
1879,-0.07421875,-1.03515625,-0.13671875
1880,-0.06640625,-0.99609375,-0.140625
1881,-0.05078125,-0.9609375,-0.1171875
1882,-0.046875,-0.92578125,-0.125
1883,-0.04296875,-0.90234375,-0.14453125
1884,-0.046875,-0.88671875,-0.12890625
1885,-0.03125,-0.87109375,-0.15234375
1886,-0.01953125,-0.8671875,-0.1484375
1887,0.00390625,-0.86328125,-0.14453125
1888,0.01953125,-0.87109375,-0.140625
1889,0.05078125,-0.86328125,-0.140625
1890,0.0625,-0.890625,-0.1171875
1891,0.078125,-0.8984375,-0.1015625
1892,0.078125,-0.90234375,-0.08984375
1893,0.08203125,-0.921875,-0.07421875
1894,0.07421875,-0.93359375,-0.06640625
1895,0.0703125,-0.95703125,-0.046875
1896,0.05078125,-0.97265625,-0.04296875
1897,0.05859375,-0.98046875,-0.04296875
1898,0.046875,-0.99609375,-0.0390625
1899,0.0390625,-1.0,-0.03125
1900,0.046875,-1.01171875,-0.01953125
1901,0.04296875,-1.00390625,-0.01953125
1902,0.0625,-1.015625,-0.02734375
1903,0.05859375,-1.0078125,-0.0390625
1904,0.046875,-1.00390625,-0.01953125
1905,0.0546875,-0.98828125,-0.0390625
1906,0.05859375,-0.97265625,-0.0546875
1907,0.05859375,-0.9609375,-0.11328125
1908,0.015625,-0.9765625,-0.0625
1909,0.03515625,-0.953125,-0.0625
1910,0.02734375,-0.93359375,-0.0390625
1911,0.0390625,-0.9453125,-0.05859375
1912,0.0390625,-0.93359375,-0.0625
1913,0.12890625,-0.91015625,-0.09375
1914,0.0625,-0.90625,-0.0703125
1915,0.05859375,-0.90234375,-0.078125
1916,0.0546875,-0.8984375,-0.0859375
1917,0.0546875,-0.89453125,-0.0859375
1918,0.06640625,-0.9140625,-0.03125
1919,0.03515625,-0.88671875,-0.046875
1920,0.0390625,-0.890625,-0.03515625
1921,0.0390625,-0.890625,-0.04296875
1922,0.04296875,-0.90234375,-0.01953125
1923,0.04296875,-0.90234375,-0.01171875
1924,0.046875,-0.91015625,-0.01171875
1925,0.0546875,-0.91015625,-0.01953125
1926,0.05078125,-0.91015625,-0.00390625
1927,0.03515625,-0.90625,-0.01171875
1928,0.04296875,-0.91015625,0.00390625
1929,0.046875,-0.90625,0.01171875
1930,0.0625,-0.9140625,0.0078125
1931,0.0546875,-0.9140625,0.0078125
1932,0.0546875,-0.91796875,0.01171875
1933,0.05078125,-0.91015625,0.015625
1934,0.05859375,-0.93359375,0.02734375
1935,0.04296875,-0.93359375,0.03515625
1936,0.03125,-0.9453125,0.0390625
1937,0.0390625,-0.95703125,0.03125
1938,0.03515625,-0.96875,0.0390625
1939,0.015625,-0.97265625,0.03125
1940,0.0234375,-0.98046875,0.03125
1941,0.015625,-0.9921875,0.01953125
1942,0.02734375,-1.0078125,0.0078125
1943,0.01953125,-1.015625,0.01953125
1944,0.01953125,-1.01953125,0.03515625
1945,0.02734375,-1.04296875,0.02734375
1946,0.0234375,-1.0625,0.03515625
1947,0.02734375,-1.07421875,0.046875
1948,0.03515625,-1.09765625,0.046875
1949,0.0390625,-1.11328125,0.0390625
1950,0.05078125,-1.13671875,0.03125
1951,0.078125,-1.140625,0.03515625
1952,0.09765625,-1.1484375,0.0390625
1953,0.1171875,-1.1640625,0.0390625
1954,0.1328125,-1.18359375,0.05078125
1955,0.1328125,-1.19921875,0.07421875
1956,0.13671875,-1.1875,0.078125
1957,0.13671875,-1.18359375,0.06640625
1958,0.140625,-1.19921875,0.0703125
1959,0.14453125,-1.18359375,0.078125
1960,0.12890625,-1.1796875,0.0625
1961,0.09765625,-1.1640625,0.05859375
1962,0.09375,-1.1796875,0.04296875
1963,0.0703125,-1.19140625,0.03125
1964,0.05078125,-1.234375,0.01171875
1965,0.046875,-1.27734375,-0.05078125
1966,0.06640625,-1.328125,-0.1328125
1967,0.07421875,-1.3828125,-0.2265625
1968,0.10546875,-1.42578125,-0.328125
1969,0.12890625,-1.47265625,-0.39453125
1970,0.1484375,-1.4765625,-0.43359375
1971,0.18359375,-1.49609375,-0.4140625
1972,0.1796875,-1.46484375,-0.38671875
1973,0.17578125,-1.40625,-0.3125
1974,0.18359375,-1.3046875,-0.296875
1975,0.16015625,-1.2109375,-0.26171875
1976,0.12890625,-1.09765625,-0.24609375
1977,0.09375,-1.00390625,-0.21875
1978,0.04296875,-0.89453125,-0.2109375
1979,0.01953125,-0.83984375,-0.20703125
1980,-0.015625,-0.76953125,-0.203125
1981,-0.06640625,-0.71484375,-0.21484375
1982,-0.09375,-0.65234375,-0.23046875
1983,-0.1328125,-0.609375,-0.234375
1984,-0.171875,-0.5859375,-0.25
1985,-0.19921875,-0.55859375,-0.25390625
1986,-0.22265625,-0.54296875,-0.27734375
1987,-0.234375,-0.5234375,-0.2890625
1988,-0.23828125,-0.52734375,-0.3203125
1989,-0.234375,-0.5625,-0.328125
1990,-0.1953125,-0.6015625,-0.359375
1991,-0.1640625,-0.66015625,-0.359375
1992,-0.12890625,-0.74609375,-0.3515625
1993,-0.1015625,-0.8203125,-0.3203125
1994,-0.08203125,-0.8828125,-0.29296875
1995,-0.05078125,-0.9765625,-0.28125
1996,-0.03125,-1.04296875,-0.28125
1997,-0.02734375,-1.1015625,-0.2421875
1998,-0.015625,-1.15234375,-0.23046875
1999,-0.00390625,-1.1875,-0.234375
2000,0.0078125,-1.1875,-0.234375
2001,0.015625,-1.17578125,-0.24609375
2002,0.00390625,-1.140625,-0.2578125
2003,0.0,-1.078125,-0.296875
2004,0.015625,-1.01953125,-0.296875
2005,0.0078125,-0.96875,-0.29296875
2006,0.00390625,-0.953125,-0.30078125
2007,0.01171875,-0.93359375,-0.26171875
2008,0.0078125,-0.94921875,-0.234375
2009,0.00390625,-0.97265625,-0.2109375
2010,0.0078125,-0.98046875,-0.19921875
2011,0.015625,-1.0078125,-0.16796875
2012,0.0078125,-1.01953125,-0.1796875
2013,0.01171875,-1.02734375,-0.1796875
2014,0.0,-1.02734375,-0.17578125
2015,0.0,-1.02734375,-0.18359375
2016,-0.0078125,-1.03125,-0.1875
2017,-0.01171875,-1.01953125,-0.1953125
2018,-0.01171875,-1.01953125,-0.203125
2019,-0.03125,-1.01171875,-0.1875
2020,-0.03125,-1.015625,-0.20703125
2021,-0.02734375,-1.0078125,-0.1953125
2022,-0.046875,-0.984375,-0.1875
2023,-0.04296875,-0.96875,-0.1875
2024,-0.05078125,-0.94140625,-0.18359375
2025,-0.0546875,-0.93359375,-0.17578125
2026,-0.07421875,-0.90625,-0.1953125
2027,-0.0859375,-0.8984375,-0.17578125
2028,-0.1015625,-0.875,-0.1640625
2029,-0.09765625,-0.86328125,-0.1640625
2030,-0.10546875,-0.84765625,-0.16015625
2031,-0.09765625,-0.8515625,-0.171875
2032,-0.10546875,-0.84375,-0.1640625
2033,-0.09765625,-0.87109375,-0.16796875
2034,-0.10546875,-0.859375,-0.1640625
2035,-0.1015625,-0.87890625,-0.17578125
2036,-0.14453125,-0.875,-0.16015625
2037,-0.13671875,-0.87890625,-0.15234375
2038,-0.11328125,-0.890625,-0.17578125
2039,-0.12109375,-0.90625,-0.16015625
2040,-0.125,-0.9140625,-0.13671875
2041,-0.125,-0.92578125,-0.140625
2042,-0.09765625,-0.92578125,-0.12109375
2043,-0.08984375,-0.95703125,-0.1171875
2044,-0.078125,-0.96484375,-0.109375
2045,-0.0703125,-0.96484375,-0.08984375
2046,-0.05078125,-0.96484375,-0.08203125
2047,-0.05078125,-0.96875,-0.078125
2048,-0.04296875,-0.9609375,-0.09765625
2049,-0.046875,-0.9609375,-0.09765625
2050,-0.046875,-0.9609375,-0.08203125
2051,-0.04296875,-0.95703125,-0.09765625
2052,-0.046875,-0.95703125,-0.08203125
2053,-0.046875,-0.98046875,-0.0703125
2054,-0.046875,-0.984375,-0.078125
2055,-0.05859375,-0.9921875,-0.0625
2056,-0.0546875,-0.98828125,-0.046875
2057,-0.06640625,-1.00390625,-0.03515625
2058,-0.06640625,-1.0078125,-0.02734375
2059,-0.078125,-1.00390625,-0.0078125
2060,-0.07421875,-1.00390625,-0.0078125
2061,-0.08984375,-1.0,-0.01953125
2062,-0.078125,-1.0,0.015625
2063,-0.0859375,-1.00390625,0.00390625
2064,-0.0703125,-1.00390625,-0.0078125
2065,-0.0546875,-0.98828125,0.015625
2066,-0.07421875,-0.96484375,0.03515625
2067,-0.0625,-0.96484375,0.03515625
2068,-0.0625,-0.9453125,0.03515625
2069,-0.07421875,-0.92578125,0.03515625
2070,-0.078125,-0.9140625,0.04296875
2071,-0.07421875,-0.8984375,0.0390625
2072,-0.08984375,-0.89453125,0.02734375
2073,-0.1015625,-0.875,0.01953125
2074,-0.09765625,-0.8828125,-0.0078125
2075,-0.109375,-0.890625,0.0
2076,-0.1171875,-0.90625,0.0078125
2077,-0.1171875,-0.93359375,0.03125
2078,-0.1171875,-0.9609375,0.015625
2079,-0.125,-0.984375,0.0234375
2080,-0.12109375,-1.01171875,0.01953125
2081,-0.1328125,-1.01953125,0.015625
2082,-0.13671875,-1.0234375,0.0
2083,-0.15234375,-1.03125,-0.01171875
2084,-0.14453125,-1.0546875,-0.01953125
2085,-0.1484375,-1.05859375,-0.01953125
2086,-0.1484375,-1.06640625,0.0
2087,-0.140625,-1.07421875,-0.00390625
2088,-0.13671875,-1.06640625,0.015625
2089,-0.13671875,-1.0703125,0.03125
2090,-0.1171875,-1.07421875,0.04296875
2091,-0.109375,-1.0703125,0.0703125
2092,-0.09375,-1.046875,0.06640625
2093,-0.0625,-1.046875,0.08984375
2094,-0.046875,-1.0390625,0.10546875
2095,-0.05859375,-1.0234375,0.109375
2096,-0.046875,-1.015625,0.14453125
2097,-0.046875,-1.015625,0.1484375
2098,-0.046875,-1.015625,0.171875
2099,-0.0390625,-1.0078125,0.16015625
2100,-0.03125,-1.0,0.140625
2101,-0.0078125,-1.00390625,0.13671875
2102,-0.03125,-1.0078125,0.12890625
2103,0.01171875,-1.04296875,0.109375
2104,-0.00390625,-1.0859375,0.09765625
2105,-0.00390625,-1.16796875,0.05078125
2106,-0.0078125,-1.23828125,-0.0078125
2107,-0.015625,-1.3125,-0.08984375
2108,-0.0625,-1.3828125,-0.1796875
2109,-0.10546875,-1.43359375,-0.2421875
2110,-0.15625,-1.48828125,-0.3125
2111,-0.17578125,-1.51171875,-0.3359375
2112,-0.1796875,-1.5390625,-0.359375
2113,-0.15625,-1.515625,-0.34765625
2114,-0.12109375,-1.46875,-0.33984375
2115,-0.1015625,-1.375,-0.33203125
2116,-0.04296875,-1.26171875,-0.359375
2117,-0.0078125,-1.13671875,-0.37109375
2118,0.02734375,-1.0234375,-0.3671875
2119,0.05078125,-0.953125,-0.375
2120,0.08984375,-0.83984375,-0.38671875
2121,0.1015625,-0.75390625,-0.4140625
2122,0.125,-0.6953125,-0.421875
2123,0.1328125,-0.65625,-0.44140625
2124,0.140625,-0.6640625,-0.41796875
2125,0.1328125,-0.69921875,-0.390625
2126,0.12890625,-0.73046875,-0.37890625
2127,0.10546875,-0.77734375,-0.37890625
2128,0.07421875,-0.80078125,-0.36328125
2129,0.0234375,-0.83984375,-0.35546875
2130,-0.01171875,-0.859375,-0.35546875
2131,-0.0390625,-0.87890625,-0.3515625
2132,-0.0546875,-0.91015625,-0.3359375
2133,-0.10546875,-0.91015625,-0.3359375
2134,-0.140625,-0.9140625,-0.30859375
2135,-0.16796875,-0.921875,-0.30859375
2136,-0.1953125,-0.9453125,-0.27734375
2137,-0.1953125,-0.95703125,-0.2734375
2138,-0.20703125,-0.95703125,-0.26171875
2139,-0.19921875,-0.9765625,-0.2578125
2140,-0.19140625,-0.953125,-0.23046875
2141,-0.15625,-0.97265625,-0.22265625
2142,-0.1328125,-0.96484375,-0.20703125
2143,-0.11328125,-0.9765625,-0.203125
2144,-0.09765625,-0.9921875,-0.203125
2145,-0.07421875,-0.99609375,-0.18359375
2146,-0.046875,-1.01171875,-0.171875
2147,-0.04296875,-1.03125,-0.171875
2148,-0.01953125,-1.046875,-0.18359375
2149,-0.01953125,-1.03515625,-0.171875
2150,-0.01171875,-1.04296875,-0.171875
2151,0.01953125,-1.0234375,-0.1796875
2152,0.04296875,-0.99609375,-0.1875
2153,0.05859375,-0.99609375,-0.1953125
2154,0.06640625,-0.97265625,-0.18359375
2155,0.07421875,-0.9609375,-0.1796875
2156,0.078125,-0.94921875,-0.1640625
2157,0.0703125,-0.93359375,-0.16015625
2158,0.06640625,-0.921875,-0.13671875
2159,0.05859375,-0.921875,-0.1171875
2160,0.05859375,-0.9140625,-0.1328125
2161,0.0625,-0.921875,-0.125
2162,0.05859375,-0.9296875,-0.1171875
2163,0.046875,-0.92578125,-0.125
2164,0.0390625,-0.9296875,-0.12109375
2165,0.03125,-0.9296875,-0.1015625
2166,0.046875,-0.9453125,-0.1015625
2167,0.046875,-0.94921875,-0.0859375
2168,0.0390625,-0.953125,-0.078125
2169,0.03125,-0.95703125,-0.0703125
2170,0.01953125,-0.94921875,-0.0703125
2171,0.01953125,-0.94921875,-0.07421875
2172,0.015625,-0.94921875,-0.05078125
2173,0.01171875,-0.9453125,-0.0703125
2174,-0.01171875,-0.92578125,-0.0703125
2175,-0.00390625,-0.921875,-0.06640625
2176,0.00390625,-0.88671875,-0.09375
2177,-0.00390625,-0.88671875,-0.109375
2178,0.01171875,-0.88671875,-0.10546875
2179,0.0,-0.87890625,-0.09765625
2180,-0.00390625,-0.88671875,-0.09765625
2181,-0.0078125,-0.89453125,-0.09375
2182,-0.0078125,-0.90234375,-0.05859375
2183,0.0,-0.9140625,-0.08203125
2184,-0.01171875,-0.93359375,-0.04296875
2185,-0.01171875,-0.9453125,-0.046875
2186,0.01171875,-0.96875,-0.0546875
2187,0.01171875,-0.9765625,-0.046875
2188,0.0234375,-0.99609375,-0.04296875
2189,0.0234375,-0.98828125,-0.046875
2190,0.03515625,-0.99609375,-0.03515625
2191,0.0390625,-0.98046875,-0.04296875
2192,0.04296875,-0.984375,-0.03125
2193,0.05859375,-0.96875,-0.015625
2194,0.07421875,-0.96484375,0.00390625
2195,0.08203125,-0.9453125,0.0078125
2196,0.08203125,-0.94140625,0.01171875
2197,0.08984375,-0.93359375,0.015625
2198,0.0859375,-0.9140625,0.02734375
2199,0.09375,-0.90625,0.0390625
2200,0.09375,-0.91015625,0.02734375
2201,0.0859375,-0.9140625,0.05078125
2202,0.10546875,-0.921875,0.046875
2203,0.09375,-0.9296875,0.05859375
2204,0.1015625,-0.9453125,0.0546875
2205,0.10546875,-0.9609375,0.05078125
2206,0.109375,-0.96875,0.03515625
2207,0.1015625,-0.97265625,0.046875
2208,0.08984375,-0.98828125,0.02734375
2209,0.09765625,-1.015625,0.04296875
2210,0.09375,-1.01953125,0.03125
2211,0.1015625,-1.046875,0.03125
2212,0.109375,-1.0546875,0.01953125
2213,0.08984375,-1.06640625,0.0
2214,0.0859375,-1.0625,0.01953125
2215,0.06640625,-1.07421875,0.01171875
2216,0.0546875,-1.08203125,0.03125
2217,0.02734375,-1.0703125,0.0390625
2218,0.0,-1.08203125,0.07421875
2219,-0.01953125,-1.078125,0.09765625
2220,-0.03125,-1.05859375,0.1015625
2221,-0.0390625,-1.05078125,0.11328125
2222,-0.046875,-1.0390625,0.1171875
2223,-0.05859375,-1.03515625,0.1171875
2224,-0.06640625,-1.0234375,0.11328125
2225,-0.0546875,-1.01171875,0.12109375
2226,-0.078125,-1.01171875,0.12109375
2227,-0.07421875,-1.015625,0.12890625
2228,-0.0703125,-1.01171875,0.15234375
2229,-0.0546875,-1.015625,0.15625
2230,-0.0625,-1.01953125,0.1640625
2231,-0.0625,-1.01953125,0.15234375
2232,-0.05859375,-1.0390625,0.16015625
2233,-0.05078125,-1.08984375,0.125
2234,-0.04296875,-1.15625,0.09765625
2235,-0.03515625,-1.2109375,0.078125
2236,-0.01953125,-1.30859375,0.0390625
2237,-0.0078125,-1.39453125,-0.0390625
2238,0.02734375,-1.48828125,-0.1484375
2239,0.07421875,-1.55859375,-0.25
2240,0.140625,-1.6015625,-0.3359375
2241,0.19921875,-1.62109375,-0.3984375
2242,0.24609375,-1.6171875,-0.40234375
2243,0.265625,-1.578125,-0.390625
2244,0.2734375,-1.49609375,-0.35546875
2245,0.265625,-1.37890625,-0.33984375
2246,0.23828125,-1.265625,-0.30078125
2247,0.21484375,-1.1484375,-0.265625
2248,0.1875,-1.03125,-0.2578125
2249,0.13671875,-0.92578125,-0.234375
2250,0.09765625,-0.83984375,-0.24609375
2251,0.02734375,-0.75390625,-0.2734375
2252,-0.03515625,-0.6640625,-0.2734375
2253,-0.05859375,-0.58984375,-0.3125
2254,-0.1171875,-0.53515625,-0.33984375
2255,-0.16015625,-0.51171875,-0.359375
2256,-0.19140625,-0.5078125,-0.37890625
2257,-0.20703125,-0.546875,-0.37890625
2258,-0.21484375,-0.57421875,-0.38671875
2259,-0.1796875,-0.625,-0.37109375
2260,-0.1484375,-0.6953125,-0.359375
2261,-0.11328125,-0.76171875,-0.34375
2262,-0.046875,-0.84765625,-0.30078125
2263,-0.0078125,-0.92578125,-0.2890625
2264,0.02734375,-0.99609375,-0.2578125
2265,0.08203125,-1.0546875,-0.22265625
2266,0.1171875,-1.08984375,-0.21484375
2267,0.15625,-1.1328125,-0.20703125
2268,0.1796875,-1.13671875,-0.21875
2269,0.19921875,-1.12890625,-0.2109375
2270,0.1953125,-1.09375,-0.20703125
2271,0.1875,-1.04296875,-0.21875
2272,0.19140625,-0.99609375,-0.23046875
2273,0.1796875,-0.9375,-0.25
2274,0.15234375,-0.88671875,-0.25390625
2275,0.1328125,-0.8515625,-0.25390625
2276,0.11328125,-0.83984375,-0.21875
2277,0.078125,-0.86328125,-0.2109375
2278,0.0703125,-0.9140625,-0.1796875
2279,0.046875,-0.94921875,-0.1640625
2280,0.0390625,-1.0078125,-0.140625
2281,0.03125,-1.046875,-0.1328125
2282,0.02734375,-1.09375,-0.14453125
2283,0.01171875,-1.125,-0.13671875
2284,0.0,-1.12890625,-0.1640625
2285,0.0,-1.15234375,-0.1328125
2286,-0.0078125,-1.14453125,-0.16796875
2287,-0.0078125,-1.12890625,-0.171875
2288,-0.01171875,-1.09375,-0.16015625
2289,-0.01953125,-1.0625,-0.1484375
2290,-0.01953125,-1.03515625,-0.125
2291,-0.02734375,-1.01171875,-0.125
2292,-0.01953125,-0.98828125,-0.12109375
2293,-0.015625,-0.95703125,-0.1171875
2294,-0.015625,-0.92578125,-0.109375
2295,-0.01953125,-0.89453125,-0.11328125
2296,-0.0234375,-0.86328125,-0.12890625
2297,-0.015625,-0.8515625,-0.125
2298,-0.0390625,-0.80859375,-0.10546875
2299,-0.046875,-0.80078125,-0.125
2300,-0.046875,-0.8046875,-0.1171875
2301,-0.0390625,-0.80859375,-0.12109375
2302,-0.04296875,-0.80859375,-0.11328125
2303,-0.05078125,-0.83984375,-0.09765625
2304,-0.06640625,-0.85546875,-0.0859375
2305,-0.06640625,-0.87890625,-0.109375
2306,-0.09375,-0.890625,-0.1015625
2307,-0.09765625,-0.8984375,-0.1015625
2308,-0.1171875,-0.91015625,-0.09765625
2309,-0.1171875,-0.94140625,-0.1015625
2310,-0.140625,-0.92578125,-0.1171875
2311,-0.12109375,-0.9453125,-0.09375
2312,-0.140625,-0.94140625,-0.109375
2313,-0.12890625,-0.94921875,-0.10546875
2314,-0.1328125,-0.94140625,-0.09765625
2315,-0.1328125,-0.9453125,-0.09375
2316,-0.12890625,-0.9453125,-0.109375
2317,-0.12890625,-0.93359375,-0.09375
2318,-0.109375,-0.9609375,-0.08203125
2319,-0.11328125,-0.95703125,-0.078125
2320,-0.109375,-0.9609375,-0.05859375
2321,-0.09375,-0.98828125,-0.046875
2322,-0.1015625,-0.98828125,-0.04296875
2323,-0.08984375,-1.0,-0.04296875
2324,-0.09375,-1.01171875,-0.01953125
2325,-0.09375,-1.015625,-0.0234375
2326,-0.08203125,-1.015625,-0.00390625
2327,-0.078125,-1.015625,-0.00390625
2328,-0.06640625,-1.01171875,0.00390625
2329,-0.0625,-0.9921875,0.0
2330,-0.05078125,-0.97265625,0.03125
2331,-0.046875,-0.9609375,0.02734375
2332,-0.0546875,-0.96484375,0.03515625
2333,-0.0546875,-0.93359375,0.03125
2334,-0.0390625,-0.921875,0.0390625
2335,-0.04296875,-0.92578125,0.05078125
2336,-0.046875,-0.921875,0.03125
2337,-0.0390625,-0.9296875,0.0625
2338,-0.046875,-0.921875,0.05078125
2339,-0.046875,-0.9453125,0.0546875
2340,-0.046875,-0.953125,0.08203125
2341,-0.046875,-0.9453125,0.046875
2342,-0.046875,-0.9609375,0.05859375
2343,-0.05859375,-0.9609375,0.05078125
2344,-0.078125,-0.96484375,0.0390625
2345,-0.08203125,-0.97265625,0.03515625
2346,-0.09375,-0.9765625,0.03125
2347,-0.08984375,-0.99609375,0.03125
2348,-0.1015625,-1.0,0.0390625
2349,-0.1015625,-1.0078125,0.03125
2350,-0.109375,-1.01171875,0.03125
2351,-0.1171875,-1.015625,0.03125
2352,-0.1171875,-1.03125,0.03125
2353,-0.13671875,-1.02734375,0.03125
2354,-0.13671875,-1.046875,0.01953125
2355,-0.14453125,-1.03515625,0.02734375
2356,-0.15234375,-1.05859375,0.03125
2357,-0.16796875,-1.05859375,0.03125
2358,-0.16796875,-1.0703125,0.03515625
2359,-0.16796875,-1.09375,0.04296875
2360,-0.16015625,-1.09375,0.05859375
2361,-0.16015625,-1.09375,0.046875
2362,-0.16015625,-1.10546875,0.078125
2363,-0.15234375,-1.08203125,0.0625
2364,-0.1328125,-1.0703125,0.046875
2365,-0.1171875,-1.0546875,0.04296875
2366,-0.0859375,-1.06640625,0.03125
2367,-0.09375,-1.0546875,0.0234375
2368,-0.0859375,-1.08203125,-0.00390625
2369,-0.07421875,-1.11328125,-0.046875
2370,-0.07421875,-1.16796875,-0.078125
2371,-0.078125,-1.20703125,-0.12109375
2372,-0.07421875,-1.26171875,-0.15625
2373,-0.078125,-1.30859375,-0.17578125
2374,-0.06640625,-1.3515625,-0.18359375
2375,-0.0859375,-1.375,-0.15625
2376,-0.08203125,-1.40234375,-0.1328125
2377,-0.0703125,-1.40234375,-0.08984375
2378,-0.0390625,-1.37890625,-0.0703125
2379,-0.0078125,-1.34375,-0.0546875
2380,0.03515625,-1.2890625,-0.0390625
2381,0.1015625,-1.2421875,-0.03515625
2382,0.1328125,-1.19921875,-0.0390625
2383,0.1640625,-1.12890625,-0.06640625
2384,0.18359375,-1.046875,-0.1015625
2385,0.19140625,-0.96484375,-0.16796875
2386,0.1796875,-0.88671875,-0.2109375
2387,0.17578125,-0.8203125,-0.265625
2388,0.1328125,-0.765625,-0.33203125
2389,0.07421875,-0.7265625,-0.33984375
2390,0.04296875,-0.7265625,-0.35546875
2391,-0.00390625,-0.70703125,-0.34765625
2392,-0.04296875,-0.71484375,-0.3359375
2393,-0.05859375,-0.71875,-0.3359375
2394,-0.07421875,-0.73828125,-0.32421875
2395,-0.08203125,-0.765625,-0.3203125
2396,-0.07421875,-0.7890625,-0.3046875
2397,-0.05859375,-0.8203125,-0.3046875
2398,-0.046875,-0.83984375,-0.2890625
2399,-0.0390625,-0.8515625,-0.28125
